# |k| S11(k) S12(k) S21(k) S22(k)	 TypeMap: {'P': 1, 'PA': 2}
0.03510046586324945 0.7779893060210618 -0.2827833848416297 -0.2827833848416297 0.10891349078166923
0.04963955486942122 1.121578172458253 -0.4012826603656524 -0.4012826603656524 0.15193877862300867
0.06079579024448502 1.61255119374551 -0.5953370715353238 -0.5953370715353238 0.22582063912432662
0.0702009317264989 2.0782576041452705 -0.8411211855855767 -0.8411211855855767 0.3471895270893188
0.0784870277121366 2.7877474944693783 -1.0876409787650232 -1.0876409787650232 0.43323453444377646
0.08597823109894062 2.743274447484097 -1.077166747478733 -1.077166747478733 0.43073496425951907
0.09927910973884244 3.1732429032552862 -1.2745395507578663 -1.2745395507578663 0.5172526786439599
0.10530139758974834 3.229048264368193 -1.3494231557072804 -1.3494231557072804 0.5718247781220381
0.11099741906085654 3.3588353266863997 -1.4181097122280442 -1.4181097122280442 0.6120972414653931
0.11641507523507656 5.035100541238134 -2.1152167740093413 -2.1152167740093413 0.89933634308165
0.12159158048897004 2.972497297001383 -1.263158066059539 -1.263158066059539 0.550536186106874
0.12655652946261928 2.7287717155324374 -1.1338624510315662 -1.1338624510315662 0.4807802876654152
0.13133391737643388 3.1793359101683105 -1.4021640741395607 -1.4021640741395607 0.6307984004908659
0.1404018634529978 1.7980931355303438 -0.7739908986133439 -0.7739908986133439 0.35226765984768255
0.14472292826256444 3.4469584207796506 -1.5755008384429325 -1.5755008384429325 0.7324118245175396
0.14891866460826364 4.331941407132639 -1.9362845316749946 -1.9362845316749946 0.8814393161584856
0.1529993835691035 3.1150621154037665 -1.5219960456000996 -1.5219960456000996 0.7566715877037737
0.1569740554242732 3.642342756119669 -1.6932887679730517 -1.6932887679730517 0.802756049063603
0.16085054174655408 2.800886907108543 -1.3196402627905939 -1.3196402627905939 0.6385717639288306
0.16463577826212952 5.243318935672668 -2.4399063194295088 -2.4399063194295088 1.1488518796207612
0.17195646219788124 4.763195261954873 -2.2508553434554104 -2.2508553434554104 1.089658931633742
0.17550232931624724 2.4184778790641355 -1.2059790955210539 -1.2059790955210539 0.6373814636710567
0.17897796037290634 4.614974334408625 -2.1559341851656457 -2.1559341851656457 1.0260488555555556
0.18238737073345504 3.597884719047483 -1.7643291103044587 -1.7643291103044587 0.8880205465336035
0.18902179348079695 5.422291653499556 -2.7796448343130753 -2.7796448343130753 1.449239465142739
0.19225316932241765 3.211083288649467 -1.7693677703447832 -1.7693677703447832 0.9898438848193982
0.19855821947768487 4.709120232958792 -2.591156776667685 -2.591156776667685 1.4393111074572016
0.20163682507410596 1.9171067968019393 -0.9749680290819375 -0.9749680290819375 0.5247363531739274
0.20466912793526715 4.879528730671091 -2.6547932982283364 -2.6547932982283364 1.4642994037185322
0.20765715647094826 4.086899038287841 -2.2128227620552816 -2.2128227620552816 1.2210416256240761
0.21060279517949668 4.433558140724523 -2.5224439830255188 -2.5224439830255188 1.4556637375496508
0.21637380327814942 4.447164153279978 -2.470918405676984 -2.470918405676984 1.4078139982353173
0.22475264371415685 2.109212536765001 -1.2424232311168326 -1.2424232311168326 0.7584558397960413
0.2274770176530365 2.9263795272281423 -1.732702074972466 -1.732702074972466 1.0654354453385306
0.2301691470726192 3.404468556200518 -2.1225547089536123 -2.1225547089536123 1.349410036996518
0.23283015047015315 4.032641771025516 -2.694916207271467 -2.694916207271467 1.8549661251492329
0.23546108313640982 3.2038121351501694 -1.9388216988314002 -1.9388216988314002 1.2121206864697383
0.2380629420459817 4.589455464845535 -2.9773255197474655 -2.9773255197474655 1.9783877633056044
0.24570326104274615 4.308908391554426 -2.8290040017840585 -2.8290040017840585 1.9113930309894527
0.24819777434710608 3.179817320596772 -2.0637349362111914 -2.0637349362111914 1.3947883138941697
0.25066746477090746 3.411135131347376 -2.394273932601274 -2.394273932601274 1.7302394054995345
0.25311305892523855 4.847686958814609 -3.445299323812068 -3.445299323812068 2.50130059324495
0.25553524864939553 2.9797781824788427 -1.9884607160234642 -1.9884607160234642 1.3829184935749756
0.25793469329682184 2.825567368033778 -1.9033349232235643 -1.9033349232235643 1.3488957925826166
0.26266783475286776 5.236197793184362 -3.669139908858689 -3.669139908858689 2.63484722752624
0.26500270586840613 1.7147364716008004 -1.2253109343556141 -1.2253109343556141 0.9211646488381621
0.2696117941137057 1.7851565696107776 -1.2695688743578155 -1.2695688743578155 0.9586745345784778
0.2741434021326166 0.801876393103141 -0.6310226164072222 -0.6310226164072222 0.6201856752906879
0.27638134458870894 1.885018128811969 -1.4209592314083808 -1.4209592314083808 1.14822284627485
0.2808037269059956 1.4877101876678382 -1.1796240507675897 -1.1796240507675897 1.047182771554897
0.2829890028748716 2.0982860716092793 -1.6331437584607784 -1.6331437584607784 1.358310265297477
0.285157532693652 1.967022186575312 -1.6262109895689942 -1.6262109895689942 1.4312350524864408
0.2894458565251289 1.4875315108066414 -1.0848237491376331 -1.0848237491376331 0.840070077523583
0.29156636733920915 1.4249135386585206 -1.052145959732294 -1.052145959732294 0.9034372039486985
0.293671567005047 0.5561680825248777 -0.3736651701204125 -0.3736651701204125 0.5189890923968652
0.29783732921652734 0.7687112653531282 -0.5849446107905214 -0.5849446107905214 0.55101481613594
0.29989851179799343 1.0659721439236103 -0.8354925078531674 -0.8354925078531674 0.8159153402049238
0.3019456243803979 1.8566653277735865 -1.6884618066887236 -1.6884618066887236 1.6056260267315812
0.3039789512224251 2.47277873752342 -2.117692231113041 -2.117692231113041 1.9198937056708154
0.305998767138207 2.150896717287127 -1.907108615560009 -1.907108615560009 1.8139512774922484
0.3080053379308868 1.2136349325904334 -0.9761103537452301 -0.9761103537452301 0.8834458038026136
0.30999892080092295 0.7140519190905558 -0.6138627707855243 -0.6138627707855243 0.6895323790020716
0.31590419276924503 1.1645502956747835 -1.1183022921313608 -1.1183022921313608 1.1844403377895514
0.31978046284415595 0.7203990188682252 -0.6233642810309664 -0.6233642810309664 0.7903449075445149
0.32361030549791964 0.9523914031591907 -0.7349684132450076 -0.7349684132450076 0.6873935068633287
0.3255083294299457 0.9425136469993165 -0.7625024307552802 -0.7625024307552802 0.820651473762651
0.3311371326802922 0.8837962396851484 -0.7277018372622565 -0.7277018372622565 0.8105532361018578
0.3329922571825696 1.0173725124173947 -0.8931879780246654 -0.8931879780246654 0.9872423832115422
0.3348371037495094 0.8181298690986518 -0.6497777415119976 -0.6497777415119976 0.797563243799166
0.3403116427024076 0.5116451022653615 -0.7260035286609974 -0.7260035286609974 1.21387799146204
0.3439129243957625 0.4585741277568732 -0.3785099276217057 -0.3785099276217057 0.4749726238829184
0.3456994970639422 0.940089847270935 -1.0917592338757072 -1.0917592338757072 1.5516098938906535
0.3474768840859485 0.6715836979144083 -0.39697119056976066 -0.39697119056976066 0.39441064488020966
0.3492452257052297 0.7406364387986059 -0.40559004742443105 -0.40559004742443105 0.5920890372147477
0.35275531616905664 0.6890279551961106 -0.4869329240751047 -0.4869329240751047 0.6928059647616707
0.3544973283246973 0.9317922166377275 -0.6654513797216121 -0.6654513797216121 0.7236361523002425
0.3579559207458127 0.7186679960123176 -0.5118372517603138 -0.5118372517603138 0.6371570496950697
0.35967274556296264 0.618726762216514 -0.4792227830431842 -0.4792227830431842 0.644827191238502
0.36138141430435633 0.5002883886455989 -0.4836512068998938 -0.4836512068998938 0.8541953390484393
0.3630820421178028 0.19208465402452438 -0.13032647160001196 -0.13032647160001196 0.24106160529881077
0.3647747414669101 0.668943450213367 -0.5980117742275345 -0.5980117742275345 1.161092063900168
0.3664596222178758 0.7415176897417259 -0.5160138535124104 -0.5160138535124104 0.7061946238754697
0.36813679172270375 0.783950952230872 -0.5890354078394423 -0.5890354078394423 0.8041891570691616
0.3731230702212566 0.594075235237902 -0.40501504962549095 -0.40501504962549095 0.5127754870836978
0.3764105616729837 0.507221780031616 -0.3446088954275546 -0.3446088954275546 0.7500163657625443
0.3780435869615939 0.6429461785617017 -0.49936249311155745 -0.49936249311155745 0.6031726519434613
0.3796695883878578 0.5410673746416165 -0.3723894929027799 -0.3723894929027799 0.7439928142212461
0.3845063386448353 0.7996895826573537 -0.5716551835348013 -0.5716551835348013 0.8204404515573964
0.38610512449574397 0.25673074051191713 -0.18971096631087517 -0.18971096631087517 0.742665325006312
0.3876973173310476 0.49925134732195436 -0.4668290427116869 -0.4668290427116869 0.8581952806221141
0.392435138560683 0.4969598086447504 -0.2985915543461695 -0.2985915543461695 0.7116976999301176
0.3940017521293016 0.3773548193610601 -0.32214052429459045 -0.32214052429459045 0.8075760587425042
0.39711643895536974 0.5858738970213162 -0.3730008663600743 -0.3730008663600743 1.0459219463110891
0.39866465706456977 0.3218498956098675 -0.11003278717479295 -0.11003278717479295 0.46863913930810897
0.40020688586808223 0.6850523756277029 -0.34909445629367103 -0.34909445629367103 0.7815271286326372
0.4017431943419145 0.5078029676104548 -0.2885321438348609 -0.2885321438348609 0.3943084203927881
0.4032736501482119 0.7076494620133666 -0.86090153935818 -0.86090153935818 1.4200845093368986
0.40479831967002977 0.402314082606454 -0.20502411387420497 -0.20502411387420497 0.3903962643410004
0.4063172680449315 0.5790052323006012 -0.2905957884431281 -0.2905957884431281 0.6261128622947324
0.41084041965579304 0.4427223149536474 -0.20212614574403864 -0.20212614574403864 0.45736468850418077
0.4123371110229654 0.5832765452554691 -0.3292553565067433 -0.3292553565067433 0.640012097628688
0.4138283893482689 0.8803655326590805 -0.3631028990968246 -0.3631028990968246 1.1951977964157783
0.4167949390746206 0.5281468653315117 -0.0980358409014379 -0.0980358409014379 0.9052529730780714
0.418270324003549 0.27304209460241957 -0.10889837819104482 -0.10889837819104482 0.2704999983891657
0.4212055903589934 1.3605175278374888 -0.5302365622516767 -0.5302365622516767 0.7004406021146196
0.42266557945198857 0.604738116874041 -0.23335666915272077 -0.23335666915272077 0.6359044458637536
0.4241205427202299 0.703768369569481 -0.22003372955702089 -0.22003372955702089 0.6733857179307949
0.42557053171139514 0.5577709635113146 -0.15934678885239068 -0.15934678885239068 0.3662812574774878
0.4284557886979167 0.6174586288255671 -0.19200895824616832 -0.19200895824616832 0.5513119438295025
0.43416878478769333 0.42492353914187714 -0.23464855949786992 -0.23464855949786992 0.6850029607876722
0.4369972758400865 0.5861560834040598 0.008172876674995208 0.008172876674995208 0.5280808147690002
0.4398075766733572 0.2561245112745455 -0.050722468622062845 -0.050722468622062845 0.3850373366070607
0.4412060144684205 0.7542616531276801 0.0021336774147115555 0.0021336774147115555 0.4641700695330308
0.44537498281174204 0.5998463562209381 0.047563361554664826 0.047563361554664826 0.7696445947362834
0.446755993824791 0.6408025928392197 -0.37816747874047557 -0.37816747874047557 0.7843500776577246
0.4495052874283137 0.5848215676975856 0.03241406153062737 0.03241406153062737 0.8546663632525453
0.450873647632935 0.9016296886134589 -0.18017258069606837 -0.18017258069606837 0.7104692882657485
0.4522378675361509 0.6708736467325445 -0.054260673304692475 -0.054260673304692475 0.5698614776100692
0.45765408295885857 0.6917562550993792 -0.0021832071982416743 -0.0021832071982416743 0.45762969346739085
0.4589981507073105 0.585657607192057 -0.06382314627826259 -0.06382314627826259 0.7182856732283631
0.4616745474469707 0.6107884717404638 0.01760495103846619 0.01760495103846619 0.5089716999890935
0.4630069442936924 0.7637883924214244 -0.11002033966355089 -0.11002033966355089 0.35312542736353436
0.4669813257247379 1.265100875966561 -0.16827355250318374 -0.16827355250318374 1.0439051344776282
0.4696122272505988 0.6833481797657756 -0.393985657302991 -0.393985657302991 1.0092764439398805
0.47222847160130266 0.5715885177060909 0.18940640479942691 0.18940640479942691 1.0108797037118913
0.4735311733082833 0.6266675322743672 0.021536704991732637 0.021536704991732637 0.762903689512592
0.47741795128186254 0.5202933053516781 0.37255975030853034 0.37255975030853034 1.2286264342481532
0.47870653109184547 0.6406576292055155 0.010925300644156286 0.010925300644156286 0.9018875698050629
0.4825516252396622 0.7628042174194479 -0.2795200927591592 -0.2795200927591592 0.6660484500443349
0.483826532680109 0.5143286646709595 0.20324992291644836 0.20324992291644836 0.3778662350490636
0.4876312560087878 0.7910207402307242 -0.16297156782784428 -0.16297156782784428 0.12686212419486156
0.488892917253385 0.492892455052358 0.08485413491305364 0.08485413491305364 0.57602392877227
0.49015133096253266 0.6000434028949707 -0.0258571814199017 -0.0258571814199017 0.24395032212513762
0.49265851525369636 0.6645533801008613 -0.10485460594292809 -0.10485460594292809 0.35075512887477794
0.4976349901958715 0.8505925609717777 0.0002002360874808437 0.0002002360874808437 0.4429846533877931
0.5001046579215989 0.7270073286871129 -0.009399732931781769 -0.009399732931781769 0.4024664269697461
0.5013349295418149 0.4456700964164846 0.5061814010060485 0.5061814010060485 1.1715914109019174
0.5037864597092014 0.9591439334577361 0.07555453428104582 0.07555453428104582 0.7138000019076649
0.5074415484543833 0.8715102916856031 0.12232869377665717 0.12232869377665717 0.6576206148175529
0.5086540747911092 0.5971823704833629 0.19013486431174637 0.19013486431174637 0.47039785475776497
0.5110704972987911 0.739599574783367 0.14419308190487315 0.14419308190487315 0.21146865632394005
0.5122744341786449 1.8026928942681393 -0.059081611806205886 -0.059081611806205886 1.0144490641014121
0.5134755482171162 0.8714064713354422 0.15740124276236003 0.15740124276236003 0.6111563467908263
0.5158693865936437 0.8932068251049815 -0.030001257654890298 -0.030001257654890298 0.16230927748171814
0.5182521678026407 0.8710230503045577 0.02864245739632376 0.02864245739632376 0.5695279847154712
0.5218059385859727 0.9584664918981827 -0.3250030914930984 -0.3250030914930984 0.6662182339425327
0.5229851625499571 1.745568525117178 0.32867827143197803 0.32867827143197803 0.4171830064256145
0.5253356695057355 0.5294975608860396 -0.23193104314921179 -0.23193104314921179 0.9337716825294188
0.5265069879487417 1.3972890868465422 0.252713188396694 0.252713188396694 0.6841093497929966
0.5311664326499982 1.8732840122537577 -0.6170617579460975 -0.6170617579460975 0.8312598737875265
0.5323249213384079 0.9446445359215131 0.14600012627963038 0.14600012627963038 0.4912797253994258
0.5346343678492587 0.6682598674988681 -0.19268010626727464 -0.19268010626727464 0.5462270918738579
0.5357853581327074 1.0093814841378481 -0.15501834946320092 -0.15501834946320092 0.5731004602414662
0.5369338811187191 1.3904179127328988 0.10536437824017449 0.10536437824017449 0.3334100168097679
0.5392235882274115 1.0210403630559712 0.0016174985621821769 0.0016174985621821769 0.5371272053486629
0.5403648034473213 0.9689471077320227 -0.16131559912644922 -0.16131559912644922 0.3076115458518805
0.5460351035636334 0.7036565025680325 0.1791585560883578 0.1791585560883578 0.8508785691214275
0.5471621122003651 1.2154875174140647 0.23096701061165315 0.23096701061165315 0.6732355627807158
0.5482868042652332 2.5393035740361007 0.39807236867050844 0.39807236867050844 0.8293501076024978
0.5494091939849562 0.5274013845832595 0.358357834538858 0.358357834538858 0.9056892609538819
0.5505292954412294 1.5333920676763315 -0.08128122039031621 -0.08128122039031621 0.36360605380215616
0.5527626891774179 1.517167055720196 0.0877445564732581 0.0877445564732581 0.34585595831900134
0.5538760089139696 1.3156513398935723 -0.06818243899695786 -0.06818243899695786 0.4504210104330494
0.5549870953042827 0.6278291767670163 -0.0007868526415084307 -0.0007868526415084307 0.4166967726126463
0.5560959617351146 0.9840244887126042 0.21091453111737415 0.21091453111737415 0.3676405443814218
0.5594093731513207 1.3408301540250565 -0.06850447725418873 -0.06850447725418873 0.49950114730900413
0.5648885379334929 1.3350675556402507 0.11006648104860955 0.11006648104860955 0.558837768404939
0.5659780057497432 1.1119994626527492 -0.19075387848317463 -0.19075387848317463 0.29028925472362627
0.5670653804423909 1.2549949066226287 -0.08279791451754609 -0.08279791451754609 0.4378477706100951
0.570315065387304 1.0840318280940464 0.21090618482618315 0.21090618482618315 0.4297802114635725
0.5724712737031956 0.848033560041181 -0.2124883206384409 -0.2124883206384409 0.4319263921093301
0.5735463380749426 1.0463010969300754 0.138861033153461 0.138861033153461 0.31266397063881923
0.5746193910955264 0.4033191213794308 0.06139349562168046 0.06139349562168046 0.6832527069659062
0.5756904440120668 1.4453054685598574 -0.024308082620169005 -0.024308082620169005 0.3991830963413165
0.576759507967253 0.9410323720563288 -0.24497645058041972 -0.24497645058041972 0.6338487753959524
0.5799548759533617 2.4658383126752454 0.3012972159897084 0.3012972159897084 1.0546158519484685
0.5841881794057012 1.058441254347363 -0.11191620249545153 -0.11191620249545153 0.5305028105919578
0.5852417207113356 0.7171552563538971 0.16950330852953374 0.16950330852953374 0.27240978253858933
0.5883910262509247 0.9935585072089929 -0.017475694857486488 -0.017475694857486488 0.34228681092190916
0.5894370555677964 0.9314416338954499 -0.07578101221098735 -0.07578101221098735 0.19462903985184082
0.590481231861141 1.8154159803301708 0.09089033981895366 0.09089033981895366 0.28880797809687886
0.5925640645431386 0.8884576016197545 0.12711438028084732 0.12711438028084732 0.4753366382650693
0.5967079196752406 1.0233510073477368 0.18708196624373935 0.18708196624373935 0.3507799823545861
0.5977393948092853 1.066974403734714 0.06635735260310122 0.06635735260310122 0.2877454519573368
0.5987690930657558 1.1541722759395892 -0.014973881711485948 -0.014973881711485948 0.4045375857824938
0.6008231954730293 1.2386066554444095 -0.024253707100830215 -0.024253707100830215 0.26278471777187506
0.6038912487607958 1.8027844643001976 0.3079293731240296 0.3079293731240296 0.2504787686606772
0.6049104752223179 0.4393068672799755 0.1946872718613648 0.1946872718613648 0.2843932814029989
0.6069437934778844 1.9221042538642106 0.11795243355759115 0.11795243355759115 0.7765857937296818
0.6079579024448502 0.9013215640089939 0.1718690419755107 0.1718690419755107 0.28576778347122134
0.6099810624542177 0.9196427738527074 0.16052032899253782 0.16052032899253782 0.6264415984389147
0.611997534276414 0.380046656927748 -0.12687323095029415 -0.12687323095029415 0.5369390051274515
0.6130032827515914 1.4880004666893882 0.05097993417189599 0.05097993417189599 0.40452749657670384
0.6140073838058014 1.901973471527941 0.2740826429517025 0.2740826429517025 0.4853393072148892
0.6150098455080715 1.899076248604646 0.04501212114186361 0.04501212114186361 1.0576756931899922
0.6160106758617736 1.2092634785205376 0.17294351599670219 0.17294351599670219 0.31862786068993243
0.6170098828053698 0.7190219261406877 -0.05663446260862653 -0.05663446260862653 0.30982865245387486
0.6219818397659066 1.1995823396037921 0.13079724468932125 0.13079724468932125 0.3804053304536976
0.6229714694128449 0.7295178766404965 0.0038108096867224234 0.0038108096867224234 0.5147884053403408
0.6249460273575898 1.7009690871621845 0.19724141115814356 0.19724141115814356 0.08894992462608622
0.6259309704862434 1.727758402269771 0.20592729712299962 0.20592729712299962 0.25426174338114205
0.6278962216970928 0.458391045587932 -0.09397862426214505 -0.09397862426214505 0.3697621845922296
0.6288765442638976 1.2702710848050094 -0.2921654801530473 -0.2921654801530473 0.20810343641972145
0.6318083855384901 0.7968823329062596 -0.18792566122742033 -0.18792566122742033 0.3389931166444814
0.6327826473130963 0.8227248890863248 0.018549909303228623 0.018549909303228623 0.5557550560008143
0.6337554113728636 0.6928035116120945 -0.3179091194575544 -0.3179091194575544 0.5307846825705768
0.6366647858613189 1.0402986981670819 -0.08361277424983889 -0.08361277424983889 0.5012479142936159
0.6395609256883119 0.8525334641272945 0.15916562917494106 0.15916562917494106 0.3585740407057364
0.6405233956469565 0.7557875018736451 0.17163642820654562 0.17163642820654562 0.28726825847507836
0.6414844215372068 0.4086427663051212 0.2508180428331267 0.2508180428331267 0.4331714149972207
0.6453142133024758 0.7600860339572604 0.01286509514520736 0.01286509514520736 0.5959749697572269
0.6462681150993065 0.4303911757649621 -0.20820622662037494 -0.20820622662037494 0.28210046731319083
0.6481717071900351 1.0653686713837411 -0.10283187468981901 -0.10283187468981901 0.3642612529770687
0.6519622173231462 0.6707396268108574 0.08150149862474412 0.08150149862474412 0.400257209832376
0.652906406401967 0.7466666709073975 0.09133963691103303 0.09133963691103303 0.4428025296102465
0.6566695868821694 1.926234848928995 -0.356038998457742 -0.356038998457742 0.39419536734056904
0.6594778801805641 0.7818377371436538 0.2216985976640497 0.2216985976640497 0.4161216977280018
0.6604113242148922 1.334274743836622 0.1796034204372853 0.1796034204372853 0.3684023956938779
0.6659845143651393 0.8792522127849075 -0.22112322472719542 -0.22112322472719542 0.5117925846198724
0.6678319090772802 1.3805756069986979 -0.002105663420946885 -0.002105663420946885 0.3884086715916997
0.6687536926893352 0.8110213192204953 -0.12209395041168107 -0.12209395041168107 0.5266078576668822
0.670593458731336 0.9693619958975965 0.04427402775277034 0.04427402775277034 0.5176806029959518
0.6742579311424706 1.087787627825821 -0.09947826671020504 -0.09947826671020504 0.3329923615561185
0.6751709416231876 1.0245527359989879 0.06803145688400912 0.06803145688400912 0.3604086840651756
0.678810703530528 1.0032253331793335 -0.30806488949635275 -0.30806488949635275 0.4825608333698289
0.6815277685751783 1.3195626538450589 -0.2736753517742282 -0.2736753517742282 0.4591922175644836
0.6824310529591096 1.3353387190892527 0.083122300402295 0.083122300402295 0.3795887168466027
0.6851337607754637 1.1056463618391188 0.10068223618912749 0.10068223618912749 0.45445643356624144
0.6860322972412797 0.6691452589019429 0.12323393657589889 0.12323393657589889 0.5858193120607428
0.6887208730462573 1.9204602564967423 0.014579451599141606 0.014579451599141606 0.15671557768548253
0.6896147356846546 0.5707567012416148 -0.0015660986499066894 -0.0015660986499066894 0.285057027299276
0.6931786598624373 1.1390787113403653 -0.41464111750251476 -0.41464111750251476 0.5097045566829873
0.694953768171897 0.8176143057246325 0.019232444203605193 0.019232444203605193 0.29593746013693056
0.6967243538903697 1.0915411509274622 -0.044770305767209695 -0.044770305767209695 0.38351231660658075
0.6984904514104594 0.5832357056893746 0.09186569195204376 0.09186569195204376 0.2574414985232498
0.7002520946910632 0.6219605773927289 0.13222146889765968 0.13222146889765968 0.1606655522154528
0.7028862811512777 0.6391887144503804 0.08096200612189289 0.08096200612189289 0.36886568956866334
0.7037621522464037 0.5885163706732909 -0.04066063448837073 -0.04066063448837073 0.34257048767161896
0.7055106323381133 0.7505002544963861 0.0730844492701351 0.0730844492701351 0.3557665380158932
0.7063832494092295 0.7123360127397586 -0.012887489207352252 -0.012887489207352252 0.22651906976795602
0.7072547898386824 0.505832206215077 -0.11059384644420765 -0.11059384644420765 0.44481688412438797
0.7089946566493947 1.5854144922670665 0.12460229823863284 0.12460229823863284 0.15148879033251114
0.7098629909082528 0.5082227362589178 -0.23266474420236505 -0.23266474420236505 0.30036824903171794
0.7107302642810613 0.8171222179551546 0.012558493393332355 0.012558493393332355 0.5194898726682282
0.7133257577548134 0.7939753634168605 0.18766247085874044 0.18766247085874044 0.37934419160532284
0.7141888261379451 0.880645472413905 0.22448871976946566 0.22448871976946566 0.27251834775379474
0.7159118414916255 1.0478648431364515 0.09549291019941945 0.09549291019941945 0.48270110887582196
0.7176307199357929 0.2932319191431465 -0.02049694830459195 -0.02049694830459195 0.25224750150945674
0.7184886170979897 0.797463935251093 0.09119032763100957 0.09119032763100957 0.3901955071633617
0.7193454911259254 0.6268741396117266 0.05971863284154719 0.05971863284154719 0.3010232597037479
0.7202013456714836 1.3313247128574084 -0.12828375594301653 -0.12828375594301653 0.34314618676274233
0.7236146413128223 0.616766644563749 -0.31522545274879316 -0.31522545274879316 0.5249370079830137
0.724465452472443 0.5429557330900217 -0.0358728883567038 -0.0358728883567038 0.3374029571991907
0.7253152656120777 0.7148848738543157 0.28377190842437355 0.28377190842437355 0.5938204722001337
0.7295494829338203 1.234171725762634 3.806303747312995e-05 3.806303747312995e-05 0.22501989780968457
0.7312363047993711 0.7064276931302367 -0.4870113290126831 -0.4870113290126831 0.563032487082005
0.7362735834454076 1.170956078820348 0.188803079160481 0.188803079160481 0.4388807513153684
0.7371097831282384 1.1734147746356836 -0.1055165164979687 -0.1055165164979687 0.4983829347050846
0.7387793430998142 0.6239231013043541 -0.028662318767351137 -0.028662318767351137 0.29912347312494114
0.7412766325080296 0.8201613130791071 0.2792308519026566 0.2792308519026566 0.3844104580472244
0.7437655369899144 1.1845230908288447 -0.1693992679588404 -0.1693992679588404 0.42470488810096513
0.7445933230413183 0.7337312084535661 0.09857691456252148 0.09857691456252148 0.21611300227337824
0.7462461404425133 1.495078879648993 -0.12582616969393443 -0.12582616969393443 0.5254733818349006
0.7470711778867957 0.5190201870734082 0.1448812204896808 0.1448812204896808 0.5382785846718859
0.7495408414093362 1.0575753296455424 -0.08589458657501564 -0.08589458657501564 0.2870008010699141
0.7503622562765486 1.8931118723358942 0.11528294689218499 0.11528294689218499 0.31843536569174163
0.7511827729309626 0.9282129543269457 -0.0742302218784853 -0.0742302218784853 0.6473825297321392
0.7520023943127224 1.3551407164348 0.07575658252977813 0.07575658252977813 0.19999685604938505
0.7536389629389536 0.8593573449379474 0.08890579139931479 0.08890579139931479 0.3856218181661712
0.7560871739231878 0.16886320077944061 -0.024601347858086074 -0.024601347858086074 0.3154304536253544
0.7585274831425716 0.8699339535014525 -0.23397905917852635 -0.23397905917852635 0.5373874442938347
0.7593391767757156 0.3762490052642098 -0.12602634495528606 -0.12602634495528606 0.49557030669223023
0.7609599666172037 0.7506310673491908 -0.01545355132990746 -0.01545355132990746 0.3059701226478265
0.7633846991560068 1.0879002211853186 -0.07944931921235648 -0.07944931921235648 0.28923486778704405
0.7641912336642736 0.7859761822257829 -0.018572677135719286 -0.018572677135719286 0.22444426998056752
0.7649969178455175 0.7573849173483777 0.011629574756508774 0.011629574756508774 0.29540971336880006
0.7666057459481866 0.7100399471774983 -0.16587122299685483 -0.16587122299685483 0.7602851963741718
0.7698133153798031 0.8127604900255274 0.04986050649961692 0.04986050649961692 0.42899769407658706
0.77061312163748 0.596503445182212 0.24703914685392547 0.24703914685392547 0.4159334219978304
0.7722102489914879 0.36678043052310466 0.016391955329484228 0.016391955329484228 0.35540819916825167
0.7730075752224637 0.648520573851152 -0.07164289096584203 -0.07164289096584203 0.3753645408567163
0.7738040798904655 0.42556717494369334 -0.04347284889973003 -0.04347284889973003 0.1926172946096968
0.7753946346620954 0.48800956577089255 0.014977025337848903 0.014977025337848903 0.38802750950299314
0.7761886897955814 0.32899972184887216 -0.15970263573195462 -0.15970263573195462 0.5036601328697201
0.7769819334259958 1.1205205145822514 0.14608925993810332 0.14608925993810332 0.3240968921579069
0.7785659960966911 0.4983760422997735 0.022539035065971567 0.022539035065971567 0.32802516664064635
0.7801468423865261 0.8053340959250561 0.11281231626779281 0.11281231626779281 0.4720777738814858
0.7825121237381044 0.5433408621615553 0.055302308632535734 0.055302308632535734 0.29898724541148486
0.7832989636792171 0.87973882996853 -0.06536005081387777 -0.06536005081387777 0.48649540326025437
0.784870277121366 0.863701146204452 -0.21741803725954897 -0.21741803725954897 0.34908795472340187
0.7895654552546437 0.5970133553090268 -0.06625287228005507 -0.06625287228005507 0.4225105956997128
0.7950081176052184 0.6839633489642123 -0.01176259293168655 -0.01176259293168655 0.23800145199043973
0.7973293141291397 0.5048934659124262 0.012620432114009017 0.012620432114009017 0.38858458426738446
0.7981015460913864 0.3805080313980208 0.10006796041574298 0.10006796041574298 0.3556982572932581
0.8011830307044264 0.8872997581319052 -0.07292165452906568 -0.07292165452906568 0.21137117369825287
0.8080734081895556 0.4511877049170335 0.023552100627599073 0.023552100627599073 0.3462830948212347
0.8103571812074819 0.5795853155300973 0.15829006586036318 0.15829006586036318 0.4574418563621414
0.812634536089863 0.45640930517754197 0.009335492133233347 0.009335492133233347 0.19709986194918802
0.8133922374536188 0.5055059884263322 -0.0122481576199135 -0.0122481576199135 0.34346122135240753
0.8141492336504539 0.5750888253400264 0.03514607172769666 0.03514607172769666 0.1503208052512363
0.817170205935636 0.5867832886099852 0.03666638931846708 0.03666638931846708 0.2903797695887025
0.8186765117410687 0.678907548561796 -0.15481462454284936 -0.15481462454284936 0.38716884208865093
0.8194286262880625 0.5194580935857644 0.17218709878142174 0.17218709878142174 0.39219526733086757
0.8201800511376501 0.748408453221455 0.08017011578290431 0.08017011578290431 0.2999519851741369
0.8231788913106476 0.6889075144171667 0.15712214981038808 0.15712214981038808 0.3667776720154232
0.8246742220459308 0.6357067465176803 -0.20963065970784686 -0.20963065970784686 0.35659779824690524
0.8313699277947305 0.5020647609609643 -0.01464494765156879 -0.01464494765156879 0.2751650091507023
0.8321105693026815 0.6109313767843365 0.03267016641763292 0.03267016641763292 0.38843296298578084
0.8328505521695053 0.7030323710769253 -0.0963170792994801 -0.0963170792994801 0.35323281357711106
0.8343285489881573 0.44465823789940995 -0.17135487771264585 -0.17135487771264585 0.3517145160650669
0.8372767155916571 0.5300878295618383 -0.2841249215392599 -0.2841249215392599 0.41635779840054504
0.8387469128882603 0.4791889640215707 0.19270939306424661 0.19270939306424661 0.16643310216847396
0.8402145376552473 0.6658849592086774 0.0024044669478053312 0.0024044669478053312 0.3301482127222541
0.8424111807179867 0.5649322090898435 -0.05564552310438103 -0.05564552310438103 0.3372395760365429
0.8525873534436882 0.8514973701809456 0.06507914031421287 0.06507914031421287 0.3586742384976802
0.8547521999758549 0.6505984658477089 0.16471082439468554 0.16471082439468554 0.1975559374996056
0.8554725980809561 0.9049054777160378 -0.1283966875524638 -0.1283966875524638 0.3606627590414349
0.8569115773958333 0.7114418254463732 -0.22433236391187156 -0.22433236391187156 0.3396216173827318
0.8612140893517234 0.6045581598091673 -0.010354937388379224 -0.010354937388379224 0.23944675366258134
0.8683375695753868 0.47407281745581115 -0.13655792954758977 -0.13655792954758977 0.40092352298295525
0.8718774846589257 0.49646894411750137 -0.06288166431311996 -0.06288166431311996 0.49017136068034417
0.8732894329274857 0.5913543255266007 0.0839768681854032 0.0839768681854032 0.30077915234001473
0.8746991020176275 0.492452060148059 -0.008234250884136448 -0.008234250884136448 0.3845682288282698
0.8775116465812363 0.5638277570195643 0.05117473050609445 0.05117473050609445 0.2828487622536147
0.883109863786069 0.5932179634754766 -0.09086001148569539 -0.09086001148569539 0.4406150082106664
0.8921320455324271 0.33966258806772837 0.08438394444288479 0.08438394444288479 0.47826513770907975
0.893511987649582 0.7112649426956814 0.0545925718334812 0.0545925718334812 0.24551294595534606
0.8948898018645317 0.4866152327037813 0.05346514350328536 0.05346514350328536 0.4480733749117177
0.8990105748566274 0.5469021247573402 -0.10501082344544443 -0.10501082344544443 0.38571412398891525
0.9119368536672753 0.592226733891982 -0.11425552652469262 -0.11425552652469262 0.21648370999098906
0.9132868719543732 0.5295970642751083 0.03787966564176822 0.03787966564176822 0.31799642273675044
0.9159809393756358 0.4717014213629709 -0.013043852322726016 -0.013043852322726016 0.4499822834831838
0.9326425622364126 0.5070636277274398 0.059182595054886745 0.059182595054886745 0.4247959773018475
0.9339626514494758 0.40905215326327743 0.04068645633082857 0.04068645633082857 0.3635866258211342
0.9528984587631738 0.47382577371502904 -0.015730249591334403 -0.015730249591334403 0.3059540498978705
0.9727326439117603 0.5391330693453327 0.06720528571244053 0.06720528571244053 0.42329236886501764
