# # |k| S11(k) S12(k) S21(k) S22(k)	 TypeMap: {'P': 1, 'PA': 2}
3.510046586324944845e-02 8.267289750766769751e-01 -3.015044125765023453e-01 -3.015044125765023453e-01 1.171743561624056795e-01
4.963955486942121798e-02 1.345277168955256730e+00 -4.943959220659183695e-01 -4.943959220659183695e-01 1.881870520470174113e-01
6.079579024448501789e-02 1.698509334225824841e+00 -6.321354941740420230e-01 -6.321354941740420230e-01 2.413885011467703512e-01
7.020093172649889690e-02 1.866739119056592067e+00 -6.968119314860435898e-01 -6.968119314860435898e-01 2.693903465576606981e-01
7.848702771213660057e-02 2.435252818489737514e+00 -9.354641782182095966e-01 -9.354641782182095966e-01 3.667764783330609846e-01
8.597823109894062177e-02 2.675307502767848344e+00 -1.043019600132109259e+00 -1.043019600132109259e+00 4.146620165172260064e-01
9.927910973884243595e-02 2.932363145862563414e+00 -1.166531077838303565e+00 -1.166531077838303565e+00 4.726003119061847890e-01
1.053013975897483384e-01 3.345644093825820953e+00 -1.362729742659801513e+00 -1.362729742659801513e+00 5.638907637051321364e-01
1.109974190608565420e-01 3.133966995993990423e+00 -1.292669677146758067e+00 -1.292669677146758067e+00 5.427358106822754991e-01
1.164150752350765622e-01 3.253419814252086262e+00 -1.366364287527023658e+00 -1.366364287527023658e+00 5.829098615427283914e-01
1.215915804889700358e-01 3.737921060091272896e+00 -1.584519482890728526e+00 -1.584519482890728526e+00 6.828521889304056680e-01
1.265565294626192772e-01 3.166783913492904556e+00 -1.331169608626999290e+00 -1.331169608626999290e+00 5.690564815120354725e-01
1.313339173764338785e-01 3.553504366185516794e+00 -1.538153664818000088e+00 -1.538153664818000088e+00 6.770071994714497166e-01
1.404018634529977938e-01 4.312787744111117760e+00 -1.904893657179808741e+00 -1.904893657179808741e+00 8.580730672664990122e-01
1.447229282625644431e-01 3.915941856436284230e+00 -1.745317353503118118e+00 -1.745317353503118118e+00 7.912999091425090281e-01
1.489186646082636400e-01 3.893346498781951492e+00 -1.762471411303454749e+00 -1.762471411303454749e+00 8.117446419298632865e-01
1.529993835691035031e-01 3.698453342378615005e+00 -1.699009641764126055e+00 -1.699009641764126055e+00 7.952117236327261862e-01
1.569740554242732011e-01 3.560439021870188014e+00 -1.649162676336516808e+00 -1.649162676336516808e+00 7.788943606827107846e-01
1.608505417465540821e-01 3.585911473630462698e+00 -1.657740397281494138e+00 -1.657740397281494138e+00 7.813678246548835249e-01
1.646357782621295229e-01 3.841477995445750970e+00 -1.792580134757752353e+00 -1.792580134757752353e+00 8.544047151686801067e-01
1.719564621978812435e-01 3.889415393464300763e+00 -1.870226740778913710e+00 -1.870226740778913710e+00 9.163420462675834210e-01
1.755023293162472353e-01 4.272191812726009452e+00 -2.063949706893275504e+00 -2.063949706893275504e+00 1.019971898825844381e+00
1.789779603729063362e-01 3.831320261369604463e+00 -1.884896598609027585e+00 -1.884896598609027585e+00 9.470734055062008938e-01
1.823873707334550398e-01 4.151067928217417879e+00 -2.059791161091634848e+00 -2.059791161091634848e+00 1.043077740507123874e+00
1.890217934807969513e-01 4.128855727111525376e+00 -2.086068105793845717e+00 -2.086068105793845717e+00 1.075230916650026680e+00
1.922531693224176497e-01 3.589813263434735724e+00 -1.885126666446667931e+00 -1.885126666446667931e+00 1.018582236878337932e+00
1.985582194776848719e-01 4.677053500787424767e+00 -2.436794652804554762e+00 -2.436794652804554762e+00 1.289541903885224272e+00
2.016368250741059631e-01 3.738003851262505339e+00 -1.994509154401127526e+00 -1.994509154401127526e+00 1.096633672682399752e+00
2.046691279352671478e-01 3.939605935539419068e+00 -2.120184121379396380e+00 -2.120184121379396380e+00 1.166940935634668275e+00
2.076571564709482620e-01 3.668853997667930411e+00 -2.011450426545073000e+00 -2.011450426545073000e+00 1.129860863705000273e+00
2.106027951794966768e-01 3.357690296397483731e+00 -1.883608202341425342e+00 -1.883608202341425342e+00 1.090183293041750989e+00
2.163738032781494236e-01 3.441008771007536549e+00 -1.986096312914713113e+00 -1.986096312914713113e+00 1.181841328598933760e+00
2.247526437141568467e-01 3.742500290472881019e+00 -2.188973597543066418e+00 -2.188973597543066418e+00 1.318805698096810364e+00
2.274770176530364896e-01 3.330596992204364337e+00 -1.972732571556959247e+00 -1.972732571556959247e+00 1.203394927036918638e+00
2.301691470726192068e-01 3.411893463882961441e+00 -2.054866127658125485e+00 -2.054866127658125485e+00 1.277719011081986489e+00
2.328301504701531521e-01 3.389203902612277997e+00 -2.046077412731258871e+00 -2.046077412731258871e+00 1.280788735430207215e+00
2.354610831364098156e-01 3.428963719469519500e+00 -2.107509969394578242e+00 -2.107509969394578242e+00 1.337948540807183839e+00
2.380629420459816903e-01 3.135996842475157198e+00 -1.988768944107937919e+00 -1.988768944107937919e+00 1.310831569179923273e+00
2.457032610427461461e-01 3.241631794210433348e+00 -2.106992438362305098e+00 -2.106992438362305098e+00 1.422383372240687782e+00
2.481977743471060760e-01 2.960843480505498615e+00 -1.924598071076826455e+00 -1.924598071076826455e+00 1.302312527396136677e+00
2.506674647709074555e-01 2.699712423286992458e+00 -1.764089612648035432e+00 -1.764089612648035432e+00 1.213295891479453825e+00
2.531130589252385543e-01 2.863246190626528076e+00 -1.921385523659443040e+00 -1.921385523659443040e+00 1.338885453219931021e+00
2.555352486493955300e-01 2.955744514157042424e+00 -1.965681821451362943e+00 -1.965681821451362943e+00 1.372556718643477502e+00
2.579346932968218375e-01 2.668992187349621403e+00 -1.840868760218412836e+00 -1.840868760218412836e+00 1.331762286685345797e+00
2.626678347528677571e-01 2.890369888382423813e+00 -2.012682609673073664e+00 -2.012682609673073664e+00 1.464262203738919910e+00
2.650027058684061299e-01 2.573578872665655659e+00 -1.718264351938912471e+00 -1.718264351938912471e+00 1.212329501721205238e+00
2.696117941137057272e-01 2.466491304443137356e+00 -1.751718874051413355e+00 -1.751718874051413355e+00 1.311654950477422865e+00
2.741434021326166204e-01 2.051243061513227328e+00 -1.482879577655706660e+00 -1.482879577655706660e+00 1.144801306129776597e+00
2.763813445887089437e-01 1.829465403491095543e+00 -1.341973982803883692e+00 -1.341973982803883692e+00 1.072602996387825414e+00
2.808037269059955876e-01 1.737234597501488675e+00 -1.258555983701887149e+00 -1.258555983701887149e+00 9.980784389744881135e-01
2.829890028748716091e-01 2.024299672807329031e+00 -1.515383796420125773e+00 -1.515383796420125773e+00 1.221175666966028750e+00
2.851575326936520161e-01 1.952433703648206231e+00 -1.505665203354100035e+00 -1.505665203354100035e+00 1.255932569033781254e+00
2.894458565251288862e-01 1.822243895290928117e+00 -1.417383938045486014e+00 -1.417383938045486014e+00 1.203163530500256595e+00
2.915663673392091537e-01 1.732495543821210626e+00 -1.353679727934183008e+00 -1.353679727934183008e+00 1.172492456922077597e+00
2.936715670050469851e-01 1.665707966197780721e+00 -1.297136253503154979e+00 -1.297136253503154979e+00 1.161250463862227633e+00
2.978373292165273356e-01 1.604330929542034490e+00 -1.265953423006378697e+00 -1.265953423006378697e+00 1.121847497782169523e+00
2.998985117979934278e-01 1.597497712709735618e+00 -1.244100973079801831e+00 -1.244100973079801831e+00 1.062536955525042126e+00
3.019456243803979034e-01 1.491981985671380517e+00 -1.220922753112063219e+00 -1.220922753112063219e+00 1.121068861642390280e+00
3.039789512224250756e-01 1.438279041797945634e+00 -1.183691353593797402e+00 -1.183691353593797402e+00 1.101612383015616370e+00
3.059987671382070062e-01 1.364509342896879973e+00 -1.116823362224179661e+00 -1.116823362224179661e+00 1.070810043855235483e+00
3.080053379308868022e-01 1.103111488390946748e+00 -8.841716132530000882e-01 -8.841716132530000882e-01 8.625461961895231067e-01
3.099989208009229502e-01 1.089215765470678887e+00 -8.957049549774317443e-01 -8.957049549774317443e-01 8.810788125996026343e-01
3.159041927692450291e-01 1.049417176402575036e+00 -9.154521169252111124e-01 -9.154521169252111124e-01 9.449174809959928201e-01
3.197804628441559549e-01 9.023868941052933801e-01 -8.077960958981381667e-01 -8.077960958981381667e-01 9.215907644661747167e-01
3.236103054979196370e-01 9.960441270613321629e-01 -7.675267509909055041e-01 -7.675267509909055041e-01 7.210004216784747788e-01
3.255083294299456753e-01 9.422577941517920053e-01 -8.225831204824435305e-01 -8.225831204824435305e-01 9.114021122612038228e-01
3.311371326802922122e-01 8.406492072598144016e-01 -7.037200177497807685e-01 -7.037200177497807685e-01 7.883634031223020200e-01
3.329922571825695843e-01 8.707418431372382361e-01 -7.444489584544121685e-01 -7.444489584544121685e-01 8.504447367119655210e-01
3.348371037495094238e-01 8.620431084732121940e-01 -7.491551623132525206e-01 -7.491551623132525206e-01 8.707657537890115540e-01
3.403116427024076018e-01 7.035419060520721191e-01 -6.108797826675740339e-01 -6.108797826675740339e-01 7.549727630228032504e-01
3.439129243957624871e-01 7.378773634316718733e-01 -6.124967718491616253e-01 -6.124967718491616253e-01 7.816842489898735424e-01
3.456994970639422071e-01 6.777359447132996761e-01 -5.963009334161168962e-01 -5.963009334161168962e-01 7.540810268748251444e-01
3.474768840859485119e-01 5.499395049650080969e-01 -4.252589243456234014e-01 -4.252589243456234014e-01 5.729340357410132034e-01
3.492452257052297004e-01 7.860024855152186740e-01 -5.516463558409455681e-01 -5.516463558409455681e-01 6.660897303231112510e-01
3.527553161690566430e-01 6.690858572260088843e-01 -5.529310489295850006e-01 -5.529310489295850006e-01 7.773326130390565414e-01
3.544973283246973250e-01 7.247356060689510437e-01 -5.575684856078388929e-01 -5.575684856078388929e-01 7.137255778192435063e-01
3.579559207458126724e-01 5.964771859267498089e-01 -4.532241749842101930e-01 -4.532241749842101930e-01 6.403269416582384466e-01
3.596727455629626369e-01 6.012415721849553307e-01 -4.836704594347122077e-01 -4.836704594347122077e-01 7.104139827747405489e-01
3.613814143043563298e-01 5.506381241342583888e-01 -4.384279758481917089e-01 -4.384279758481917089e-01 6.903172168991627000e-01
3.630820421178028168e-01 4.871641171163262896e-01 -3.599481771491074289e-01 -3.599481771491074289e-01 5.666656769687710149e-01
3.647747414669100796e-01 5.888316830647130073e-01 -4.541420868682017331e-01 -4.541420868682017331e-01 7.074057758578411459e-01
3.664596222178758134e-01 5.886725617498773655e-01 -4.068816284564901742e-01 -4.068816284564901742e-01 6.272212175877178719e-01
3.681367917227037490e-01 5.970261043041246163e-01 -4.450412268495410051e-01 -4.450412268495410051e-01 6.857760410882737245e-01
3.731230702212566253e-01 5.499689803147570499e-01 -3.851613296463133329e-01 -3.851613296463133329e-01 6.778445366171239606e-01
3.764105616729837012e-01 5.081501194216597739e-01 -3.356743002023163114e-01 -3.356743002023163114e-01 6.116831607983956864e-01
3.780435869615939026e-01 5.425710757442051557e-01 -4.697444064871446057e-01 -4.697444064871446057e-01 8.287960297061124360e-01
3.796695883878578037e-01 5.021011067398379879e-01 -3.300213847380905619e-01 -3.300213847380905619e-01 6.760757356671142082e-01
3.845063386448352993e-01 5.215793596235352991e-01 -3.428422683814373317e-01 -3.428422683814373317e-01 6.469778477885689272e-01
3.861051244957439676e-01 5.325229667715988269e-01 -3.375286835664290108e-01 -3.375286835664290108e-01 6.525308682942753125e-01
3.876973173310476195e-01 5.627932500959101914e-01 -3.597459518032514736e-01 -3.597459518032514736e-01 6.777629698434129990e-01
3.924351385606830167e-01 5.542675889535098044e-01 -3.225775583326275786e-01 -3.225775583326275786e-01 6.705830067072063860e-01
3.940017521293016078e-01 4.829805323135699102e-01 -2.965279803354671229e-01 -2.965279803354671229e-01 6.347577142563133323e-01
3.971164389553697438e-01 4.660557328037508440e-01 -2.895647993554844590e-01 -2.895647993554844590e-01 7.168306143144106413e-01
3.986646570645697718e-01 4.786423861345373010e-01 -2.669465482577901283e-01 -2.669465482577901283e-01 6.700688535505627819e-01
4.002068858680822294e-01 5.501372921633480573e-01 -3.350235586406372645e-01 -3.350235586406372645e-01 7.518107483336096131e-01
4.017431943419145224e-01 4.723652773214475631e-01 -2.844266151559732836e-01 -2.844266151559732836e-01 5.873383533683006474e-01
4.032736501482119262e-01 5.143300421282485102e-01 -3.287058672536707360e-01 -3.287058672536707360e-01 6.963527701392389080e-01
4.047983196700297714e-01 4.756648924342882223e-01 -2.341592924044357538e-01 -2.341592924044357538e-01 6.130771822994898201e-01
4.063172680449315122e-01 5.661093406778893167e-01 -3.055913181875427043e-01 -3.055913181875427043e-01 7.121574861017121449e-01
4.108404196557930432e-01 5.847921930720706429e-01 -2.510665491557228512e-01 -2.510665491557228512e-01 6.202533026289743789e-01
4.123371110229653858e-01 4.852326034636733065e-01 -2.481013912327111326e-01 -2.481013912327111326e-01 6.178023662986010800e-01
4.138283893482688769e-01 5.977180288416628073e-01 -1.556715496608372662e-01 -1.556715496608372662e-01 6.543507288880127115e-01
4.167949390746206184e-01 4.861373502536999180e-01 -2.189433626760546869e-01 -2.189433626760546869e-01 7.437901644688589275e-01
4.182703240035490211e-01 4.596495980857515651e-01 -1.273207036281888693e-01 -1.273207036281888693e-01 6.868688915952901874e-01
4.212055903589934092e-01 6.871691484836176533e-01 -2.652332876919281657e-01 -2.652332876919281657e-01 5.883451610965599876e-01
4.226655794519885712e-01 5.512976261589525029e-01 -1.832764996301712856e-01 -1.832764996301712856e-01 6.764110699607367438e-01
4.241205427202299205e-01 5.802931824453889664e-01 -2.277306871571838087e-01 -2.277306871571838087e-01 6.946998287100885072e-01
4.255705317113951391e-01 5.728890492310296789e-01 -1.518752117443223915e-01 -1.518752117443223915e-01 6.280916830156623165e-01
4.284557886979166730e-01 5.971493975760441275e-01 -1.805388552040990413e-01 -1.805388552040990413e-01 6.795528696048972472e-01
4.341687847876933293e-01 5.418852161687294222e-01 -1.586164710196143190e-01 -1.586164710196143190e-01 6.545280948301624990e-01
4.369972758400865187e-01 5.930904864651984632e-01 -2.671072854414520137e-01 -2.671072854414520137e-01 7.512331266687524156e-01
4.398075766733571812e-01 6.811859753621487545e-01 -1.988773853784688017e-01 -1.988773853784688017e-01 8.177082400645721005e-01
4.412060144684205043e-01 6.111146562859869347e-01 -1.485091741642533270e-01 -1.485091741642533270e-01 6.379527073396582537e-01
4.453749828117420373e-01 5.877696707517386931e-01 -1.285067218735319317e-01 -1.285067218735319317e-01 6.657515650605763113e-01
4.467559938247909757e-01 5.208439433397432650e-01 -8.756450095119099053e-02 -8.756450095119099053e-02 5.760574750540706779e-01
4.495052874283136934e-01 6.060938742383852329e-01 -8.527254644473837575e-02 -8.527254644473837575e-02 6.856342045220034098e-01
4.508736476329350262e-01 6.700778164752899668e-01 -1.517442953658184324e-01 -1.517442953658184324e-01 6.018130355098013640e-01
4.522378675361509170e-01 7.226348953980332723e-01 -9.896265312698356020e-02 -9.896265312698356020e-02 7.285131014768639890e-01
4.576540829588585657e-01 6.662523074964504799e-01 -3.422090124019284280e-02 -3.422090124019284280e-02 7.384902512600300950e-01
4.589981507073104816e-01 6.486507799212634096e-01 -8.108636110452645263e-02 -8.108636110452645263e-02 6.909248881768139672e-01
4.616745474469706734e-01 6.247521062179575146e-01 -1.020498646600952741e-01 -1.020498646600952741e-01 7.901512837221505992e-01
4.630069442936923796e-01 8.259436921015379518e-01 -1.780653546682589294e-01 -1.780653546682589294e-01 7.326030899765204607e-01
4.669813257247378835e-01 8.086273112233602900e-01 -1.500630078033679815e-01 -1.500630078033679815e-01 6.887287817704818016e-01
4.696122272505988127e-01 7.398298714584936597e-01 -9.049897029983115793e-02 -9.049897029983115793e-02 6.585415170934648676e-01
4.722284716013026573e-01 7.850714301442510701e-01 2.636811493295718872e-02 2.636811493295718872e-02 7.074053709740453222e-01
4.735311733082833152e-01 6.941289748298615780e-01 -3.796654321554149281e-02 -3.796654321554149281e-02 6.679917413613523092e-01
4.774179512818625404e-01 7.439255575178043145e-01 2.753633141617014765e-02 2.753633141617014765e-02 7.150132638152133513e-01
4.787065310918454664e-01 6.227736911438457312e-01 1.152610305817882612e-03 1.152610305817882612e-03 7.081881013393063196e-01
4.825516252396622185e-01 7.447710795498939662e-01 -9.188331407899318071e-02 -9.188331407899318071e-02 6.320267492274743715e-01
4.838265326801090005e-01 6.957586526869407040e-01 -4.751848956293209386e-02 -4.751848956293209386e-02 6.232913735596784521e-01
4.876312560087878167e-01 7.748084850282281888e-01 -2.480978051032412326e-02 -2.480978051032412326e-02 6.318643747951494527e-01
4.888929172533850176e-01 7.371741246987738583e-01 -5.011822054248930847e-03 -5.011822054248930847e-03 6.648219042435785653e-01
4.901513309625326609e-01 8.177434570537607250e-01 -4.936931527120658192e-02 -4.936931527120658192e-02 5.041335791265462163e-01
4.926585152536963608e-01 9.996079864755285094e-01 1.121144792160591042e-01 1.121144792160591042e-01 6.083129637554772762e-01
4.976349901958714850e-01 8.534122015029239616e-01 2.581343172783594209e-02 2.581343172783594209e-02 6.379637431200761988e-01
5.001046579215988608e-01 8.553065928286971431e-01 -1.021364751091979189e-01 -1.021364751091979189e-01 6.271167875122104496e-01
5.013349295418149110e-01 8.588959779705090947e-01 1.175158350264297602e-01 1.175158350264297602e-01 6.318454009449323561e-01
5.037864597092014396e-01 8.554260648562237446e-01 4.883136028418140484e-02 4.883136028418140484e-02 6.261628207009298785e-01
5.074415484543832733e-01 9.663250740632264302e-01 1.793947863799459641e-02 1.793947863799459641e-02 6.249285767874287467e-01
5.086540747911092453e-01 9.443371803431553912e-01 3.241023476994241842e-02 3.241023476994241842e-02 5.655408967621817773e-01
5.110704972987910599e-01 1.025345994119540860e+00 1.565037091698512003e-02 1.565037091698512003e-02 6.154232000796052704e-01
5.122744341786449329e-01 1.064290666685848041e+00 5.069294996069652337e-02 5.069294996069652337e-02 6.069910098623411132e-01
5.134755482171161622e-01 8.977358528940168059e-01 5.976156647236976344e-02 5.976156647236976344e-02 5.086256257335908249e-01
5.158693865936436751e-01 9.340073204011719588e-01 5.726311636759329887e-02 5.726311636759329887e-02 6.256883205058797470e-01
5.182521678026407175e-01 9.244723357442807821e-01 6.920150747904178778e-02 6.920150747904178778e-02 5.796281013024832118e-01
5.218059385859726840e-01 1.045849732840396618e+00 -3.987527853623273021e-03 -3.987527853623273021e-03 6.000697954247181665e-01
5.229851625499570833e-01 9.840331632331555944e-01 1.642289059731250611e-01 1.642289059731250611e-01 6.091785758778893722e-01
5.253356695057355141e-01 9.729219625786813541e-01 6.556957482508746909e-03 6.556957482508746909e-03 6.138227081572578125e-01
5.265069879487417337e-01 9.750543433581002617e-01 -1.278678120725183776e-02 -1.278678120725183776e-02 5.571860415343983242e-01
5.311664326499981881e-01 9.914567907749524123e-01 4.117651773691032718e-02 4.117651773691032718e-02 6.146956130932820228e-01
5.323249213384079193e-01 1.193377165137265328e+00 3.794532324694595976e-02 3.794532324694595976e-02 5.040939975208456048e-01
5.346343678492586626e-01 1.171132790528863321e+00 -8.095569477830277805e-02 -8.095569477830277805e-02 4.695744897216848623e-01
5.357853581327074455e-01 7.404897257915112885e-01 8.066768044480926436e-02 8.066768044480926436e-02 4.097885298169241519e-01
5.369338811187190919e-01 1.066338188508582974e+00 7.548010111534467215e-02 7.548010111534467215e-02 5.136047562305876557e-01
5.392235882274114545e-01 1.094830286550114273e+00 6.916275026424578698e-02 6.916275026424578698e-02 5.555711163080357951e-01
5.403648034473212958e-01 1.058800558966892735e+00 6.099737953777311511e-02 6.099737953777311511e-02 5.113006153216208549e-01
5.460351035636333838e-01 9.299835561567414421e-01 5.187242316965599148e-02 5.187242316965599148e-02 5.740304610732800406e-01
5.471621122003651472e-01 1.202606803582692896e+00 9.156020223728661422e-02 9.156020223728661422e-02 5.275220457531004659e-01
5.482868042652332408e-01 1.287232422652010211e+00 4.326418802645928124e-02 4.326418802645928124e-02 4.844471769938679673e-01
5.494091939849562456e-01 9.137821617111870909e-01 -2.264932535775359204e-02 -2.264932535775359204e-02 6.594768578541937432e-01
5.505292954412294160e-01 9.838899323302299216e-01 -2.035554888667009954e-02 -2.035554888667009954e-02 4.610116367859605213e-01
5.527626891774178874e-01 1.117539621061180988e+00 1.224029504362586680e-02 1.224029504362586680e-02 4.928962464687675071e-01
5.538760089139695975e-01 1.046242268427027611e+00 3.227643349406927181e-02 3.227643349406927181e-02 5.201460414185171688e-01
5.549870953042826960e-01 1.031530673915120211e+00 -4.937479212220113704e-03 -4.937479212220113704e-03 4.616222549688338561e-01
5.560959617351145523e-01 9.717644169354948680e-01 1.609024471748540103e-02 1.609024471748540103e-02 4.463204585048938244e-01
5.594093731513206658e-01 1.239569545854919852e+00 -4.977462153742755711e-03 -4.977462153742755711e-03 4.369579757301216283e-01
5.648885379334929180e-01 1.163204070948267832e+00 7.439657098005870994e-02 7.439657098005870994e-02 4.329709796072949701e-01
5.659780057497432182e-01 9.459650808649707754e-01 2.266471087427574665e-03 2.266471087427574665e-03 4.051000032725025624e-01
5.670653804423908539e-01 1.385331039734578829e+00 -6.885198053631234362e-03 -6.885198053631234362e-03 3.842364461194851533e-01
5.703150653873040321e-01 1.208843566613686749e+00 1.313018368825631388e-01 1.313018368825631388e-01 4.213745242383862277e-01
5.724712737031956156e-01 1.143083415758115562e+00 2.006092307294129323e-02 2.006092307294129323e-02 4.253936676593450539e-01
5.735463380749425966e-01 9.648152086178258813e-01 2.841057451893980873e-02 2.841057451893980873e-02 4.255662315061175538e-01
5.746193910955263995e-01 1.279032771745647556e+00 1.216327795642120624e-01 1.216327795642120624e-01 4.741037048100090745e-01
5.756904440120668154e-01 1.207692624396898839e+00 2.010813139878453101e-02 2.010813139878453101e-02 4.106104958365430213e-01
5.767595079672529490e-01 1.028255854949852832e+00 9.682529240047870953e-03 9.682529240047870953e-03 5.371028404918302135e-01
5.799548759533617037e-01 1.101082810880413154e+00 1.065707469561586879e-01 1.065707469561586879e-01 5.638703896357077916e-01
5.841881794057012245e-01 1.296885817000696717e+00 1.335376202163668924e-01 1.335376202163668924e-01 4.852876365224199073e-01
5.852417207113356223e-01 1.119567453717479788e+00 -1.302761421507216133e-01 -1.302761421507216133e-01 3.769878191088662511e-01
5.883910262509246536e-01 1.015104220240180322e+00 1.603842046662342161e-02 1.603842046662342161e-02 3.971891894275108581e-01
5.894370555677963530e-01 9.834869919140899475e-01 -5.344030597831834345e-02 -5.344030597831834345e-02 5.043052844874735818e-01
5.904812318611409871e-01 1.091259597019961003e+00 6.421920709264693217e-02 6.421920709264693217e-02 4.145266613942963363e-01
5.925640645431385911e-01 1.171134497104245664e+00 3.224275811408851972e-02 3.224275811408851972e-02 4.214520780999200800e-01
5.967079196752406167e-01 1.309827653983689277e+00 6.420328671579519919e-02 6.420328671579519919e-02 4.852746389594068677e-01
5.977393948092852849e-01 1.162412898049507870e+00 5.719222895288329084e-02 5.719222895288329084e-02 3.960152820951705066e-01
5.987690930657557642e-01 1.070180295661336434e+00 1.734827689732993360e-03 1.734827689732993360e-03 4.106671748444674086e-01
6.008231954730293145e-01 1.000803264169666917e+00 3.684268115478845501e-02 3.684268115478845501e-02 4.199027255102899536e-01
6.038912487607958068e-01 1.172837834191044148e+00 3.383979241016746992e-02 3.383979241016746992e-02 4.122688483123088665e-01
6.049104752223178894e-01 8.108468939444282153e-01 5.699933014277458465e-02 5.699933014277458465e-02 5.025731036817925323e-01
6.069437934778844079e-01 1.237934760629257891e+00 -1.395910575807655235e-02 -1.395910575807655235e-02 3.979347634870806782e-01
6.079579024448501512e-01 7.512996545858633413e-01 7.382079605284044832e-02 7.382079605284044832e-02 4.252353434904314056e-01
6.099810624542176818e-01 9.490263471306246146e-01 8.030143122103290676e-02 8.030143122103290676e-02 4.273699551340408576e-01
6.119975342764140125e-01 8.926772769821819109e-01 -4.640857829538239804e-02 -4.640857829538239804e-02 3.723203095248822647e-01
6.130032827515914384e-01 1.037155988684789198e+00 3.666737117311300725e-02 3.666737117311300725e-02 3.557583451557788656e-01
6.140073838058014433e-01 1.180496523327649427e+00 8.839831847084264616e-02 8.839831847084264616e-02 3.982921264472555345e-01
6.150098455080714732e-01 1.347490173052183993e+00 -1.609747075797649668e-02 -1.609747075797649668e-02 4.981736142669984102e-01
6.160106758617736045e-01 1.003817991495919326e+00 3.935119672514642009e-02 3.935119672514642009e-02 4.776583045336475486e-01
6.170098828053698359e-01 1.207669319701523802e+00 2.928189113340363622e-02 2.928189113340363622e-02 4.190068761710126766e-01
6.219818397659065967e-01 1.206428306435839204e+00 5.550429666784133242e-02 5.550429666784133242e-02 4.274904498176881895e-01
6.229714694128448693e-01 1.170594395790674369e+00 6.653170860501908535e-02 6.653170860501908535e-02 3.966686679566888141e-01
6.249460273575897507e-01 9.716266810513832786e-01 -5.227470756804099977e-03 -5.227470756804099977e-03 3.551139306488389491e-01
6.259309704862433543e-01 9.933341381563781658e-01 1.049997329740084973e-01 1.049997329740084973e-01 3.347419249141068143e-01
6.278962216970928045e-01 1.137205987000420748e+00 2.487655781518873302e-02 2.487655781518873302e-02 3.605774976054758052e-01
6.288765442638976078e-01 1.296020096980757152e+00 -6.321800595046468685e-02 -6.321800595046468685e-02 3.595081555460974965e-01
6.318083855384900582e-01 1.052800591924086371e+00 -9.652663036809439046e-02 -9.652663036809439046e-02 4.475640972577881738e-01
6.327826473130963025e-01 1.023604128706473215e+00 -2.103798641872734257e-03 -2.103798641872734257e-03 4.007484070280430410e-01
6.337554113728636196e-01 9.522573795086481940e-01 9.028107156058270966e-03 9.028107156058270966e-03 3.482065204443575701e-01
6.366647858613189159e-01 1.188168262318943791e+00 2.050283716120826147e-02 2.050283716120826147e-02 3.867006692679449964e-01
6.395609256883119098e-01 9.936879106936555850e-01 1.556764898802254736e-02 1.556764898802254736e-02 3.690143331452870323e-01
6.405233956469564838e-01 9.143527230559707064e-01 9.582507628859272819e-02 9.582507628859272819e-02 3.955943294103539398e-01
6.414844215372067504e-01 1.164405077603564154e+00 1.606380890133527611e-02 1.606380890133527611e-02 2.866557267445491997e-01
6.453142133024758476e-01 1.220854450633101385e+00 2.477993819023987035e-02 2.477993819023987035e-02 3.993264484171154538e-01
6.462681150993064838e-01 9.524845433350673796e-01 2.143988751259718467e-02 2.143988751259718467e-02 3.395927155124006669e-01
6.481717071900351401e-01 1.035636251364271843e+00 4.026701422403942271e-02 4.026701422403942271e-02 3.426393448442754952e-01
6.519622173231461870e-01 1.027631803267363253e+00 3.577457888578251116e-02 3.577457888578251116e-02 3.544809202105058121e-01
6.529064064019669544e-01 1.125887779725303517e+00 2.522864383830391091e-02 2.522864383830391091e-02 3.232595866365567949e-01
6.566695868821693649e-01 1.004862239502039678e+00 3.721391236933722994e-05 3.721391236933722994e-05 3.380137912939743527e-01
6.594778801805640800e-01 1.111478498261481374e+00 2.481907906784662846e-02 2.481907906784662846e-02 4.530882442673528354e-01
6.604113242148922369e-01 9.126488633629074032e-01 -9.842398181259538748e-02 -9.842398181259538748e-02 3.932786064308732565e-01
6.659845143651392796e-01 1.052412237031710607e+00 -1.165588234253003320e-02 -1.165588234253003320e-02 4.454957765498456790e-01
6.678319090772801836e-01 1.093646398732271763e+00 -8.805880457449731177e-03 -8.805880457449731177e-03 3.488269692856001414e-01
6.687536926893351552e-01 7.312446249185462488e-01 9.895315366623924636e-02 9.895315366623924636e-02 4.217445195898570365e-01
6.705934587313360229e-01 9.797010809022698163e-01 -3.907266931111218894e-02 -3.907266931111218894e-02 3.553108154681491326e-01
6.742579311424705679e-01 9.986841790754340531e-01 5.702644662854459978e-02 5.702644662854459978e-02 3.452807145914303932e-01
6.751709416231875815e-01 1.055015849494630453e+00 1.018901585915605278e-02 1.018901585915605278e-02 4.073137334512572094e-01
6.788107035305279702e-01 1.228194783672338808e+00 2.353645382927081059e-02 2.353645382927081059e-02 4.554701131300594730e-01
6.815277685751782721e-01 9.761720282644629210e-01 5.795744808284388622e-02 5.795744808284388622e-02 4.089659186567578542e-01
6.824310529591095520e-01 1.306571628834838572e+00 9.681497507654293622e-02 9.681497507654293622e-02 3.741670708749008090e-01
6.851337607754637293e-01 1.008047978374758458e+00 1.603949975945522660e-02 1.603949975945522660e-02 3.955469695146781040e-01
6.860322972412796760e-01 8.741127945311416569e-01 4.942410510267879892e-02 4.942410510267879892e-02 3.871540041791569631e-01
6.887208730462572870e-01 1.083202788412654716e+00 1.502493889738827637e-02 1.502493889738827637e-02 3.348267934906642984e-01
6.896147356846545895e-01 8.990608670988464723e-01 -4.161574662929892754e-02 -4.161574662929892754e-02 3.841544182619302528e-01
6.931786598624373186e-01 9.436822147716003029e-01 -1.720222671386083648e-03 -1.720222671386083648e-03 4.229266547076064864e-01
6.949537681718970239e-01 8.220145472210552695e-01 -8.661096825369156774e-03 -8.661096825369156774e-03 3.351473726170898781e-01
6.967243538903696853e-01 9.532160423131467164e-01 -6.509876583049505755e-03 -6.509876583049505755e-03 4.038302102808123961e-01
6.984904514104594009e-01 9.105931460741342187e-01 -1.827296428560256855e-02 -1.827296428560256855e-02 3.352257988940472999e-01
7.002520946910631983e-01 8.771293595301217216e-01 2.987220028330784399e-02 2.987220028330784399e-02 4.172920493208306936e-01
7.028862811512777142e-01 1.021582301537348192e+00 4.954096381191126774e-02 4.954096381191126774e-02 4.178678421110040841e-01
7.037621522464037049e-01 9.729791338907388676e-01 -3.553179863101683933e-02 -3.553179863101683933e-02 4.035540065104469831e-01
7.055106323381132860e-01 8.772756415453186740e-01 1.782293346845556861e-02 1.782293346845556861e-02 2.695268948084574290e-01
7.063832494092294745e-01 1.026211103511005751e+00 -3.846197279546577363e-02 -3.846197279546577363e-02 3.492112907518624132e-01
7.072547898386823961e-01 8.523864361935712397e-01 -3.526259661940035067e-02 -3.526259661940035067e-02 3.505256401224671747e-01
7.089946566493946500e-01 8.450067512641951106e-01 -3.365617464823190269e-02 -3.365617464823190269e-02 3.193947431007432280e-01
7.098629909082527778e-01 7.936027978997302057e-01 6.835657470490816637e-03 6.835657470490816637e-03 3.241326442516670459e-01
7.107302642810613413e-01 8.095470545295204712e-01 -1.987392431257799588e-02 -1.987392431257799588e-02 4.616477251899085976e-01
7.133257577548134387e-01 9.642094397086705682e-01 7.059115166644873820e-04 7.059115166644873820e-04 3.733918161178412243e-01
7.141888261379450986e-01 9.340493301317879249e-01 2.845762035729671596e-02 2.845762035729671596e-02 3.738976462450969707e-01
7.159118414916254558e-01 1.020137126167449226e+00 8.210128690693944964e-02 8.210128690693944964e-02 4.233866984365687869e-01
7.176307199357928601e-01 8.578553256866132681e-01 1.991071196648556973e-02 1.991071196648556973e-02 3.811801460876753644e-01
7.184886170979897235e-01 8.024824495855676920e-01 1.015384496577169948e-01 1.015384496577169948e-01 4.005787307407089881e-01
7.193454911259253848e-01 9.153812599889941115e-01 8.745173350503025744e-02 8.745173350503025744e-02 3.912408899230164216e-01
7.202013456714836392e-01 1.047790239503414877e+00 -2.107709854829963037e-02 -2.107709854829963037e-02 4.336437607770353697e-01
7.236146413128222710e-01 6.878385982094621376e-01 -2.430292154386250875e-02 -2.430292154386250875e-02 4.397379726973026925e-01
7.244654524724429834e-01 7.341130025631462663e-01 2.362189367943553359e-02 2.362189367943553359e-02 3.977832184270567173e-01
7.253152656120777086e-01 9.188601199703725353e-01 7.796546581594474001e-02 7.796546581594474001e-02 4.114327378075340325e-01
7.295494829338202702e-01 9.929116760377616480e-01 -1.551143365789564056e-02 -1.551143365789564056e-02 3.002605338155148740e-01
7.312363047993710730e-01 8.269618407445046282e-01 4.566106082974569907e-02 4.566106082974569907e-02 3.451495530897550901e-01
7.362735834454076089e-01 9.055660764465611745e-01 1.172447991335375528e-01 1.172447991335375528e-01 3.981651803834719838e-01
7.371097831282383828e-01 8.477809531198006177e-01 -1.080423555843824414e-02 -1.080423555843824414e-02 3.809170665855601823e-01
7.387793430998141897e-01 7.111502742577197056e-01 7.057336988741484685e-02 7.057336988741484685e-02 4.154835400036907544e-01
7.412766325080295537e-01 8.492689247140603470e-01 6.817871229709014658e-02 6.817871229709014658e-02 3.736755964587720746e-01
7.437655369899144331e-01 9.740649426230401087e-01 -5.122682009918236995e-02 -5.122682009918236995e-02 4.134154401668763690e-01
7.445933230413183113e-01 8.467155836846465000e-01 7.092147293062586733e-02 7.092147293062586733e-02 4.055003278842117531e-01
7.462461404425132505e-01 1.005743717077313581e+00 2.547842316457410005e-03 2.547842316457410005e-03 3.778878213256057772e-01
7.470711778867956676e-01 7.650589132468558207e-01 7.528122212334398267e-02 7.528122212334398267e-02 3.302368428048348958e-01
7.495408414093361893e-01 8.916083201849429596e-01 3.448179082163953160e-03 3.448179082163953160e-03 3.850307489263589678e-01
7.503622562765486226e-01 8.767869378944039838e-01 5.322850655804507551e-03 5.322850655804507551e-03 3.850090545381082419e-01
7.511827729309625834e-01 1.062804646585185031e+00 5.703800517159838407e-02 5.703800517159838407e-02 3.753504091979922852e-01
7.520023943127224220e-01 9.985704401744246450e-01 -7.879638306232608636e-02 -7.879638306232608636e-02 3.941221238318418640e-01
7.536389629389536049e-01 7.008442017845205596e-01 1.572832673090584360e-02 1.572832673090584360e-02 3.718020020613310161e-01
7.560871739231878053e-01 5.596896516139641120e-01 7.646579247979032323e-02 7.646579247979032323e-02 4.102311392360674658e-01
7.585274831425715680e-01 7.793041413655484861e-01 -3.714432448649052781e-02 -3.714432448649052781e-02 3.038619952902237853e-01
7.593391767757156074e-01 7.937185056057560750e-01 -3.521006784098426601e-02 -3.521006784098426601e-02 3.740287916145557667e-01
7.609599666172036647e-01 7.174558870528608967e-01 -1.501456568555256145e-02 -1.501456568555256145e-02 3.508090150089458459e-01
7.633846991560068185e-01 8.307483304309900563e-01 -2.382549330527249098e-02 -2.382549330527249098e-02 3.399106240184883720e-01
7.641912336642735504e-01 7.016730887529939453e-01 3.355926740937983932e-02 3.355926740937983932e-02 3.261935022899202785e-01
7.649969178455174879e-01 7.598547749833515219e-01 -7.434407112726516831e-02 -7.434407112726516831e-02 3.379778338148642369e-01
7.666057459481866454e-01 6.191488894999990222e-01 4.971600208536212928e-02 4.971600208536212928e-02 4.037440088031256646e-01
7.698133153798031314e-01 7.192607322324772179e-01 2.263957506439313871e-02 2.263957506439313871e-02 3.702039632143136472e-01
7.706131216374799697e-01 7.635035084137692385e-01 7.515356141559102754e-02 7.515356141559102754e-02 4.270883216859409082e-01
7.722102489914879353e-01 6.383167680662727994e-01 2.876941019285825241e-02 2.876941019285825241e-02 3.382590441069737719e-01
7.730075752224636609e-01 6.886659591280075432e-01 2.272460054806629479e-02 2.272460054806629479e-02 3.796427516251397738e-01
7.738040798904655126e-01 6.743487985952084651e-01 -1.789180726470164517e-02 -1.789180726470164517e-02 3.405302936134224079e-01
7.753946346620953500e-01 5.066983635758177673e-01 5.815082290144755334e-02 5.815082290144755334e-02 3.370300528542995444e-01
7.761886897955814213e-01 7.999042128384387107e-01 4.606866506281134463e-03 4.606866506281134463e-03 3.166960932794936068e-01
7.769819334259957522e-01 9.454976108854480366e-01 1.819440961189153910e-02 1.819440961189153910e-02 3.930535203344859840e-01
7.785659960966910820e-01 7.431774925956563527e-01 2.236392483533484327e-02 2.236392483533484327e-02 3.606172024391243180e-01
7.801468423865260959e-01 7.586869339205679630e-01 -6.578465022274976488e-03 -6.578465022274976488e-03 3.716000906322156627e-01
7.825121237381044148e-01 6.781921565650543826e-01 -3.787978520760178474e-03 -3.787978520760178474e-03 3.535739709014933951e-01
7.832989636792171417e-01 7.034167765054317734e-01 8.379545463497494254e-03 8.379545463497494254e-03 3.741247878290572815e-01
7.848702771213660334e-01 7.180083234671289505e-01 4.595996767699738611e-02 4.595996767699738611e-02 3.492982217169866010e-01
7.895654552546437221e-01 6.758416442759340725e-01 -4.825028551230323148e-02 -4.825028551230323148e-02 3.488565859533765412e-01
7.950081176052183896e-01 6.834669625070307619e-01 3.523410421548180127e-02 3.523410421548180127e-02 3.683744489463554594e-01
7.973293141291396546e-01 6.352764782148319078e-01 9.234894470877245964e-02 9.234894470877245964e-02 3.746434027499620512e-01
7.981015460913863935e-01 7.468990585457394582e-01 -3.476680717552781130e-02 -3.476680717552781130e-02 3.467375495293766874e-01
8.011830307044264243e-01 7.925835550302541277e-01 -5.356182807576364419e-02 -5.356182807576364419e-02 3.437675056423827313e-01
8.080734081895556420e-01 6.779158187458897977e-01 -3.759312637226942659e-04 -3.759312637226942659e-04 3.295629554957111296e-01
8.103571812074819025e-01 6.755985901939335347e-01 -7.392212771915888936e-02 -7.392212771915888936e-02 3.544407414035946058e-01
8.126345360898630243e-01 6.353632924870682430e-01 -3.944552948915502899e-02 -3.944552948915502899e-02 3.198084280031577853e-01
8.133922374536187716e-01 6.355050392308363438e-01 -3.861783391242484126e-02 -3.861783391242484126e-02 3.011559090898180968e-01
8.141492336504538851e-01 5.828217370568452571e-01 2.731080594007630202e-02 2.731080594007630202e-02 3.371712901032559162e-01
8.171702059356360515e-01 6.395904432164699616e-01 -3.172839885991165371e-02 -3.172839885991165371e-02 3.708697437046050149e-01
8.186765117410687020e-01 6.910202743142295212e-01 -5.139278866492529019e-02 -5.139278866492529019e-02 3.826434798841192864e-01
8.194286262880624561e-01 6.910465628666173643e-01 4.303148958122736401e-02 4.303148958122736401e-02 3.618573598597797369e-01
8.201800511376501346e-01 7.269165477711302392e-01 -8.800193099040728301e-03 -8.800193099040728301e-03 3.753537855449172178e-01
8.231788913106475869e-01 6.126943096907404573e-01 -1.178524579328903837e-02 -1.178524579328903837e-02 3.600987161241691603e-01
8.246742220459307715e-01 6.835249093618300797e-01 -2.080423060770706864e-02 -2.080423060770706864e-02 3.009361604888987074e-01
8.313699277947305122e-01 6.737191487652097743e-01 -2.529953136990705648e-02 -2.529953136990705648e-02 3.231680595195338679e-01
8.321105693026814576e-01 6.809414570377120279e-01 2.745666792865990215e-03 2.745666792865990215e-03 3.648662400629831271e-01
8.328505521695053204e-01 5.591209019712480854e-01 4.277908675940295807e-02 4.277908675940295807e-02 2.884511483016952149e-01
8.343285489881573369e-01 6.965762390367234991e-01 -5.392927334349009727e-02 -5.392927334349009727e-02 3.544131244402663472e-01
8.372767155916570614e-01 5.736475993765853820e-01 3.105988893272039822e-02 3.105988893272039822e-02 4.389816458359261930e-01
8.387469128882603098e-01 6.349944698694823808e-01 5.685876511316740461e-02 5.685876511316740461e-02 2.727764297237452173e-01
8.402145376552473399e-01 6.851286476781905943e-01 -4.041745938181038472e-02 -4.041745938181038472e-02 3.509826888634255959e-01
8.424111807179867073e-01 5.669317714987958112e-01 -1.899285320193059906e-03 -1.899285320193059906e-03 3.434856555602377459e-01
8.525873534436881895e-01 6.171245536399851961e-01 -9.464941778875570963e-03 -9.464941778875570963e-03 3.497955578010539246e-01
8.547521999758549427e-01 6.453778059699684100e-01 2.792382704256412759e-02 2.792382704256412759e-02 3.626153264195251524e-01
8.554725980809561037e-01 6.662510037418466480e-01 2.362798624879439494e-02 2.362798624879439494e-02 4.508324674859968684e-01
8.569115773958333460e-01 5.592710789349302214e-01 -3.703549670271240324e-02 -3.703549670271240324e-02 3.418073929194059835e-01
8.612140893517233886e-01 5.902129448103294873e-01 -2.755083904164433786e-02 -2.755083904164433786e-02 3.621495831826913037e-01
8.683375695753867696e-01 4.867115699423792963e-01 -9.168702399818613041e-03 -9.168702399818613041e-03 3.855609281681540712e-01
8.718774846589256722e-01 5.626102822656802172e-01 -2.602818492654946844e-02 -2.602818492654946844e-02 3.891722635248283657e-01
8.732894329274857315e-01 6.135866883407893324e-01 -7.555086564462853982e-02 -7.555086564462853982e-02 4.077172695146988879e-01
8.746991020176274612e-01 5.730267272188747096e-01 -1.818912491335814702e-02 -1.818912491335814702e-02 3.722654470037515262e-01
8.775116465812362598e-01 6.382368583598357903e-01 -1.606746902125966202e-03 -1.606746902125966202e-03 3.558424840631900787e-01
8.831098637860690381e-01 4.971104211401184969e-01 -4.277571101561360861e-03 -4.277571101561360861e-03 4.214947645189578429e-01
8.921320455324270871e-01 6.235377391299736782e-01 -3.546723665768348544e-05 -3.546723665768348544e-05 4.323132996605880685e-01
8.935119876495819513e-01 5.628457889365356959e-01 1.744011397450987225e-02 1.744011397450987225e-02 3.443024862708850553e-01
8.948898018645317087e-01 5.193591604515528370e-01 2.204331556105518231e-02 2.204331556105518231e-02 3.881834590610727109e-01
8.990105748566273869e-01 5.546715269170235940e-01 2.251733645015192853e-02 2.251733645015192853e-02 4.158672363879370448e-01
9.119368536672752823e-01 5.071828560520112994e-01 5.734184346070241717e-03 5.734184346070241717e-03 3.899565294446584174e-01
9.132868719543731917e-01 4.896114046278489118e-01 1.718228774386515792e-02 1.718228774386515792e-02 3.575634244339946366e-01
9.159809393756358498e-01 5.531794220368442261e-01 -7.891735364743917777e-03 -7.891735364743917777e-03 3.959610029757643646e-01
9.326425622364126200e-01 4.062341471998602849e-01 -1.703647350824512990e-02 -1.703647350824512990e-02 3.619104661652223776e-01
9.339626514494757670e-01 5.443933587668222662e-01 -3.770339064061847129e-02 -3.770339064061847129e-02 4.063617869843291208e-01
9.528984587631738057e-01 5.113124752563649178e-01 -3.849454091390359239e-02 -3.849454091390359239e-02 4.225506171755101792e-01
9.727326439117602863e-01 4.647387937573558836e-01 -2.143196202082779320e-02 -2.143196202082779320e-02 4.409547785216482718e-01
