7.618010371223582489e-01 2.571662485833441369e-01
7.702944218175038493e-01 2.610156937149968881e-01
7.787878065126494498e-01 2.648380551625107993e-01
7.872811912077949392e-01 2.686319175454398023e-01
7.957745759029405397e-01 2.723958882598817022e-01
8.042679605980861401e-01 2.761285981349750895e-01
8.127613452932317406e-01 2.798287020757631582e-01
8.212547299883772300e-01 2.834948796919298242e-01
8.297481146835228305e-01 2.871258359119411296e-01
8.382414993786684310e-01 2.907203015821080427e-01
8.467348840738140314e-01 2.942770340500274751e-01
8.552282687689595209e-01 2.977948177319078571e-01
8.637216534641051213e-01 3.012724646632297665e-01
8.722150381592507218e-01 3.047088150322102562e-01
8.807084228543963222e-01 3.081027376955056130e-01
8.892018075495418117e-01 3.114531306756039841e-01
8.976951922446874121e-01 3.147589216393505418e-01
9.061885769398330126e-01 3.180190683570320864e-01
9.146819616349786131e-01 3.212325591414605386e-01
9.231753463301242135e-01 3.243984132664999853e-01
9.316687310252697030e-01 3.275156813644645726e-01
9.401621157204153034e-01 3.305834458018520605e-01
9.486555004155609039e-01 3.336008210328547663e-01
9.571488851107063933e-01 3.365669539301257007e-01
9.656422698058519938e-01 3.394810240922745415e-01
9.741356545009975942e-01 3.423422441275923434e-01
9.826290391961431947e-01 3.451498599135200962e-01
9.911224238912887952e-01 3.479031508313896182e-01
9.996158085864343956e-01 3.506014299760049635e-01
1.008109193281579996e+00 3.532440443396347440e-01
1.016602577976725374e+00 3.558303749700342244e-01
1.025095962671870975e+00 3.583598371021339823e-01
1.033589347367016575e+00 3.608318802630602895e-01
1.042082732062162176e+00 3.632459883502045517e-01
1.050576116757307776e+00 3.656016796820686920e-01
1.059069501452453377e+00 3.678985070216744813e-01
1.067562886147598977e+00 3.701360575723492419e-01
1.076056270842744578e+00 3.723139529457513697e-01
1.084549655537890178e+00 3.744318491020309780e-01
1.093043040233035779e+00 3.764894362620724300e-01
1.101536424928181157e+00 3.784864387918148165e-01
1.110029809623326758e+00 3.804226150586779154e-01
1.118523194318472358e+00 3.822977572601811147e-01
1.127016579013617958e+00 3.841116912248849768e-01
1.135509963708763559e+00 3.858642761858376846e-01
1.144003348403909159e+00 3.875554045267477488e-01
1.152496733099054538e+00 3.891850015011639741e-01
1.160990117794200138e+00 3.907530249249858700e-01
1.169483502489345739e+00 3.922594648426784847e-01
1.177976887184491339e+00 3.937043431676105487e-01
1.186470271879636940e+00 3.950877132969892735e-01
1.194963656574782540e+00 3.964096597019023394e-01
1.203457041269928141e+00 3.976702974930335088e-01
1.211950425965073741e+00 3.988697719626518312e-01
1.220443810660219341e+00 4.000082581035316887e-01
1.228937195355364942e+00 4.010859601054864720e-01
1.237430580050510542e+00 4.021031108302551282e-01
1.245923964745655921e+00 4.030599712655079658e-01
1.254417349440801521e+00 4.039568299587806277e-01
1.262910734135947122e+00 4.047940024321756702e-01
1.271404118831092722e+00 4.055718305787102129e-01
1.279897503526238323e+00 4.062906820412124365e-01
1.288390888221383701e+00 4.069509495746982952e-01
1.296884272916529302e+00 4.075530503931897308e-01
1.305377657611674902e+00 4.080974255019558239e-01
1.313871042306820502e+00 4.085845390161764734e-01
1.322364427001966103e+00 4.090148774670490095e-01
1.330857811697111703e+00 4.093889490963774080e-01
1.339351196392257304e+00 4.097072831406828874e-01
1.347844581087402904e+00 4.099704291059020900e-01
1.356337965782548505e+00 4.101789560337303353e-01
1.364831350477694105e+00 4.103334517606825327e-01
1.373324735172839706e+00 4.104345221709388425e-01
1.381818119867985306e+00 4.104827904440453423e-01
1.390311504563130907e+00 4.104788962985351786e-01
1.398804889258276285e+00 4.104234952325266916e-01
1.407298273953421885e+00 4.103172577623503958e-01
1.415791658648567486e+00 4.101608686602420395e-01
1.424285043343713086e+00 4.099550261921244831e-01
1.432778428038858465e+00 4.097004413564893088e-01
1.441271812734004065e+00 4.093978371253677029e-01
1.449765197429149666e+00 4.090479476883578935e-01
1.458258582124295266e+00 4.086515177006566080e-01
1.466751966819440867e+00 4.082093015360189203e-01
1.475245351514586467e+00 4.077220625455426073e-01
1.483738736209732068e+00 4.071905723231415419e-01
1.492232120904877668e+00 4.066156099785516731e-01
1.500725505600023268e+00 4.059979614186785546e-01
1.509218890295168869e+00 4.053384186380566412e-01
1.517712274990314469e+00 4.046377790191696411e-01
1.526205659685460070e+00 4.038968446433390258e-01
1.534699044380605670e+00 4.031164216128523825e-01
1.543192429075751049e+00 4.022973193849705975e-01
1.551685813770896649e+00 4.014403501184183876e-01
1.560179198466042250e+00 4.005463280329155107e-01
1.568672583161187850e+00 3.996160687822852275e-01
1.577165967856333451e+00 3.986503888416182972e-01
1.585659352551478829e+00 3.976501049089552486e-01
1.594152737246624429e+00 3.966160333218932132e-01
1.602646121941770030e+00 3.955489894894980707e-01
1.611139506636915630e+00 3.944497873398583043e-01
1.619632891332061231e+00 3.933192387835841575e-01
1.628126276027206831e+00 3.921581531935186549e-01
1.636619660722352432e+00 3.909673369008856425e-01
1.645113045417498032e+00 3.897475927080750191e-01
1.653606430112643633e+00 3.884997194182171487e-01
1.662099814807789233e+00 3.872245113816785711e-01
1.670593199502934834e+00 3.859227580595636087e-01
1.679086584198080434e+00 3.845952436042882616e-01
1.687579968893225812e+00 3.832427464572488729e-01
1.696073353588371413e+00 3.818660389635886165e-01
1.704566738283517013e+00 3.804658870040246166e-01
1.713060122978662614e+00 3.790430496436825170e-01
1.721553507673808214e+00 3.775982787978465205e-01
1.730046892368953593e+00 3.761323189145163171e-01
1.738540277064099193e+00 3.746459066736322341e-01
1.747033661759244794e+00 3.731397707028095145e-01
1.755527046454390394e+00 3.716146313093960929e-01
1.764020431149535995e+00 3.700712002286558056e-01
1.772513815844681595e+00 3.685101803878504945e-01
1.781007200539827195e+00 3.669322656859775322e-01
1.789500585234972796e+00 3.653381407889110255e-01
1.797993969930118396e+00 3.637284809396650886e-01
1.806487354625263997e+00 3.621039517834928612e-01
1.814980739320409375e+00 3.604652092075214531e-01
1.823474124015554976e+00 3.588128991946018531e-01
1.831967508710700576e+00 3.571476576910529444e-01
1.840460893405846177e+00 3.554701104879613993e-01
1.848954278100991777e+00 3.537808731156924513e-01
1.857447662796137378e+00 3.520805507512606569e-01
1.865941047491282978e+00 3.503697381381987719e-01
1.874434432186428579e+00 3.486490195185634189e-01
1.882927816881574179e+00 3.469189685767041786e-01
1.891421201576719557e+00 3.451801483944269000e-01
1.899914586271865158e+00 3.434331114171714217e-01
1.908407970967010758e+00 3.416783994308295602e-01
1.916901355662156359e+00 3.399165435488226139e-01
1.925394740357301959e+00 3.381480642090581301e-01
1.933888125052447560e+00 3.363734711803919031e-01
1.942381509747593160e+00 3.345932635782126185e-01
1.950874894442738761e+00 3.328079298887784421e-01
1.959368279137884139e+00 3.310179480019307952e-01
1.967861663833029739e+00 3.292237852518149488e-01
1.976355048528175340e+00 3.274258984652460014e-01
1.984848433223320940e+00 3.256247340173548110e-01
1.993341817918466541e+00 3.238207278941586664e-01
2.001835202613611919e+00 3.220143057617078086e-01
2.010328587308757520e+00 3.202058830414597490e-01
2.018821972003903120e+00 3.183958649915429873e-01
2.027315356699048721e+00 3.165846467935779507e-01
2.035808741394194321e+00 3.147726136447283052e-01
2.044302126089339922e+00 3.129601408546635044e-01
2.052795510784485522e+00 3.111475939471211594e-01
2.061288895479631122e+00 3.093353287657645279e-01
2.069782280174776723e+00 3.075236915840394158e-01
2.078275664869922323e+00 3.057130192187401119e-01
2.086769049565067924e+00 3.039036391470046339e-01
2.095262434260213524e+00 3.020958696264666732e-01
2.103755818955359125e+00 3.002900198182991698e-01
2.112249203650504725e+00 2.984863899128928910e-01
2.120742588345650326e+00 2.966852712579239881e-01
2.129235973040795926e+00 2.948869464885675029e-01
2.137729357735941527e+00 2.930916896596278409e-01
2.146222742431087127e+00 2.912997663793637226e-01
2.154716127126232728e+00 2.895114339447884544e-01
2.163209511821378328e+00 2.877269414782451240e-01
2.171702896516523928e+00 2.859465300650514408e-01
2.180196281211669085e+00 2.841704328920298117e-01
2.188689665906814685e+00 2.823988753867341384e-01
2.197183050601960286e+00 2.806320753572043580e-01
2.205676435297105886e+00 2.788702431320769226e-01
2.214169819992251487e+00 2.771135817008942848e-01
2.222663204687397087e+00 2.753622868544605140e-01
2.231156589382542688e+00 2.736165473250994351e-01
2.239649974077688288e+00 2.718765449266758449e-01
2.248143358772833444e+00 2.701424546942517435e-01
2.256636743467979045e+00 2.684144450232516244e-01
2.265130128163124645e+00 2.666926778080220273e-01
2.273623512858270246e+00 2.649773085796740535e-01
2.282116897553415846e+00 2.632684866431033721e-01
2.290610282248561447e+00 2.615663552130935154e-01
2.299103666943707047e+00 2.598710515494064843e-01
2.307597051638852648e+00 2.581827070907781740e-01
2.316090436333998248e+00 2.565014475877354094e-01
2.324583821029143849e+00 2.548273932341620918e-01
2.333077205724289449e+00 2.531606587975432365e-01
2.341570590419435050e+00 2.515013537478228978e-01
2.350063975114580650e+00 2.498495823848166097e-01
2.358557359809726250e+00 2.482054439641235011e-01
2.367050744504871851e+00 2.465690328214878435e-01
2.375544129200017451e+00 2.449404384955631564e-01
2.384037513895163052e+00 2.433197458490396203e-01
2.392530898590308652e+00 2.417070351880951096e-01
2.401024283285454253e+00 2.401023823801361201e-01
2.409517667980599853e+00 2.385058589698009490e-01
2.418011052675745454e+00 2.369175322931962591e-01
2.426504437370891054e+00 2.353374655903451018e-01
2.434997822066036655e+00 2.337657181158274977e-01
2.443491206761182255e+00 2.322023452475950045e-01
2.451984591456327855e+00 2.306473985939473670e-01
2.460477976151473456e+00 2.291009260986600349e-01
2.468971360846618612e+00 2.275629721442541387e-01
2.477464745541764213e+00 2.260335776534023178e-01
2.485958130236909813e+00 2.245127801884700680e-01
2.494451514932055414e+00 2.230006140491880839e-01
2.502944899627201014e+00 2.214971103684594544e-01
2.511438284322346615e+00 2.200022972063039040e-01
2.519931669017492215e+00 2.185161996419435482e-01
2.528425053712637816e+00 2.170388398640384631e-01
2.536918438407783416e+00 2.155702372590805604e-01
2.545411823102928572e+00 2.141104084979538746e-01
2.553905207798074173e+00 2.126593676206753880e-01
2.562398592493219773e+00 2.112171261193290517e-01
2.570891977188365374e+00 2.097836930192052418e-01
2.579385361883510974e+00 2.083590749581643864e-01
2.587878746578656575e+00 2.069432762642377799e-01
2.596372131273802175e+00 2.055362990314871519e-01
2.604865515968947776e+00 2.041381431941378111e-01
2.613358900664093376e+00 2.027488065990073474e-01
2.621852285359238977e+00 2.013682850762489596e-01
2.630345670054384577e+00 1.999965725084309753e-01
2.638839054749530177e+00 1.986336608979733798e-01
2.647332439444675778e+00 1.972795404329642510e-01
2.655825824139821378e+00 1.959341995513785573e-01
2.664319208834966979e+00 1.945976250037222410e-01
2.672812593530112579e+00 1.932698019141257384e-01
2.681305978225258180e+00 1.919507138399098312e-01
2.689799362920403780e+00 1.906403428296496172e-01
2.698292747615549381e+00 1.893386694797595526e-01
2.706786132310694981e+00 1.880456729896251289e-01
2.715279517005840582e+00 1.867613312153061644e-01
2.723772901700986182e+00 1.854856207218359698e-01
2.732266286396131783e+00 1.842185168341425316e-01
2.740759671091277383e+00 1.829599936866155852e-01
2.749253055786422983e+00 1.817100242713465819e-01
2.757746440481568140e+00 1.804685804850646447e-01
2.766239825176713740e+00 1.792356331747948783e-01
2.774733209871859341e+00 1.780111521822647092e-01
2.783226594567004941e+00 1.767951063870813189e-01
2.791719979262150542e+00 1.755874637487069845e-01
2.800213363957296142e+00 1.743881913472554723e-01
2.808706748652441743e+00 1.731972554231357431e-01
2.817200133347587343e+00 1.720146214155654774e-01
2.825693518042732943e+00 1.708402539999802072e-01
2.834186902737878544e+00 1.696741171243609791e-01
2.842680287433024144e+00 1.685161740445047796e-01
2.851173672128169745e+00 1.673663873582612038e-01
2.859667056823315345e+00 1.662247190387584894e-01
2.868160441518460502e+00 1.650911304666415336e-01
2.876653826213606102e+00 1.639655824613454604e-01
2.885147210908751703e+00 1.628480353114263313e-01
2.893640595603897303e+00 1.617384488039714519e-01
2.902133980299042904e+00 1.606367822531108158e-01
2.910627364994188504e+00 1.595429945276513883e-01
2.919120749689334104e+00 1.584570440778555189e-01
2.927614134384479705e+00 1.573788889613837172e-01
2.936107519079625305e+00 1.563084868684228301e-01
2.944600903774770906e+00 1.552457951460198549e-01
2.953094288469916506e+00 1.541907708216403161e-01
2.961587673165062107e+00 1.531433706259720529e-01
2.970081057860207707e+00 1.521035510149921777e-01
2.978574442555353308e+00 1.510712681913171929e-01
2.987067827250498908e+00 1.500464781248537216e-01
2.995561211945644509e+00 1.490291365727686723e-01
3.004054596640790109e+00 1.480191990987962114e-01
3.012547981335935265e+00 1.470166210918990579e-01
3.021041366031080866e+00 1.460213577843011423e-01
3.029534750726226466e+00 1.450333642689086988e-01
3.038028135421372067e+00 1.440525955161354732e-01
3.046521520116517667e+00 1.430790063901486442e-01
3.055014904811663268e+00 1.421125516645511677e-01
3.063508289506808868e+00 1.411531860375156155e-01
3.072001674201954469e+00 1.402008641463849958e-01
3.080495058897100069e+00 1.392555405817545167e-01
3.088988443592245670e+00 1.383171699010498634e-01
3.097481828287391270e+00 1.373857066416146744e-01
3.105975212982536870e+00 1.364611053333225632e-01
3.114468597677682471e+00 1.355433205107253736e-01
3.122961982372828071e+00 1.346323067247522098e-01
3.131455367067973672e+00 1.337280185539718169e-01
3.139948751763119272e+00 1.328304106154298836e-01
3.148442136458264873e+00 1.319394375750748416e-01
3.156935521153410029e+00 1.310550541577833739e-01
3.165428905848555630e+00 1.301772151569969838e-01
3.173922290543701230e+00 1.293058754439821989e-01
3.182415675238846831e+00 1.284409899767241514e-01
3.190909059933992431e+00 1.275825138084647481e-01
3.199402444629138031e+00 1.267304020958971156e-01
3.207895829324283632e+00 1.258846101070245638e-01
3.216389214019429232e+00 1.250450932286960581e-01
3.224882598714574833e+00 1.242118069738265412e-01
3.233375983409720433e+00 1.233847069883126368e-01
3.241869368104866034e+00 1.225637490576522853e-01
3.250362752800011634e+00 1.217488891132778028e-01
3.258856137495157235e+00 1.209400832386112179e-01
3.267349522190302835e+00 1.201372876748496715e-01
3.275842906885448436e+00 1.193404588264905947e-01
3.284336291580594036e+00 1.185495532666034496e-01
3.292829676275739637e+00 1.177645277418567921e-01
3.301323060970884793e+00 1.169853391773079121e-01
3.309816445666030393e+00 1.162119446809629225e-01
3.318309830361175994e+00 1.154443015481142892e-01
3.326803215056321594e+00 1.146823672654627285e-01
3.335296599751467195e+00 1.139260995150311040e-01
3.343789984446612795e+00 1.131754561778762075e-01
3.352283369141758396e+00 1.124303953376051546e-01
3.360776753836903996e+00 1.116908752837033614e-01
3.369270138532049597e+00 1.109568545146792928e-01
3.377763523227195197e+00 1.102282917410327134e-01
3.386256907922340798e+00 1.095051458880517831e-01
3.394750292617486398e+00 1.087873760984451044e-01
3.403243677312631998e+00 1.080749417348138980e-01
3.411737062007777599e+00 1.073678023819696070e-01
3.420230446702923199e+00 1.066659178491025234e-01
3.428723831398068800e+00 1.059692481718058910e-01
3.437217216093214400e+00 1.052777536139608977e-01
3.445710600788359557e+00 1.045913946694871227e-01
3.454203985483505157e+00 1.039101320639627818e-01
3.462697370178650758e+00 1.032339267561199203e-01
3.471190754873796358e+00 1.025627399392180505e-01
3.479684139568941958e+00 1.018965330423012988e-01
3.488177524264087559e+00 1.012352677313422822e-01
3.496670908959233159e+00 1.005789059102776412e-01
3.505164293654378760e+00 9.992740972193851767e-02
3.513657678349524360e+00 9.928074154887936431e-02
3.522151063044669961e+00 9.863886401410981719e-02
3.530644447739815561e+00 9.800173998173201950e-02
3.539137832434961162e+00 9.736933255748780880e-02
3.547631217130106762e+00 9.674160508921778034e-02
3.556124601825252363e+00 9.611852116723712536e-02
3.564617986520397963e+00 9.550004462462992338e-02
3.573111371215543564e+00 9.488613953746570517e-02
3.581604755910689164e+00 9.427677022494063142e-02
3.590098140605834320e+00 9.367190124944713148e-02
3.598591525300979921e+00 9.307149741657326503e-02
3.607084909996125521e+00 9.247552377503615029e-02
3.615578294691271122e+00 9.188394561655043036e-02
3.624071679386416722e+00 9.129672847563553850e-02
3.632565064081562323e+00 9.071383812936369140e-02
3.641058448776707923e+00 9.013524059705067815e-02
3.649551833471853524e+00 8.956090213989224835e-02
3.658045218166999124e+00 8.899078926054818095e-02
3.666538602862144725e+00 8.842486870267561583e-02
3.675031987557290325e+00 8.786310745041489567e-02
3.683525372252435925e+00 8.730547272782836210e-02
3.692018756947581526e+00 8.675193199829567270e-02
3.700512141642727126e+00 8.620245296386609690e-02
3.709005526337872727e+00 8.565700356457077447e-02
3.717498911033018327e+00 8.511555197769565817e-02
3.725992295728163928e+00 8.457806661701779138e-02
3.734485680423309084e+00 8.404451613200593363e-02
3.742979065118454685e+00 8.351486940698721329e-02
3.751472449813600285e+00 8.298909556028179202e-02
3.759965834508745886e+00 8.246716394330641520e-02
3.768459219203891486e+00 8.194904413964868017e-02
3.776952603899037086e+00 8.143470596411343798e-02
3.785445988594182687e+00 8.092411946174238313e-02
3.793939373289328287e+00 8.041725490680851074e-02
3.802432757984473888e+00 7.991408280178632917e-02
3.810926142679619488e+00 7.941457387629946574e-02
3.819419527374765089e+00 7.891869908604642880e-02
3.827912912069910689e+00 7.842642961170598337e-02
3.836406296765056290e+00 7.793773685782301452e-02
3.844899681460201890e+00 7.745259245167621098e-02
3.853393066155347491e+00 7.697096824212826260e-02
3.861886450850493091e+00 7.649283629845989030e-02
3.870379835545638691e+00 7.601816890918840219e-02
3.878873220240783848e+00 7.554693858087205283e-02
3.887366604935929448e+00 7.507911803690037189e-02
3.895859989631075049e+00 7.461468021627262748e-02
3.904353374326220649e+00 7.415359827236363277e-02
3.912846759021366250e+00 7.369584557167914440e-02
3.921340143716511850e+00 7.324139569260065818e-02
3.929833528411657451e+00 7.279022242412094834e-02
3.938326913106803051e+00 7.234229976457066946e-02
3.946820297801948652e+00 7.189760192033697872e-02
3.955313682497094252e+00 7.145610330457478898e-02
3.963807067192239852e+00 7.101777853591127732e-02
3.972300451887385453e+00 7.058260243714414850e-02
3.980793836582531053e+00 7.015055003393458333e-02
3.989287221277676654e+00 6.972159655349513541e-02
3.997780605972822254e+00 6.929571742327331196e-02
4.006273990667967411e+00 6.887288826963129662e-02
4.014767375363113899e+00 6.845308491652223049e-02
4.023260760058258612e+00 6.803628338416438381e-02
4.031754144753404212e+00 6.762245988771163618e-02
4.040247529448549813e+00 6.721159083592356809e-02
4.048740914143695413e+00 6.680365282983331821e-02
4.057234298838841013e+00 6.639862266141451086e-02
4.065727683533986614e+00 6.599647731224798919e-02
4.074221068229132214e+00 6.559719395218784055e-02
4.082714452924277815e+00 6.520074993802818519e-02
4.091207837619423415e+00 6.480712281217017312e-02
4.099701222314569016e+00 6.441629030129006339e-02
4.108194607009714616e+00 6.402823031500846918e-02
4.116687991704860217e+00 6.364292094456135140e-02
4.125181376400005817e+00 6.326034046147284429e-02
4.133674761095151418e+00 6.288046731623016250e-02
4.142168145790297018e+00 6.250328013696131169e-02
4.150661530485442618e+00 6.212875772811519981e-02
4.159154915180588219e+00 6.175687906914503755e-02
4.167648299875733819e+00 6.138762331319497917e-02
4.176141684570879420e+00 6.102096978579021891e-02
4.184635069266024132e+00 6.065689798353088996e-02
4.193128453961170621e+00 6.029538757278984917e-02
4.201621838656315333e+00 5.993641838841506919e-02
4.210115223351461822e+00 5.957997043243557639e-02
4.218608608046606534e+00 5.922602387277307867e-02
4.227101992741753023e+00 5.887455904195722234e-02
4.235595377436897735e+00 5.852555643584690659e-02
4.244088762132044224e+00 5.817899671235558096e-02
4.252582146827188936e+00 5.783486069018300979e-02
4.261075531522335424e+00 5.749312934755129029e-02
4.269568916217480137e+00 5.715378382094746246e-02
4.278062300912626625e+00 5.681680540387090000e-02
4.286555685607771338e+00 5.648217554558752906e-02
4.295049070302917826e+00 5.614987584988892499e-02
4.303542454998062539e+00 5.581988807385852153e-02
4.312035839693209027e+00 5.549219412664313511e-02
4.320529224388353740e+00 5.516677606823150448e-02
4.329022609083499340e+00 5.484361610823854788e-02
4.337515993778644940e+00 5.452269660469667711e-02
4.346009378473790541e+00 5.420400006285342603e-02
4.354502763168936141e+00 5.388750913397564318e-02
4.362996147864081742e+00 5.357320661416053315e-02
4.371489532559227342e+00 5.326107544315365760e-02
4.379982917254372943e+00 5.295109870317338957e-02
4.388476301949518543e+00 5.264325961774272977e-02
4.396969686644664144e+00 5.233754155052783297e-02
4.405463071339809744e+00 5.203392800418377845e-02
4.413956456034955345e+00 5.173240261920723781e-02
4.422449840730100945e+00 5.143294917279638695e-02
4.430943225425246546e+00 5.113555157771807608e-02
4.439436610120392146e+00 5.084019388118213995e-02
4.447929994815537746e+00 5.054686026372282037e-02
4.456423379510683347e+00 5.025553503808780770e-02
4.464916764205828059e+00 4.996620264813435991e-02
4.473410148900974548e+00 4.967884766773273536e-02
4.481903533596119260e+00 4.939345479967730684e-02
4.490396918291265749e+00 4.911000887460444803e-02
4.498890302986410461e+00 4.882849484991873962e-02
4.507383687681556950e+00 4.854889780872541361e-02
4.515877072376701662e+00 4.827120295877149192e-02
4.524370457071848151e+00 4.799539563139321868e-02
4.532863841766992863e+00 4.772146128047181912e-02
4.541357226462139351e+00 4.744938548139598922e-02
4.549850611157284064e+00 4.717915393003250385e-02
4.558343995852430552e+00 4.691075244170354874e-02
4.566837380547575265e+00 4.664416695017230968e-02
4.575330765242721753e+00 4.637938350663504961e-02
4.583824149937866466e+00 4.611638827872163726e-02
4.592317534633012954e+00 4.585516754950248741e-02
4.600810919328157667e+00 4.559570771650381382e-02
4.609304304023303267e+00 4.533799529072961298e-02
4.617797688718448867e+00 4.508201689569130838e-02
4.626291073413594468e+00 4.482775926644486097e-02
4.634784458108740068e+00 4.457520924863497130e-02
4.643277842803885669e+00 4.432435379754680327e-02
4.651771227499031269e+00 4.407517997716499381e-02
4.660264612194176870e+00 4.382767495923980960e-02
4.668757996889322470e+00 4.358182602236085335e-02
4.677251381584468071e+00 4.333762055103768801e-02
4.685744766279613671e+00 4.309504603478793439e-02
4.694238150974759272e+00 4.285409006723246012e-02
4.702731535669904872e+00 4.261474034519771581e-02
4.711224920365050473e+00 4.237698466782529455e-02
4.719718305060196073e+00 4.214081093568849273e-02
4.728211689755341673e+00 4.190620714991603185e-02
4.736705074450487274e+00 4.167316141132285795e-02
4.745198459145632874e+00 4.144166191954787304e-02
4.753691843840778475e+00 4.121169697219870948e-02
4.762185228535923187e+00 4.098325496400341550e-02
4.770678613231069676e+00 4.075632438596911433e-02
4.779171997926214388e+00 4.053089382454762302e-02
4.787665382621360877e+00 4.030695196080762155e-02
4.796158767316505589e+00 4.008448756961410092e-02
4.804652152011652078e+00 3.986348951881407698e-02
4.813145536706796790e+00 3.964394676842959708e-02
4.821638921401943279e+00 3.942584836985685987e-02
4.830132306097087991e+00 3.920918346507264174e-02
4.838625690792234479e+00 3.899394128584665609e-02
4.847119075487379192e+00 3.878011115296130240e-02
4.855612460182525680e+00 3.856768247543709838e-02
4.864105844877670393e+00 3.835664474976549498e-02
4.872599229572816881e+00 3.814698755914735367e-02
4.881092614267961594e+00 3.793870057273864005e-02
4.889585998963108082e+00 3.773177354490171026e-02
4.898079383658252794e+00 3.752619631446382775e-02
4.906572768353399283e+00 3.732195880398107846e-02
4.915066153048543995e+00 3.711905101900937753e-02
4.923559537743690484e+00 3.691746304738113132e-02
4.932052922438835196e+00 3.671718505848844266e-02
4.940546307133981685e+00 3.651820730257219344e-02
4.949039691829126397e+00 3.632052011001758729e-02
4.957533076524272886e+00 3.612411389065526418e-02
4.966026461219417598e+00 3.592897913306909718e-02
4.974519845914562310e+00 3.573510640390918647e-02
4.983013230609708799e+00 3.554248634721150768e-02
4.991506615304853511e+00 3.535110968372311840e-02
5.000000000000000000e+00 3.516096721023313776e-02
