7.618010371223582489e-01 2.587387985950354019e-01
7.714220626485789323e-01 2.631088827616389070e-01
7.810430881747997267e-01 2.674214314472890264e-01
7.906641137010204101e-01 2.716760949250828783e-01
8.002851392272412046e-01 2.758725231867288352e-01
8.099061647534618880e-01 2.800103659129791200e-01
8.195271902796826824e-01 2.840892724439939010e-01
8.291482158059033658e-01 2.881088917496376078e-01
8.387692413321241602e-01 2.920688723997049707e-01
8.483902668583448436e-01 2.959688625340781143e-01
8.580112923845655271e-01 2.998085098328133191e-01
8.676323179107863215e-01 3.035874614861565068e-01
8.772533434370071159e-01 3.073053641644827305e-01
8.868743689632277993e-01 3.109618639881639446e-01
8.964953944894484827e-01 3.145566064973536191e-01
9.061164200156692772e-01 3.180892366216946932e-01
9.157374455418899606e-01 3.215593986499393209e-01
9.253584710681107550e-01 3.249667361994821313e-01
9.349794965943314384e-01 3.283108921857955109e-01
9.446005221205522329e-01 3.315915087917700732e-01
9.542215476467729163e-01 3.348082274369450495e-01
9.638425731729935997e-01 3.379606887466250487e-01
9.734635986992143941e-01 3.410485325208787444e-01
9.830846242254351885e-01 3.440713977034001170e-01
9.927056497516558720e-01 3.470289223502309728e-01
1.002326675277876555e+00 3.499207435983299197e-01
1.011947700804097350e+00 3.527464976339697023e-01
1.021568726330317922e+00 3.555058196609559018e-01
1.031189751856538717e+00 3.581983438686429655e-01
1.040810777382759511e+00 3.608237033997359067e-01
1.050431802908980305e+00 3.633815303178497547e-01
1.060052828435201100e+00 3.658714555748120989e-01
1.069673853961421672e+00 3.682931089776768641e-01
1.079294879487642467e+00 3.706461191554276668e-01
1.088915905013863261e+00 3.729301135253362265e-01
1.098536930540083834e+00 3.751447182589451312e-01
1.108157956066304628e+00 3.772895582476404330e-01
1.117778981592525422e+00 3.793642570677712711e-01
1.127400007118746217e+00 3.813684369452765011e-01
1.137021032644966789e+00 3.833017187197697018e-01
1.146642058171187584e+00 3.851637218080357639e-01
1.156263083697408378e+00 3.869540641668778869e-01
1.165884109223628951e+00 3.886723622552621382e-01
1.175505134749849745e+00 3.903182309956917950e-01
1.185126160276070539e+00 3.918912837347421907e-01
1.194747185802291334e+00 3.933911322026839574e-01
1.204368211328512128e+00 3.948173864721122861e-01
1.213989236854732701e+00 3.961696549154967717e-01
1.223610262380953495e+00 3.974475441615614724e-01
1.233231287907174067e+00 3.986506590503946512e-01
1.242852313433394862e+00 3.997786025871857274e-01
1.252473338959615656e+00 4.008309758944757495e-01
1.262094364485836451e+00 4.018073781628050400e-01
1.271715390012057245e+00 4.027074065996321672e-01
1.281336415538277818e+00 4.035306563763905174e-01
1.290957441064498612e+00 4.042767205735454117e-01
1.300578466590719184e+00 4.049451901235033846e-01
1.310199492116939979e+00 4.055356537512211923e-01
1.319820517643160773e+00 4.060476979294694866e-01
1.329441543169381568e+00 4.064813326312225472e-01
1.339062568695602362e+00 4.068380965720519438e-01
1.348683594221823157e+00 4.071198690553451960e-01
1.358304619748043729e+00 4.073285258366568518e-01
1.367925645274264523e+00 4.074659393381424577e-01
1.377546670800485096e+00 4.075339788577253541e-01
1.387167696326705890e+00 4.075345107730181105e-01
1.396788721852926685e+00 4.074693987400186401e-01
1.406409747379147479e+00 4.073405038865896555e-01
1.416030772905368273e+00 4.071496850007315094e-01
1.425651798431588846e+00 4.068987987136499229e-01
1.435272823957809640e+00 4.065896996776113270e-01
1.444893849484030213e+00 4.062242407385814880e-01
1.454514875010251007e+00 4.058042731036267670e-01
1.464135900536471802e+00 4.053316465030604721e-01
1.473756926062692596e+00 4.048082093473050480e-01
1.483377951588913390e+00 4.042358088784387959e-01
1.492998977115133963e+00 4.036162913163845456e-01
1.502620002641354757e+00 4.029515019996997571e-01
1.512241028167575330e+00 4.022432855209083780e-01
1.521862053693796124e+00 4.014934858563224407e-01
1.531483079220016918e+00 4.007038245608250948e-01
1.541104104746237713e+00 3.998751746769039772e-01
1.550725130272458507e+00 3.990080485682980793e-01
1.560346155798679302e+00 3.981029569645482824e-01
1.569967181324899874e+00 3.971604103016247445e-01
1.579588206851120669e+00 3.961809187455154202e-01
1.589209232377341241e+00 3.951649922148681715e-01
1.598830257903562035e+00 3.941131404026489982e-01
1.608451283429782830e+00 3.930258727967976262e-01
1.618072308956003624e+00 3.919036986998469807e-01
1.627693334482224419e+00 3.907471272474798418e-01
1.637314360008444991e+00 3.895566674259924866e-01
1.646935385534665786e+00 3.883328280886365058e-01
1.656556411060886358e+00 3.870761179708068767e-01
1.666177436587107152e+00 3.857870457040479262e-01
1.675798462113327947e+00 3.844661198288446546e-01
1.685419487639548741e+00 3.831138488061718861e-01
1.695040513165769536e+00 3.817307410277665514e-01
1.704661538691990108e+00 3.803173047978962162e-01
1.714282564218210902e+00 3.788740294128313812e-01
1.723903589744431475e+00 3.774013518955450786e-01
1.733524615270652269e+00 3.758997000250631770e-01
1.743145640796873064e+00 3.743695012101272424e-01
1.752766666323093858e+00 3.728111825187317985e-01
1.762387691849314653e+00 3.712251707077203755e-01
1.772008717375535225e+00 3.696118922524295747e-01
1.781629742901756019e+00 3.679717733763581688e-01
1.791250768427976814e+00 3.663052400808448628e-01
1.800871793954197386e+00 3.646127181747306212e-01
1.810492819480418181e+00 3.628946333039774763e-01
1.820113845006638975e+00 3.611514109812166695e-01
1.829734870532859770e+00 3.593834766151918769e-01
1.839355896059080342e+00 3.575912555400613813e-01
1.848976921585301136e+00 3.557751730445200544e-01
1.858597947111521931e+00 3.539356544006974081e-01
1.868218972637742725e+00 3.520731264102170410e-01
1.877839998163963298e+00 3.501882470412734372e-01
1.887461023690184092e+00 3.482821517577472936e-01
1.897082049216404886e+00 3.463560360015668915e-01
1.906703074742625459e+00 3.444110963271549974e-01
1.916324100268846253e+00 3.424485304361760130e-01
1.925945125795067048e+00 3.404695372102976569e-01
1.935566151321287842e+00 3.384753167419655706e-01
1.945187176847508415e+00 3.364670703631903459e-01
1.954808202373729209e+00 3.344460006723418144e-01
1.964429227899950003e+00 3.324133115589494869e-01
1.974050253426170798e+00 3.303702082265034812e-01
1.983671278952391370e+00 3.283178972132504425e-01
1.993292304478612165e+00 3.262575864109802937e-01
2.002913330004832737e+00 3.241904850817951544e-01
2.012534355531053532e+00 3.221178038728548798e-01
2.022155381057274326e+00 3.200407548290893356e-01
2.031776406583495120e+00 3.179605514038700287e-01
2.041397432109715915e+00 3.158784084676302673e-01
2.051018457635936265e+00 3.137955423144246359e-01
2.060639483162157504e+00 3.117131706664140189e-01
2.070260508688377854e+00 3.096325126762693447e-01
2.079881534214599093e+00 3.075547889274740099e-01
2.089502559740819443e+00 3.054812214325216546e-01
2.099123585267040237e+00 3.034130336289834751e-01
2.108744610793261032e+00 3.013514503734425198e-01
2.118365636319481382e+00 2.992976979332710452e-01
2.127986661845702621e+00 2.972530039762391052e-01
2.137607687371922971e+00 2.952185975579387778e-01
2.147228712898144209e+00 2.931957091070040988e-01
2.156849738424364560e+00 2.911855653833170798e-01
2.166470763950585354e+00 2.891885888558526352e-01
2.176091789476806149e+00 2.872035178950475554e-01
2.185712815003026943e+00 2.852288779789718953e-01
2.195333840529247738e+00 2.832631928702032953e-01
2.204954866055468088e+00 2.813049846586725411e-01
2.214575891581689326e+00 2.793527738002981597e-01
2.224196917107909677e+00 2.774050791512692182e-01
2.233817942634130471e+00 2.754604179978184519e-01
2.243438968160351266e+00 2.735173060813215762e-01
2.253059993686572060e+00 2.715742576185480872e-01
2.262681019212792854e+00 2.696297853168754255e-01
2.272302044739013205e+00 2.676824003842716015e-01
2.281923070265234443e+00 2.657306125338405045e-01
2.291544095791454794e+00 2.637730995635025333e-01
2.301165121317675588e+00 2.618107295011640745e-01
2.310786146843896383e+00 2.598458976706255474e-01
2.320407172370117177e+00 2.578810332991394172e-01
2.330028197896337971e+00 2.559185685822091272e-01
2.339649223422558322e+00 2.539609386783195366e-01
2.349270248948779560e+00 2.520105816941724530e-01
2.358891274474999911e+00 2.500699386603903451e-01
2.368512300001220705e+00 2.481414534976538744e-01
2.378133325527441500e+00 2.462275729732429086e-01
2.387754351053662294e+00 2.443307466479430756e-01
2.397375376579883088e+00 2.424534268132876313e-01
2.406996402106103439e+00 2.405980684190978380e-01
2.416617427632324677e+00 2.387668396601937693e-01
2.426238453158545028e+00 2.369596929839472843e-01
2.435859478684765822e+00 2.351755538870088647e-01
2.445480504210986616e+00 2.334133401106003591e-01
2.455101529737207411e+00 2.316719672011913478e-01
2.464722555263428205e+00 2.299503484741710069e-01
2.474343580789648556e+00 2.282473949321264517e-01
2.483964606315869794e+00 2.265620151351516731e-01
2.493585631842090145e+00 2.248931150206063545e-01
2.503206657368311383e+00 2.232395976697736095e-01
2.512827682894531733e+00 2.216003630189546103e-01
2.522448708420752528e+00 2.199743075126635583e-01
2.532069733946973322e+00 2.183602987419516750e-01
2.541690759473193673e+00 2.167567747162892078e-01
2.551311784999414911e+00 2.151618162717293947e-01
2.560932810525635261e+00 2.135734954642439232e-01
2.570553836051856500e+00 2.119898873677928397e-01
2.580174861578076850e+00 2.104090705526267258e-01
2.589795887104297645e+00 2.088291273022348238e-01
2.599416912630518439e+00 2.072481435532122773e-01
2.609037938156739234e+00 2.056642085422437094e-01
2.618658963682960028e+00 2.040754141441891156e-01
2.628279989209180378e+00 2.024798538848657237e-01
2.637901014735401617e+00 2.008756216115201720e-01
2.647522040261621967e+00 1.992615624715098621e-01
2.657143065787842762e+00 1.976407152967553371e-01
2.666764091314063556e+00 1.960175709626227059e-01
2.676385116840284351e+00 1.943966218930104628e-01
2.686006142366505145e+00 1.927823622178557739e-01
2.695627167892725495e+00 1.911792889338172485e-01
2.705248193418946734e+00 1.895919026236266292e-01
2.714869218945167084e+00 1.880247077063910144e-01
2.724490244471387879e+00 1.864822121901193730e-01
2.734111269997608673e+00 1.849689268967011080e-01
2.743732295523829467e+00 1.834893641284669474e-01
2.753353321050050262e+00 1.820475382443985934e-01
2.762974346576271056e+00 1.806421399002694494e-01
2.772595372102491407e+00 1.792686297849250820e-01
2.782216397628712201e+00 1.779224193170985679e-01
2.791837423154932996e+00 1.765989172347766922e-01
2.801458448681153790e+00 1.752935308534586123e-01
2.811079474207374584e+00 1.740016671183491070e-01
2.820700499733595379e+00 1.727187334368015525e-01
2.830321525259816173e+00 1.714401382766407300e-01
2.839942550786036524e+00 1.701612915153972450e-01
2.849563576312257318e+00 1.688776045249879287e-01
2.859184601838478113e+00 1.675853380170965190e-01
2.868805627364698907e+00 1.662851629116620378e-01
2.878426652890919701e+00 1.649791790342417519e-01
2.888047678417140496e+00 1.636694872356904973e-01
2.897668703943361290e+00 1.623581887657850331e-01
2.907289729469582085e+00 1.610473853684397938e-01
2.916910754995802435e+00 1.597391793624482470e-01
2.926531780522023229e+00 1.584356737068115806e-01
2.936152806048244024e+00 1.571389720497109732e-01
2.945773831574464818e+00 1.558511787601643828e-01
2.955394857100685613e+00 1.545743989414052333e-01
2.965015882626906407e+00 1.533107384249995098e-01
2.974636908153127202e+00 1.520623037447008385e-01
2.984257933679347552e+00 1.508312020890163752e-01
2.993878959205568346e+00 1.496195412314250406e-01
3.003499984731789141e+00 1.484294294371487632e-01
3.013121010258009935e+00 1.472629753453249257e-01
3.022742035784230730e+00 1.461222878253687352e-01
3.032363061310451524e+00 1.450094758062374367e-01
3.041984086836672319e+00 1.439266480772166956e-01
3.051605112362892669e+00 1.428757982737521581e-01
3.061226137889113463e+00 1.418556612586833188e-01
3.070847163415334258e+00 1.408613277656536322e-01
3.080468188941555052e+00 1.398876965785599280e-01
3.090089214467775847e+00 1.389296671250551396e-01
3.099710239993996641e+00 1.379821396405458700e-01
3.109331265520217435e+00 1.370400151038740633e-01
3.118952291046438230e+00 1.360981949321318496e-01
3.128573316572658580e+00 1.351515804216548711e-01
3.138194342098879375e+00 1.341950719220018351e-01
3.147815367625100169e+00 1.332241222619480192e-01
3.157436393151320964e+00 1.322397192410987021e-01
3.167057418677541758e+00 1.312460322679066815e-01
3.176678444203762552e+00 1.302472678092772840e-01
3.186299469729983347e+00 1.292476325371081924e-01
3.195920495256203697e+00 1.282513340524390200e-01
3.205541520782424492e+00 1.272625811104693416e-01
3.215162546308645286e+00 1.262855833182001675e-01
3.224783571834866081e+00 1.253245502763761232e-01
3.234404597361086875e+00 1.243836723272091771e-01
3.244025622887307669e+00 1.234648622367386372e-01
3.253646648413528464e+00 1.225655473954036095e-01
3.263267673939748814e+00 1.216826309595373107e-01
3.272888699465969609e+00 1.208130179418772515e-01
3.282509724992190403e+00 1.199536164896545520e-01
3.292130750518411197e+00 1.191013387329025175e-01
3.301751776044631992e+00 1.182531011821710692e-01
3.311372801570852786e+00 1.174058246549974510e-01
3.320993827097073581e+00 1.165564337631293107e-01
3.330614852623293931e+00 1.157028455319358967e-01
3.340235878149514726e+00 1.148464973026418201e-01
3.349856903675735520e+00 1.139896059938010769e-01
3.359477929201956314e+00 1.131343861784263327e-01
3.369098954728177109e+00 1.122830507653813925e-01
3.378719980254397903e+00 1.114378114409008275e-01
3.388341005780618698e+00 1.106008788581381019e-01
3.397962031306839492e+00 1.097744625618717884e-01
3.407583056833059842e+00 1.089607704538751998e-01
3.417204082359280637e+00 1.081614333399286559e-01
3.426825107885501431e+00 1.073762298356438077e-01
3.436446133411722226e+00 1.066045653750446742e-01
3.446067158937943020e+00 1.058458434586016239e-01
3.455688184464163815e+00 1.050994655360065061e-01
3.465309209990384609e+00 1.043648308834650845e-01
3.474930235516604959e+00 1.036413364754920491e-01
3.484551261042825754e+00 1.029283768511956298e-01
3.494172286569046548e+00 1.022253401903027437e-01
3.503793312095267343e+00 1.015313771612816190e-01
3.513414337621488137e+00 1.008452712029411780e-01
3.523035363147708932e+00 1.001657798695217289e-01
3.532656388673929726e+00 9.949166826844783873e-02
3.542277414200150076e+00 9.882170964152331427e-02
3.551898439726370871e+00 9.815468560709220136e-02
3.561519465252591665e+00 9.748938605048169947e-02
3.571140490778812460e+00 9.682460864998077010e-02
3.580761516305033254e+00 9.615929386236848897e-02
3.590382541831254049e+00 9.549342504154691158e-02
3.600003567357474843e+00 9.482746400858756142e-02
3.609624592883695637e+00 9.416187289821464912e-02
3.619245618409915988e+00 9.349711166655277905e-02
3.628866643936136782e+00 9.283363818097500886e-02
3.638487669462357577e+00 9.217190830907796839e-02
3.648108694988578371e+00 9.151237600688992557e-02
3.657729720514799165e+00 9.085549340641439764e-02
3.667350746041019960e+00 9.020171090260835356e-02
3.676971771567240754e+00 8.955147723988932107e-02
3.686592797093461105e+00 8.890523959826104883e-02
3.696213822619681899e+00 8.826344367914387701e-02
3.705834848145902694e+00 8.762653379098955808e-02
3.715455873672123488e+00 8.699495293475585644e-02
3.725076899198344282e+00 8.636914288930963579e-02
3.734697924724565077e+00 8.574954200637943669e-02
3.744318950250785871e+00 8.513636889869982682e-02
3.753939975777006222e+00 8.452944603592728312e-02
3.763561001303227016e+00 8.392855640686867902e-02
3.773182026829447810e+00 8.333348580805216566e-02
3.782803052355668605e+00 8.274402224529035788e-02
3.792424077881889399e+00 8.215995431789945014e-02
3.802045103408110194e+00 8.158106853285423954e-02
3.811666128934330988e+00 8.100714522872581869e-02
3.821287154460551783e+00 8.043792922082561303e-02
3.830908179986772133e+00 7.987311147061082472e-02
3.840529205512992927e+00 7.931237665154405869e-02
3.850150231039213722e+00 7.875541227728520555e-02
3.859771256565434516e+00 7.820191207865417882e-02
3.869392282091655311e+00 7.765157855676173282e-02
3.879013307617876105e+00 7.710412467177456264e-02
3.888634333144096900e+00 7.655929056544491518e-02
3.898255358670317250e+00 7.601733228242585350e-02
3.907876384196538044e+00 7.547910677564000081e-02
3.917497409722758839e+00 7.494550437337194060e-02
3.927118435248979633e+00 7.441741418858546786e-02
3.936739460775200428e+00 7.389572420465845282e-02
3.946360486301421222e+00 7.338132135049785232e-02
3.955981511827642016e+00 7.287509156436169921e-02
3.965602537353862367e+00 7.237779842833598487e-02
3.975223562880083161e+00 7.188912909516355365e-02
3.984844588406303956e+00 7.140820857366134145e-02
3.994465613932524750e+00 7.093415700085879683e-02
4.004086639458745545e+00 7.046609452394797524e-02
4.013707664984966783e+00 7.000314128400585145e-02
4.023328690511187133e+00 6.954441739513263221e-02
4.032949716037407484e+00 6.908904291880739457e-02
4.042570741563627834e+00 6.863613783326316664e-02
4.052191767089849073e+00 6.818482199768431673e-02
4.061812792616070311e+00 6.773421511103437653e-02
4.071433818142290662e+00 6.728343666532625444e-02
4.081054843668511012e+00 6.683160589315760569e-02
4.090675869194732250e+00 6.637784170934463157e-02
4.100296894720953489e+00 6.592126264650220724e-02
4.109917920247173839e+00 6.546124906302973334e-02
4.119538945773394190e+00 6.499925879755137637e-02
4.129159971299614540e+00 6.453773822581812536e-02
4.138780996825835778e+00 6.407913956840803615e-02
4.148402022352057017e+00 6.362591500424980007e-02
4.158023047878277367e+00 6.318051678331634835e-02
4.167644073404497718e+00 6.274539729639672103e-02
4.177265098930718068e+00 6.232293134916655486e-02
4.186886124456939307e+00 6.191361011084783178e-02
4.196507149983160545e+00 6.151598601123046961e-02
4.206128175509380895e+00 6.112852208905162482e-02
4.215749201035601246e+00 6.074968063266578816e-02
4.225370226561822484e+00 6.037792313431862568e-02
4.234991252088043723e+00 6.001171022137656574e-02
4.244612277614264073e+00 5.964950156384964119e-02
4.254233303140484423e+00 5.928975575762870931e-02
4.263854328666704774e+00 5.893093018298124069e-02
4.273475354192926012e+00 5.857148083801255040e-02
4.283096379719147251e+00 5.820986214701017597e-02
4.292717405245367601e+00 5.784452674384465976e-02
4.302338430771587952e+00 5.747392523090847499e-02
4.311959456297809190e+00 5.709651962915938267e-02
4.321580481824029540e+00 5.671219501859349477e-02
4.331201507350250779e+00 5.632348714846470428e-02
4.340822532876471129e+00 5.593322316269565969e-02
4.350443558402691480e+00 5.554423355067775875e-02
4.360064583928912718e+00 5.515935255860064668e-02
4.369685609455133957e+00 5.478141847570045658e-02
4.379306634981354307e+00 5.441324559851159343e-02
4.388927660507574657e+00 5.405580124189541397e-02
4.398548686033795008e+00 5.370709307599368099e-02
4.408169711560016246e+00 5.336486859590883897e-02
4.417790737086237485e+00 5.302688075743851315e-02
4.427411762612457835e+00 5.269088635176513713e-02
4.437032788138678185e+00 5.235464378734137891e-02
4.446653813664899424e+00 5.201599308632317425e-02
4.456274839191120662e+00 5.167485914979565165e-02
4.465895864717341013e+00 5.133335735768033981e-02
4.475516890243561363e+00 5.099370375733795757e-02
4.485137915769781713e+00 5.065811378134718601e-02
4.494758941296002952e+00 5.032880199494949719e-02
4.504379966822224191e+00 5.000797819694456636e-02
4.514000992348444541e+00 4.969751222247871525e-02
4.523622017874664891e+00 4.939631245781202912e-02
4.533243043400885242e+00 4.910173223010431270e-02
4.542864068927106480e+00 4.881112780461412115e-02
4.552485094453327719e+00 4.852187806776545737e-02
4.562106119979548069e+00 4.823138456666081070e-02
4.571727145505768419e+00 4.793706656359670443e-02
4.581348171031989658e+00 4.763738372033011342e-02
4.590969196558210896e+00 4.733390248323700311e-02
4.600590222084431247e+00 4.702876053183075583e-02
4.610211247610651597e+00 4.672409132292976858e-02
4.619832273136871947e+00 4.642202983572463887e-02
4.629453298663093186e+00 4.612471327082217493e-02
4.639074324189314424e+00 4.583417947144943771e-02
4.648695349715534775e+00 4.555061176610657875e-02
4.658316375241755125e+00 4.527253458017746479e-02
4.667937400767975475e+00 4.499841665311027361e-02
4.677558426294196714e+00 4.472673499005928865e-02
4.687179451820417952e+00 4.445597793209353499e-02
4.696800477346638303e+00 4.418464592903865312e-02
4.706421502872858653e+00 4.391172585069129386e-02
4.716042528399079892e+00 4.363772248630480577e-02
4.725663553925301130e+00 4.336343688804229074e-02
4.735284579451521481e+00 4.308966626110620479e-02
4.744905604977741831e+00 4.281720510941270513e-02
4.754526630503962181e+00 4.254684614901010214e-02
4.764147656030184308e+00 4.227938097925038052e-02
4.773768681556404658e+00 4.201560050125255352e-02
4.783389707082625009e+00 4.175629507277236335e-02
4.793010732608845359e+00 4.150225438823186563e-02
4.802631758135065709e+00 4.125426707236286988e-02
4.812252783661287836e+00 4.101311997569621198e-02
4.821873809187508186e+00 4.077956971057789676e-02
4.831494834713728537e+00 4.055328147081237872e-02
4.841115860239948887e+00 4.033249534593672664e-02
4.850736885766169237e+00 4.011535948530691592e-02
4.860357911292391364e+00 3.990002787157530262e-02
4.869978936818611714e+00 3.968466042355790063e-02
4.879599962344832065e+00 3.946742513404341568e-02
4.889220987871052415e+00 3.924742180907493661e-02
4.898842013397274542e+00 3.902596899949772186e-02
4.908463038923494892e+00 3.880470587890447187e-02
4.918084064449715243e+00 3.858526877708882280e-02
4.927705089975935593e+00 3.836929137813586271e-02
4.937326115502155943e+00 3.815840329358363009e-02
4.946947141028378070e+00 3.795346686924255808e-02
4.956568166554598420e+00 3.775255948839554426e-02
4.966189192080818771e+00 3.755313050897647609e-02
4.975810217607039121e+00 3.735264090935819237e-02
4.985431243133259471e+00 3.714856263257661217e-02
4.995052268659481598e+00 3.693837435134262465e-02
5.004673294185701948e+00 3.672046869606876429e-02
5.014294319711922299e+00 3.649739695579316823e-02
5.023915345238142649e+00 3.627289086577667465e-02
5.033536370764364776e+00 3.605068508894893053e-02
5.043157396290585126e+00 3.583452092145681528e-02
5.052778421816805476e+00 3.562814482140859440e-02
5.062399447343025827e+00 3.543427272765177494e-02
5.072020472869246177e+00 3.525088740368313017e-02
5.081641498395468304e+00 3.507461375954837313e-02
5.091262523921688654e+00 3.490208197532287254e-02
5.100883549447909004e+00 3.472993115897675398e-02
5.110504574974129355e+00 3.455480869260378618e-02
5.120125600500351482e+00 3.437439813556592699e-02
5.129746626026571832e+00 3.419028125238671167e-02
5.139367651552792182e+00 3.400495690033882024e-02
5.148988677079012533e+00 3.382092417504269782e-02
5.158609702605232883e+00 3.364068465440728933e-02
5.168230728131455010e+00 3.346673947888668260e-02
5.177851753657675360e+00 3.330061057846823297e-02
5.187472779183895710e+00 3.314130072973724833e-02
5.197093804710116061e+00 3.298741197504651695e-02
5.206714830236336411e+00 3.283754742898727097e-02
5.216335855762558538e+00 3.269031332343620005e-02
5.225956881288778888e+00 3.254432024892639497e-02
5.235577906814999238e+00 3.239818356567130547e-02
5.245198932341219589e+00 3.225052295868473251e-02
5.254819957867441715e+00 3.209996111099841509e-02
5.264440983393662066e+00 3.194512146683537585e-02
5.274062008919882416e+00 3.178462505258800030e-02
5.283683034446102766e+00 3.161725486480333747e-02
5.293304059972323117e+00 3.144431398099450242e-02
5.302925085498545243e+00 3.126905581217254843e-02
5.312546111024765594e+00 3.109479348008456143e-02
5.322167136550985944e+00 3.092485289442271565e-02
5.331788162077206294e+00 3.076257092096466514e-02
5.341409187603426645e+00 3.061049747205718888e-02
5.351030213129648772e+00 3.046708258947058295e-02
5.360651238655869122e+00 3.032944896784579500e-02
5.370272264182089472e+00 3.019471934155862694e-02
5.379893289708309823e+00 3.006002103065028019e-02
5.389514315234531949e+00 2.992250576797221909e-02
5.399135340760752300e+00 2.978109335692597642e-02
5.408756366286972650e+00 2.963780434472398223e-02
5.418377391813193000e+00 2.949497323451712866e-02
5.427998417339413351e+00 2.935493777123486525e-02
5.437619442865635477e+00 2.922004057005746572e-02
5.447240468391855828e+00 2.909233806575562548e-02
5.456861493918076178e+00 2.897105075073393848e-02
5.466482519444296528e+00 2.885379376430065659e-02
5.476103544970518655e+00 2.873816262963498069e-02
5.485724570496739005e+00 2.862175232407739370e-02
5.495345596022959356e+00 2.850216248718105694e-02
5.504966621549179706e+00 2.837814458836671050e-02
5.514587647075400056e+00 2.825102938871624364e-02
5.524208672601622183e+00 2.812249844210799182e-02
5.533829698127842533e+00 2.799423492963053900e-02
5.543450723654062884e+00 2.786792424539231636e-02
5.553071749180283234e+00 2.774511364800741342e-02
5.562692774706503585e+00 2.762606586655606475e-02
5.572313800232725711e+00 2.751035342447323215e-02
5.581934825758946062e+00 2.739754167119440309e-02
5.591555851285166412e+00 2.728719545710903832e-02
5.601176876811386762e+00 2.717888115995746937e-02
5.610797902337608889e+00 2.707229213170544643e-02
5.620418927863829239e+00 2.696732480287931596e-02
5.630039953390049590e+00 2.686389363206126424e-02
5.639660978916269940e+00 2.676191290320481878e-02
5.649282004442490290e+00 2.666129671740481016e-02
5.658903029968712417e+00 2.656195897794745922e-02
5.668524055494932767e+00 2.646381336861273331e-02
5.678145081021153118e+00 2.636677332523600092e-02
5.687766106547373468e+00 2.627075200058687915e-02
5.697387132073593818e+00 2.617566222268886619e-02
5.707008157599815945e+00 2.608139240574655973e-02
5.716629183126036295e+00 2.598752796607893198e-02
5.726250208652256646e+00 2.589344716303026983e-02
5.735871234178476996e+00 2.579852387759178078e-02
5.745492259704699123e+00 2.570213157648002650e-02
5.755113285230919473e+00 2.560366240123672019e-02
5.764734310757139824e+00 2.550335918435801125e-02
5.774355336283360174e+00 2.540263783858538391e-02
5.783976361809580524e+00 2.530300235495649627e-02
5.793597387335802651e+00 2.520595956738372334e-02
5.803218412862023001e+00 2.511301746723732659e-02
5.812839438388243352e+00 2.502510041937548724e-02
5.822460463914463702e+00 2.494165632926580861e-02
5.832081489440684052e+00 2.486190233554640486e-02
5.841702514966906179e+00 2.478505403200618670e-02
5.851323540493126529e+00 2.471032573001848143e-02
5.860944566019346880e+00 2.463701889399090919e-02
5.870565591545567230e+00 2.456480847189801073e-02
5.880186617071789357e+00 2.449346812238439863e-02
5.889807642598009707e+00 2.442277103486123827e-02
5.899428668124230057e+00 2.435248986431625198e-02
5.909049693650450408e+00 2.428239665023166488e-02
5.918670719176670758e+00 2.421226271894772603e-02
5.928291744702892885e+00 2.414185856959853368e-02
5.937912770229113235e+00 2.407095374388373149e-02
5.947533795755333585e+00 2.399931668010886476e-02
5.957154821281553936e+00 2.392678548380188300e-02
5.966775846807776063e+00 2.385379861113337552e-02
5.976396872333996413e+00 2.378109843760593464e-02
5.986017897860216763e+00 2.370943160809649980e-02
5.995638923386437114e+00 2.363954697953621689e-02
6.005259948912657464e+00 2.357213345692790729e-02
6.014880974438879591e+00 2.350725987722692215e-02
6.024501999965099941e+00 2.344463859531524530e-02
6.034123025491320291e+00 2.338397857627102366e-02
6.043744051017540642e+00 2.332498963568571670e-02
6.053365076543760992e+00 2.326738239574417666e-02
6.062986102069983119e+00 2.321086822587964046e-02
6.072607127596203469e+00 2.315515916753110859e-02
6.082228153122423819e+00 2.309996784255705440e-02
6.091849178648644170e+00 2.304500734489836611e-02
6.101470204174866296e+00 2.299001554937679659e-02
6.111091229701086647e+00 2.293495452120177663e-02
6.120712255227306997e+00 2.287990442573651154e-02
6.130333280753527347e+00 2.282494307521065052e-02
6.139954306279747698e+00 2.277014451379820101e-02
6.149575331805969824e+00 2.271563651500369332e-02
6.159196357332190175e+00 2.266196817122570137e-02
6.168817382858410525e+00 2.260987704227040637e-02
6.178438408384630876e+00 2.256010282664765512e-02
6.188059433910851226e+00 2.251338697514767770e-02
6.197680459437073353e+00 2.247015742230553878e-02
6.207301484963293703e+00 2.242919990919857789e-02
6.216922510489514053e+00 2.238877269891172833e-02
6.226543536015734404e+00 2.234714148352841268e-02
6.236164561541956530e+00 2.230257872755662257e-02
6.245785587068176881e+00 2.225409071108346015e-02
6.255406612594397231e+00 2.220314002533842895e-02
6.265027638120617581e+00 2.215169693746553425e-02
6.274648663646837932e+00 2.210172134503134850e-02
6.284269689173060058e+00 2.205515435076612143e-02
6.293890714699280409e+00 2.201304734746014485e-02
6.303511740225500759e+00 2.197470004817213274e-02
6.313132765751721109e+00 2.193922646461984177e-02
6.322753791277941460e+00 2.190576700424631124e-02
6.332374816804163586e+00 2.187349077134983014e-02
6.341995842330383937e+00 2.184179355988005028e-02
6.351616867856604287e+00 2.181030453712038547e-02
6.361237893382824637e+00 2.177865242264829734e-02
6.370858918909046764e+00 2.174645750415573481e-02
6.380479944435267114e+00 2.171336895124200556e-02
6.390100969961487465e+00 2.167942364587537724e-02
6.399721995487707815e+00 2.164488818211170867e-02
6.409343021013928166e+00 2.161003588528221872e-02
6.418964046540150292e+00 2.157514779533219879e-02
6.428585072066370643e+00 2.154051532405331856e-02
6.438206097592590993e+00 2.150644172864788622e-02
6.447827123118811343e+00 2.147324241418578639e-02
6.457448148645033470e+00 2.144124408030978479e-02
6.467069174171253820e+00 2.141078195154247008e-02
6.476690199697474171e+00 2.138213951030504961e-02
6.486311225223694521e+00 2.135549824166902214e-02
6.495932250749914871e+00 2.133101724716176747e-02
6.505553276276136998e+00 2.130884312213661078e-02
6.515174301802357348e+00 2.128907269113225476e-02
6.524795327328577699e+00 2.127136846562253242e-02
6.534416352854798049e+00 2.125512261525633675e-02
6.544037378381018399e+00 2.123973984879774790e-02
6.553658403907240526e+00 2.122464353314783281e-02
6.563279429433460876e+00 2.120929801816173049e-02
6.572900454959681227e+00 2.119325951224812835e-02
6.582521480485901577e+00 2.117609704075297875e-02
6.592142506012123704e+00 2.115737352264459095e-02
6.601763531538344054e+00 2.113667046792680818e-02
6.611384557064564405e+00 2.111424010737252693e-02
6.621005582590784755e+00 2.109108931481108382e-02
6.630626608117005105e+00 2.106825637892563094e-02
6.640247633643227232e+00 2.104676693267660756e-02
6.649868659169447582e+00 2.102753751261832865e-02
6.659489684695667933e+00 2.101097899647798653e-02
6.669110710221888283e+00 2.099735568117563900e-02
6.678731735748108633e+00 2.098696385221130584e-02
6.688352761274330760e+00 2.098011322218064703e-02
6.697973786800551110e+00 2.097628915316922943e-02
6.707594812326771461e+00 2.097378361378564315e-02
6.717215837852991811e+00 2.097078216201889861e-02
6.726836863379213938e+00 2.096545608160503213e-02
6.736457888905434288e+00 2.095628461346484353e-02
6.746078914431654638e+00 2.094362100226312973e-02
6.755699939957874989e+00 2.092850403443167334e-02
6.765320965484095339e+00 2.091197793563659771e-02
6.774941991010317466e+00 2.089509202451553596e-02
6.784563016536537816e+00 2.087890101762047979e-02
6.794184042062758166e+00 2.086446502770366446e-02
6.803805067588978517e+00 2.085284926510520484e-02
6.813426093115200644e+00 2.084512345253878088e-02
6.823047118641420994e+00 2.084200469385789900e-02
6.832668144167641344e+00 2.084262591819184898e-02
6.842289169693861695e+00 2.084567110356995781e-02
6.851910195220082045e+00 2.084981342237967814e-02
6.861531220746304172e+00 2.085375004667440815e-02
6.871152246272524522e+00 2.085683031587372283e-02
6.880773271798744872e+00 2.085899104492094230e-02
6.890394297324965223e+00 2.086020867413698743e-02
6.900015322851185573e+00 2.086048048578916306e-02
6.909636348377407700e+00 2.086006925187706626e-02
6.919257373903628050e+00 2.085984745537923860e-02
6.928878399429848400e+00 2.086076449174828831e-02
6.938499424956068751e+00 2.086375586164310875e-02
6.948120450482290877e+00 2.086946900170631725e-02
6.957741476008511228e+00 2.087657750036606835e-02
6.967362501534731578e+00 2.088290662507117507e-02
6.976983527060951928e+00 2.088629677497638726e-02
6.986604552587172279e+00 2.088470188495514593e-02
6.996225578113394405e+00 2.087856026792404146e-02
7.005846603639614756e+00 2.087093841110053763e-02
7.015467629165835106e+00 2.086501816835418383e-02
7.025088654692055457e+00 2.086396544783128068e-02
7.034709680218275807e+00 2.086952199725226539e-02
7.044330705744497934e+00 2.087998626919423603e-02
7.053951731270718284e+00 2.089315065142306749e-02
7.063572756796938634e+00 2.090681805598993900e-02
7.073193782323158985e+00 2.091911622175875174e-02
7.082814807849381111e+00 2.092994509486459029e-02
7.092435833375601462e+00 2.093982033220421687e-02
7.102056858901821812e+00 2.094925587743024994e-02
7.111677884428042162e+00 2.095876353757870555e-02
7.121298909954262513e+00 2.096885314331406111e-02
7.130919935480484639e+00 2.098003264700947987e-02
7.140540961006704990e+00 2.099280815974861186e-02
7.150161986532925340e+00 2.100766442885704938e-02
7.159783012059145690e+00 2.102431715504165036e-02
7.169404037585366041e+00 2.104147987802224007e-02
7.179025063111588167e+00 2.105779994581505332e-02
7.188646088637808518e+00 2.107192968386384369e-02
7.198267114164028868e+00 2.108338685804329871e-02
7.207888139690249218e+00 2.109367423916159653e-02
7.217509165216471345e+00 2.110456942788655268e-02
7.227130190742691696e+00 2.111784661430566104e-02
7.236751216268912046e+00 2.113478463255405448e-02
7.246372241795132396e+00 2.115472328839615793e-02
7.255993267321352747e+00 2.117653258270559002e-02
7.265614292847574873e+00 2.119909187003249373e-02
7.275235318373795224e+00 2.122139039122293569e-02
7.284856343900015574e+00 2.124307649309192803e-02
7.294477369426235924e+00 2.126405514722178730e-02
7.304098394952458051e+00 2.128422785784685189e-02
7.313719420478678401e+00 2.130349273963158194e-02
7.323340446004898752e+00 2.132174502423894377e-02
7.332961471531119102e+00 2.133887734430639851e-02
7.342582497057339452e+00 2.135477980150260816e-02
7.352203522583561579e+00 2.136939519309578872e-02
7.361824548109781929e+00 2.138353469664851930e-02
7.371445573636002280e+00 2.139870293954357350e-02
7.381066599162222630e+00 2.141642637990709419e-02
7.390687624688442980e+00 2.143817669111721877e-02
7.400308650214665107e+00 2.146406021789711016e-02
7.409929675740885457e+00 2.149279091565316213e-02
7.419550701267105808e+00 2.152301836687613504e-02
7.429171726793326158e+00 2.155339017978221902e-02
7.438792752319548285e+00 2.158255188256055085e-02
7.448413777845768635e+00 2.160914672202645867e-02
7.458034803371988986e+00 2.163181536843868449e-02
7.467655828898209336e+00 2.164923883173805810e-02
7.477276854424429686e+00 2.166212992708572982e-02
7.486897879950651813e+00 2.167407419118637379e-02
7.496518905476872163e+00 2.168888755967022380e-02
7.506139931003092514e+00 2.171035059378741139e-02
7.515760956529312864e+00 2.173946758528587722e-02
7.525381982055533214e+00 2.177298918535171962e-02
7.535003007581755341e+00 2.180729870896429973e-02
7.544624033107975691e+00 2.183880785972998687e-02
7.554245058634196042e+00 2.186610224545533845e-02
7.563866084160416392e+00 2.189117761538097312e-02
7.573487109686638519e+00 2.191632821129662137e-02
7.583108135212858869e+00 2.194382811417252069e-02
7.592729160739079219e+00 2.197471437200459315e-02
7.602350186265299570e+00 2.200814149792678157e-02
7.611971211791519920e+00 2.204310639074934589e-02
7.621592237317742047e+00 2.207861099297192542e-02
7.631213262843962397e+00 2.211388227231303807e-02
7.640834288370182747e+00 2.214846399706718247e-02
7.650455313896403098e+00 2.218192688091730549e-02
7.660076339422623448e+00 2.221386280746309033e-02
7.669697364948845575e+00 2.224448207028218924e-02
7.679318390475065925e+00 2.227474823494166728e-02
7.688939416001286276e+00 2.230566770845280808e-02
7.698560441527506626e+00 2.233821514912926950e-02
7.708181467053728753e+00 2.237267736039985633e-02
7.717802492579949103e+00 2.240864169137144618e-02
7.727423518106169453e+00 2.244566382726720724e-02
7.737044543632389804e+00 2.248329923545312747e-02
7.746665569158610154e+00 2.252110317838779477e-02
7.756286594684832281e+00 2.255863073276350925e-02
7.765907620211052631e+00 2.259543681547352204e-02
7.775528645737272981e+00 2.263120209661317189e-02
7.785149671263493332e+00 2.266695128419077623e-02
7.794770696789715458e+00 2.270452638796778902e-02
7.804391722315935809e+00 2.274578630015139033e-02
7.814012747842156159e+00 2.279194417662180894e-02
7.823633773368376509e+00 2.283967435455514644e-02
7.833254798894596860e+00 2.288371327292244850e-02
7.842875824420818986e+00 2.291878786420517219e-02
7.852496849947039337e+00 2.294174529349954361e-02
7.862117875473259687e+00 2.295890651642387356e-02
7.871738900999480038e+00 2.297923137318317113e-02
7.881359926525700388e+00 2.301166431494075168e-02
7.890980952051922515e+00 2.306077941311392848e-02
7.900601977578142865e+00 2.311918679507933908e-02
7.910223003104363215e+00 2.317748790381902319e-02
7.919844028630583566e+00 2.322639113047354070e-02
7.929465054156805692e+00 2.326224408022392609e-02
7.939086079683026043e+00 2.329070251298468938e-02
7.948707105209246393e+00 2.331828629889459714e-02
7.958328130735466743e+00 2.335131970482360805e-02
7.967949156261687094e+00 2.339191249034758280e-02
7.977570181787909220e+00 2.343804989138815326e-02
7.987191207314129571e+00 2.348755061188415039e-02
7.996812232840349921e+00 2.353835124106948284e-02
8.006433258366570271e+00 2.358942758642886342e-02
8.016054283892790622e+00 2.364032602671403693e-02
8.025675309419012748e+00 2.369059779235203889e-02
8.035296334945233099e+00 2.373979315017152314e-02
8.044917360471453449e+00 2.378746156660547020e-02
8.054538385997673799e+00 2.383315184277326818e-02
8.064159411523895926e+00 2.387641222224361898e-02
8.073780437050116277e+00 2.391679047218839976e-02
8.083401462576336627e+00 2.395383393855409285e-02
8.093022488102556977e+00 2.398708957579841899e-02
8.102643513628777328e+00 2.401622341214100856e-02
8.112264539154999454e+00 2.404398428843683780e-02
8.121885564681219805e+00 2.407640269819932843e-02
8.131506590207440155e+00 2.411966795075508319e-02
8.141127615733660505e+00 2.417871912988833402e-02
8.150748641259882632e+00 2.424796966785883884e-02
8.160369666786102982e+00 2.431655860890143822e-02
8.169990692312323333e+00 2.437358552182589816e-02
8.179611717838543683e+00 2.441215702645832888e-02
8.189232743364764033e+00 2.443878248725921826e-02
8.198853768890986160e+00 2.446277603093743175e-02
8.208474794417206510e+00 2.449335365788915184e-02
8.218095819943426861e+00 2.453505339161898488e-02
8.227716845469647211e+00 2.458593675528822353e-02
8.237337870995867561e+00 2.464358784717127909e-02
8.246958896522089688e+00 2.470554799769345347e-02
8.256579922048310038e+00 2.476895832106229198e-02
8.266200947574530389e+00 2.483073529467023574e-02
8.275821973100750739e+00 2.488780235085055401e-02
8.285442998626972866e+00 2.493812920004314510e-02
8.295064024153193216e+00 2.498319811506754390e-02
8.304685049679413567e+00 2.502522990279559822e-02
8.314306075205633917e+00 2.506644305447169180e-02
8.323927100731854267e+00 2.510905471660347318e-02
8.333548126258076394e+00 2.515528054541986067e-02
8.343169151784296744e+00 2.520733346293447044e-02
8.352790177310517095e+00 2.526678273083759682e-02
8.362411202836737445e+00 2.533043335283251957e-02
8.372032228362957795e+00 2.539295040970455247e-02
8.381653253889179922e+00 2.544901495224983351e-02
8.391274279415400272e+00 2.549651752782484265e-02
8.400895304941620623e+00 2.554068417344902350e-02
8.410516330467840973e+00 2.558776162276647434e-02
8.420137355994063100e+00 2.564356824717288832e-02
8.429758381520283450e+00 2.570752643889640324e-02
8.439379407046503800e+00 2.577413209019808679e-02
8.449000432572724151e+00 2.583777110259887974e-02
8.458621458098944501e+00 2.589423404586517485e-02
8.468242483625166628e+00 2.594450993166374023e-02
8.477863509151386978e+00 2.599079735779856112e-02
8.487484534677607328e+00 2.603529085706983784e-02
8.497105560203827679e+00 2.608018350883500869e-02
8.506726585730048029e+00 2.612766822241489872e-02
8.516347611256270156e+00 2.617993771661508359e-02
8.525968636782490506e+00 2.623843982586670370e-02
8.535589662308710857e+00 2.630073421462143096e-02
8.545210687834931207e+00 2.636311651879184176e-02
8.554831713361153334e+00 2.642193243340043227e-02
8.564452738887373684e+00 2.647564700526725337e-02
8.574073764413594034e+00 2.652564567311644500e-02
8.583694789939814385e+00 2.657352614736052318e-02
8.593315815466034735e+00 2.662088562279806350e-02
8.602936840992256862e+00 2.666932109952884281e-02
8.612557866518477212e+00 2.672042937636996685e-02
8.622178892044697562e+00 2.677578472251754271e-02
8.631799917570917913e+00 2.683579331716264699e-02
8.641420943097140039e+00 2.689913485278469518e-02
8.651041968623360390e+00 2.696435058962335513e-02
8.660662994149580740e+00 2.702995856459734780e-02
8.670284019675801090e+00 2.709432789807905001e-02
8.679905045202021441e+00 2.715577168682674694e-02
8.689526070728243567e+00 2.721263928468067861e-02
8.699147096254463918e+00 2.726485698750683029e-02
8.708768121780684268e+00 2.731451330437790689e-02
8.718389147306904619e+00 2.736385215512060487e-02
8.728010172833124969e+00 2.741477845797893678e-02
8.737631198359347096e+00 2.746744645207909244e-02
8.747252223885567446e+00 2.752144843992113121e-02
8.756873249411787796e+00 2.757639745547823054e-02
8.766494274938009923e+00 2.763244524017046885e-02
8.776115300464230273e+00 2.769034381071752010e-02
8.785736325990450624e+00 2.775088394536768394e-02
8.795357351516670974e+00 2.781443196881074748e-02
8.804978377042891324e+00 2.787973433169549028e-02
8.814599402569113451e+00 2.794515514170534815e-02
8.824220428095333801e+00 2.800913390112566223e-02
8.833841453621554152e+00 2.807127174251163731e-02
8.843462479147774502e+00 2.813207527713331574e-02
8.853083504673996629e+00 2.819207560676719945e-02
8.862704530200216979e+00 2.825180485566583521e-02
8.872325555726437329e+00 2.831179625266301222e-02
8.881946581252657680e+00 2.837258382362915776e-02
8.891567606778878030e+00 2.843452663050521911e-02
8.901188632305100157e+00 2.849660496070465301e-02
8.910809657831320507e+00 2.855714656894271786e-02
8.920430683357540858e+00 2.861451628775991268e-02
8.930051708883761208e+00 2.866874428600427877e-02
8.939672734409981558e+00 2.872207218691805869e-02
8.949293759936203685e+00 2.877689491082987411e-02
8.958914785462424035e+00 2.883518873204793387e-02
8.968535810988644386e+00 2.889734475359411262e-02
8.978156836514864736e+00 2.896338634340406976e-02
8.987777862041086863e+00 2.903316304667652101e-02
8.997398887567307213e+00 2.910429045757786243e-02
9.007019913093527563e+00 2.917288676976001124e-02
9.016640938619747914e+00 2.923509178134613834e-02
9.026261964145968264e+00 2.929004428653292705e-02
9.035882989672190391e+00 2.934196256305131312e-02
9.045504015198410741e+00 2.939556112785562253e-02
9.055125040724631091e+00 2.945468318121130177e-02
9.064746066250851442e+00 2.951920254279249631e-02
9.074367091777071792e+00 2.958786932857703986e-02
9.083988117303293919e+00 2.965943487789476571e-02
9.093609142829514269e+00 2.973268432989520371e-02
9.103230168355734619e+00 2.980642747220043492e-02
9.112851193881954970e+00 2.987947558102610132e-02
9.122472219408177097e+00 2.995064072910845476e-02
9.132093244934397447e+00 3.001873519710163141e-02
9.141714270460617797e+00 3.008257049143919434e-02
9.151335295986838148e+00 3.014172845212072238e-02
9.160956321513058498e+00 3.019879057649468498e-02
9.170577347039280625e+00 3.025706977165894263e-02
9.180198372565500975e+00 3.031935936714325389e-02
9.189819398091721325e+00 3.038334660657943456e-02
9.199440423617941676e+00 3.044383364227502831e-02
9.209061449144162026e+00 3.049582239743804657e-02
9.218682474670384153e+00 3.054181909972798065e-02
9.228303500196604503e+00 3.059324835683085997e-02
9.237924525722824853e+00 3.066203518293490402e-02
9.247545551249045204e+00 3.075238680745438075e-02
9.257166576775267330e+00 3.084940078465655405e-02
9.266787602301487681e+00 3.093527082045286619e-02
9.276408627827708031e+00 3.099608486515182532e-02
9.286029653353928381e+00 3.103875427391549965e-02
9.295650678880148732e+00 3.107713103568702021e-02
9.305271704406370858e+00 3.112422294811037493e-02
9.314892729932591209e+00 3.118272158572855599e-02
9.324513755458811559e+00 3.124844323929054299e-02
9.334134780985031909e+00 3.131712814951721074e-02
9.343755806511254036e+00 3.138621813810012900e-02
9.353376832037474387e+00 3.145527250888201232e-02
9.362997857563694737e+00 3.152398540822642925e-02
9.372618883089915087e+00 3.159205538295092874e-02
9.382239908616135438e+00 3.165918521617478582e-02
9.391860934142357564e+00 3.172507954722492141e-02
9.401481959668577915e+00 3.178960571483749331e-02
9.411102985194798265e+00 3.185334501765961501e-02
9.420724010721018615e+00 3.191707737529630301e-02
9.430345036247238966e+00 3.198149224933967416e-02
9.439966061773461092e+00 3.204652376125975005e-02
9.449587087299681443e+00 3.211174563946852384e-02
9.459208112825901793e+00 3.217680867219382262e-02
9.468829138352122143e+00 3.224242933096407165e-02
9.478450163878344270e+00 3.231019851223460027e-02
9.488071189404564620e+00 3.238169555794020299e-02
9.497692214930784971e+00 3.245686662485923468e-02
9.507313240457005321e+00 3.253345316769034462e-02
9.516934265983225671e+00 3.260903988382756608e-02
9.526555291509447798e+00 3.268121055471635145e-02
9.536176317035668148e+00 3.274754837320388579e-02
9.545797342561888499e+00 3.280563638961393053e-02
9.555418368088108849e+00 3.285490329416991540e-02
9.565039393614329200e+00 3.290119993459214576e-02
9.574660419140551326e+00 3.295177654865006495e-02
9.584281444666771677e+00 3.301262909829273673e-02
9.593902470192992027e+00 3.308278698588025535e-02
9.603523495719212377e+00 3.315887817077006056e-02
9.613144521245434504e+00 3.323752850683522886e-02
9.622765546771654854e+00 3.331536456099340460e-02
9.632386572297875205e+00 3.338901207956226913e-02
9.642007597824095555e+00 3.345537758849542742e-02
9.651628623350315905e+00 3.351542466276401233e-02
9.661249648876538032e+00 3.357314960298087708e-02
9.670870674402758382e+00 3.363252572656656031e-02
9.680491699928978733e+00 3.369487332268925744e-02
9.690112725455199083e+00 3.375875767498024566e-02
9.699733750981419433e+00 3.382263048441756098e-02
9.709354776507641560e+00 3.388612987884946637e-02
9.718975802033861910e+00 3.395060111617914655e-02
9.728596827560082261e+00 3.401755060896874405e-02
9.738217853086302611e+00 3.408739340898832987e-02
9.747838878612524738e+00 3.415849672379309143e-02
9.757459904138745088e+00 3.422903316229301829e-02
9.767080929664965439e+00 3.429766713590769178e-02
9.776701955191185789e+00 3.436423320471840293e-02
9.786322980717406139e+00 3.442878353369662608e-02
9.795944006243628266e+00 3.449164824513586275e-02
9.805565031769848616e+00 3.455386896463027990e-02
9.815186057296068967e+00 3.461661573298303873e-02
9.824807082822289317e+00 3.468084181788794879e-02
9.834428108348511444e+00 3.474663601035370142e-02
9.844049133874731794e+00 3.481387719985372386e-02
9.853670159400952144e+00 3.488245527679186692e-02
9.863291184927172495e+00 3.495227285376793086e-02
9.872912210453392845e+00 3.502323817878356949e-02
9.882533235979614972e+00 3.509535100536468472e-02
9.892154261505835322e+00 3.516918186147978409e-02
9.901775287032055672e+00 3.524552788631619277e-02
9.911396312558276023e+00 3.532466857335306298e-02
9.921017338084496373e+00 3.540323223506463418e-02
9.930638363610718500e+00 3.547633139821596004e-02
9.940259389136938850e+00 3.554004328073230579e-02
9.949880414663159200e+00 3.559783902608176093e-02
9.959501440189379551e+00 3.565660772115452487e-02
9.969122465715601678e+00 3.572228231560747175e-02
9.978743491241822028e+00 3.579258176348850545e-02
9.988364516768042378e+00 3.586109410754317883e-02
9.997985542294262729e+00 3.592236140946365036e-02
1.000760656782048308e+01 3.597976548870057689e-02
1.001722759334670521e+01 3.604144729357771498e-02
1.002684861887292556e+01 3.611451613078321687e-02
1.003646964439914591e+01 3.619565558214241086e-02
1.004609066992536626e+01 3.627570386786090062e-02
1.005571169545158661e+01 3.634628818969102421e-02
1.006533272097780873e+01 3.640737371481005819e-02
1.007495374650402908e+01 3.646367670865201249e-02
1.008457477203024943e+01 3.651997362300203609e-02
1.009419579755646978e+01 3.658104401304366343e-02
1.010381682308269191e+01 3.665165689567508739e-02
1.011343784860891226e+01 3.673537717042805323e-02
1.012305887413513261e+01 3.682475878912441075e-02
1.013267989966135296e+01 3.690641821491683766e-02
1.014230092518757331e+01 3.696881215308008006e-02
1.015192195071379544e+01 3.701632502518300422e-02
1.016154297624001579e+01 3.706159100689803559e-02
1.017116400176623614e+01 3.711615649360194141e-02
1.018078502729245649e+01 3.718216898967233175e-02
1.019040605281867862e+01 3.725729738137365660e-02
1.020002707834489897e+01 3.733865173900044465e-02
1.020964810387111932e+01 3.741914116269983576e-02
1.021926912939733967e+01 3.748982846901682819e-02
1.022889015492356002e+01 3.754414601957770103e-02
1.023851118044978215e+01 3.759020629860530122e-02
1.024813220597600250e+01 3.764170929601749760e-02
1.025775323150222285e+01 3.770900569949864334e-02
1.026737425702844320e+01 3.778488042462704866e-02
1.027699528255466355e+01 3.785640457009207399e-02
1.028661630808088567e+01 3.791372971436102884e-02
1.029623733360710602e+01 3.796035180770859774e-02
1.030585835913332637e+01 3.800338868941379594e-02
1.031547938465954672e+01 3.804995543059903201e-02
1.032510041018576885e+01 3.810716721152616893e-02
1.033472143571198920e+01 3.818212995967941448e-02
1.034434246123820955e+01 3.827619040104416476e-02
1.035396348676442990e+01 3.837450074225833008e-02
1.036358451229065025e+01 3.845944334575565615e-02
1.037320553781687238e+01 3.852344187179899265e-02
1.038282656334309273e+01 3.858106873374201468e-02
1.039244758886931308e+01 3.864971856007317491e-02
1.040206861439553343e+01 3.873534574717996115e-02
1.041168963992175378e+01 3.882436370287111610e-02
1.042131066544797591e+01 3.890152833556064643e-02
1.043093169097419626e+01 3.896108681166065429e-02
1.044055271650041661e+01 3.900966737472189028e-02
1.045017374202663696e+01 3.905473421721566973e-02
1.045979476755285908e+01 3.910376577042191243e-02
1.046941579307907944e+01 3.916425886666991679e-02
1.047903681860529979e+01 3.924282834434342920e-02
1.048865784413152014e+01 3.933384050677959931e-02
1.049827886965774049e+01 3.942277355500194147e-02
1.050789989518396261e+01 3.949629941660438154e-02
1.051752092071018296e+01 3.955359460197276078e-02
1.052714194623640331e+01 3.960038557642842072e-02
1.053676297176262366e+01 3.964254024211706640e-02
1.054638399728884401e+01 3.968600400828840163e-02
1.055600502281506614e+01 3.973674233516285431e-02
1.056562604834128649e+01 3.979883527471329147e-02
1.057524707386750684e+01 3.986944607083522246e-02
1.058486809939372719e+01 3.994424625383167365e-02
1.059448912491994932e+01 4.001939029401419684e-02
1.060411015044616967e+01 4.009188836736586603e-02
1.061373117597239002e+01 4.015889992409905906e-02
1.062335220149861037e+01 4.021981875079855967e-02
1.063297322702483072e+01 4.027758657406080994e-02
1.064259425255105285e+01 4.033545320452235766e-02
1.065221527807727320e+01 4.039653104815477819e-02
1.066183630360349355e+01 4.046379083082436018e-02
1.067145732912971390e+01 4.053970800842931349e-02
1.068107835465593602e+01 4.062068520257869353e-02
1.069069938018215637e+01 4.069900632353444514e-02
1.070032040570837673e+01 4.076797427832667270e-02
1.070994143123459708e+01 4.082840951042855659e-02
1.071956245676081743e+01 4.088428628366751194e-02
1.072918348228703955e+01 4.093925836698136811e-02
1.073880450781325990e+01 4.099567414991278635e-02
1.074842553333948025e+01 4.105556396387865375e-02
1.075804655886570060e+01 4.112096044525679478e-02
1.076766758439192095e+01 4.119389786271708542e-02
1.077728860991814308e+01 4.127623547791515329e-02
1.078690963544436343e+01 4.136272929631824857e-02
1.079653066097058378e+01 4.143874333298889351e-02
1.080615168649680413e+01 4.149020494651602803e-02
1.081577271202302626e+01 4.152144392093329306e-02
1.082539373754924661e+01 4.155108271580919277e-02
1.083501476307546696e+01 4.159646823935811422e-02
1.084463578860168731e+01 4.166285445948071653e-02
1.085425681412790766e+01 4.175018551520917609e-02
1.086387783965412979e+01 4.185416970849072799e-02
1.087349886518035014e+01 4.195496810921132969e-02
1.088311989070657049e+01 4.202929078780857919e-02
1.089274091623279084e+01 4.206918130676130796e-02
1.090236194175901119e+01 4.209637011151915603e-02
1.091198296728523331e+01 4.213529603259451306e-02
1.092160399281145367e+01 4.219314011438869694e-02
1.093122501833767402e+01 4.225905291577935347e-02
1.094084604386389437e+01 4.232228098577945491e-02
1.095046706939011649e+01 4.238067980009142810e-02
1.096008809491633684e+01 4.243687615655013234e-02
1.096970912044255719e+01 4.249353649768018715e-02
1.097933014596877754e+01 4.255332034999050050e-02
1.098895117149499789e+01 4.261886347569973643e-02
1.099857219702122002e+01 4.268969256696229786e-02
1.100819322254744037e+01 4.275874602782264722e-02
1.101781424807366072e+01 4.281846071649002272e-02
1.102743527359988107e+01 4.286971323218925767e-02
1.103705629912610142e+01 4.292237667809421786e-02
1.104667732465232355e+01 4.298563646033675550e-02
1.105629835017854390e+01 4.305880178128244917e-02
1.106591937570476425e+01 4.313611876743399937e-02
1.107554040123098460e+01 4.321228752361641612e-02
1.108516142675720673e+01 4.328339485729657682e-02
1.109478245228342708e+01 4.334591050051275762e-02
1.110440347780964743e+01 4.339916451299371397e-02
1.111402450333586778e+01 4.344747258145129076e-02
1.112364552886208813e+01 4.349565822404320714e-02
1.113326655438831025e+01 4.354689474279773570e-02
1.114288757991453060e+01 4.360292275983655014e-02
1.115250860544075096e+01 4.366493764673718553e-02
1.116212963096697131e+01 4.373099464190146474e-02
1.117175065649319343e+01 4.379795721458286384e-02
1.118137168201941378e+01 4.386267727142024314e-02
1.119099270754563413e+01 4.392200327333008886e-02
1.120061373307185448e+01 4.397298445402782197e-02
1.121023475859807483e+01 4.401815305539662909e-02
1.121985578412429696e+01 4.406609277387686652e-02
1.122947680965051731e+01 4.412424870399635213e-02
1.123909783517673766e+01 4.418814393965351389e-02
1.124871886070295801e+01 4.424752609630447364e-02
1.125833988622917836e+01 4.429614351417437978e-02
1.126796091175540049e+01 4.434016117308472310e-02
1.127758193728162084e+01 4.438799636254062847e-02
1.128720296280784119e+01 4.444358336972079049e-02
1.129682398833406154e+01 4.450519049442841490e-02
1.130644501386028367e+01 4.457072629518862156e-02
1.131606603938650402e+01 4.463810480684659437e-02
1.132568706491272437e+01 4.470524590362028039e-02
1.133530809043894472e+01 4.477105914908952738e-02
1.134492911596516507e+01 4.483763453183171183e-02
1.135455014149138719e+01 4.490762107487571153e-02
1.136417116701760754e+01 4.498098162216928458e-02
1.137379219254382789e+01 4.505430795599844190e-02
1.138341321807004825e+01 4.512398760254167362e-02
1.139303424359626860e+01 4.518641988457758329e-02
1.140265526912249072e+01 4.523801508261484500e-02
1.141227629464871107e+01 4.527785379669971993e-02
1.142189732017493142e+01 4.531272989097123727e-02
1.143151834570115177e+01 4.535070016249976438e-02
1.144113937122737390e+01 4.539664670855213247e-02
1.145076039675359425e+01 4.545201608177561192e-02
1.146038142227981460e+01 4.551664727459871912e-02
1.147000244780603495e+01 4.558061446954235485e-02
1.147962347333225530e+01 4.563001423922489336e-02
1.148924449885847743e+01 4.566056416597009254e-02
1.149886552438469778e+01 4.568967205517510122e-02
1.150848654991091813e+01 4.573681354043230424e-02
1.151810757543713848e+01 4.580382569002523080e-02
1.152772860096336061e+01 4.587796432828480930e-02
1.153734962648958096e+01 4.594775455871790565e-02
1.154697065201580131e+01 4.600926114510192622e-02
1.155659167754202166e+01 4.606075335170761731e-02
1.156621270306824201e+01 4.610311891362658954e-02
1.157583372859446413e+01 4.614114593073247866e-02
1.158545475412068448e+01 4.617993738275066179e-02
1.159507577964690483e+01 4.622459409879529912e-02
1.160469680517312518e+01 4.628020678089656698e-02
1.161431783069934554e+01 4.634730670930812396e-02
1.162393885622556766e+01 4.641413091670399532e-02
1.163355988175178801e+01 4.646780038432503368e-02
1.164318090727800836e+01 4.651368918114164031e-02
1.165280193280422871e+01 4.657379436442721232e-02
1.166242295833045084e+01 4.666209052859884160e-02
1.167204398385667119e+01 4.675177874109209125e-02
1.168166500938289154e+01 4.680468162138684551e-02
1.169128603490911189e+01 4.681375522516010440e-02
1.170090706043533224e+01 4.681689574488798883e-02
1.171052808596155437e+01 4.685059088157666335e-02
1.172014911148777472e+01 4.691247299856342312e-02
1.172977013701399507e+01 4.698179651507125576e-02
1.173939116254021542e+01 4.704459251512239232e-02
1.174901218806643577e+01 4.710202245420236355e-02
1.175863321359265790e+01 4.715714043939167599e-02
1.176825423911887825e+01 4.721140845600967084e-02
1.177787526464509860e+01 4.726517191716922417e-02
1.178749629017131895e+01 4.731875103743712202e-02
1.179711731569754107e+01 4.737246421810539093e-02
1.180673834122376142e+01 4.742662805520467956e-02
1.181635936674998177e+01 4.748155674604693371e-02
1.182598039227620212e+01 4.753756090078917890e-02
1.183560141780242247e+01 4.759409045246965758e-02
1.184522244332864460e+01 4.764676664989194593e-02
1.185484346885486495e+01 4.769029060309948331e-02
1.186446449438108530e+01 4.772411591054911972e-02
1.187408551990730565e+01 4.775361524948470299e-02
1.188370654543352600e+01 4.778429466241877061e-02
1.189332757095974813e+01 4.782028503021148319e-02
1.190294859648596848e+01 4.786513166984734252e-02
1.191256962201218883e+01 4.791779468260289748e-02
1.192219064753840918e+01 4.797020492000230590e-02
1.193181167306463131e+01 4.801504457588648411e-02
1.194143269859085166e+01 4.805460229022222307e-02
1.195105372411707201e+01 4.809539425239071908e-02
1.196067474964329236e+01 4.814132101405783903e-02
1.197029577516951271e+01 4.819150941289367107e-02
1.197991680069573484e+01 4.824457912492740447e-02
1.198953782622195519e+01 4.829914701909474029e-02
1.199915885174817554e+01 4.835383540571248917e-02
1.200877987727439589e+01 4.840801118207238574e-02
1.201840090280061801e+01 4.846254717455523303e-02
1.202802192832683836e+01 4.851805866592161232e-02
1.203764295385305871e+01 4.857084723039039459e-02
1.204726397937927906e+01 4.861486817341272026e-02
1.205688500490549941e+01 4.864913406168987903e-02
1.206650603043172154e+01 4.868338368900695240e-02
1.207612705595794189e+01 4.872765453610510000e-02
1.208574808148416224e+01 4.878157603594031333e-02
1.209536910701038259e+01 4.883893676793410465e-02
1.210499013253660294e+01 4.889345885604358399e-02
1.211461115806282507e+01 4.893886269689702584e-02
1.212423218358904542e+01 4.896988704780005225e-02
1.213385320911526577e+01 4.899072789099707254e-02
1.214347423464148612e+01 4.901068408165528550e-02
1.215309526016770825e+01 4.903607980149852358e-02
1.216271628569392860e+01 4.906727871784796052e-02
1.217233731122014895e+01 4.910394812099667938e-02
1.218195833674636930e+01 4.914575740635552387e-02
1.219157936227258965e+01 4.919237877666986919e-02
1.220120038779881178e+01 4.924348745295063084e-02
1.221082141332503213e+01 4.929876138799638152e-02
1.222044243885125248e+01 4.935754531130782941e-02
1.223006346437747283e+01 4.941681445955469626e-02
1.223968448990369318e+01 4.947252093332844131e-02
1.224930551542991530e+01 4.952077899434936814e-02
1.225892654095613565e+01 4.955796709317267928e-02
1.226854756648235600e+01 4.958219344550163221e-02
1.227816859200857635e+01 4.960118624945084043e-02
1.228778961753479848e+01 4.962587428670209300e-02
1.229741064306101883e+01 4.966113730242100593e-02
1.230703166858723918e+01 4.970452461802003785e-02
1.231665269411345953e+01 4.975295456819240486e-02
1.232627371963967988e+01 4.980256098381460189e-02
1.233589474516590201e+01 4.984941615213513838e-02
1.234551577069212236e+01 4.989227617517971031e-02
1.235513679621834271e+01 4.993239269119710555e-02
1.236475782174456306e+01 4.997111148156881122e-02
1.237437884727078341e+01 5.000977524064693230e-02
1.238399987279700554e+01 5.004972056077523768e-02
1.239362089832322589e+01 5.009226235348456652e-02
1.240324192384944624e+01 5.013868493008713512e-02
1.241286294937566659e+01 5.018656113169274458e-02
1.242248397490188871e+01 5.022542096536990186e-02
1.243210500042810907e+01 5.024651852391179285e-02
1.244172602595432942e+01 5.026275700827782106e-02
1.245134705148054977e+01 5.029696705238284604e-02
1.246096807700677012e+01 5.035453664581721056e-02
1.247058910253299224e+01 5.041518219671520945e-02
1.248021012805921259e+01 5.046048908625896251e-02
1.248983115358543294e+01 5.049119029824782057e-02
1.249945217911165329e+01 5.051396714113547820e-02
1.250907320463787542e+01 5.053726278210096678e-02
1.251869423016409577e+01 5.057116944618914034e-02
1.252831525569031612e+01 5.062099901006296421e-02
1.253793628121653647e+01 5.067793035406011753e-02
1.254755730674275682e+01 5.073058682786450724e-02
1.255717833226897895e+01 5.076760672722133855e-02
1.256679935779519930e+01 5.077786405515722495e-02
1.257642038332141965e+01 5.076863285046678831e-02
1.258604140884764000e+01 5.077876595825441680e-02
1.259566243437386035e+01 5.083941496370401186e-02
1.260528345990008248e+01 5.092273199738293205e-02
1.261490448542630283e+01 5.098246120012452087e-02
1.262452551095252318e+01 5.100837853726520460e-02
1.263414653647874353e+01 5.102596267297905552e-02
1.264376756200496565e+01 5.105286968421539340e-02
1.265338858753118600e+01 5.108023607069809430e-02
1.266300961305740636e+01 5.109645419283976447e-02
1.267263063858362671e+01 5.110685795167617396e-02
1.268225166410984706e+01 5.112581740839788197e-02
1.269187268963606918e+01 5.115761195217780749e-02
1.270149371516228953e+01 5.119126090263573237e-02
1.271111474068850988e+01 5.121738673859502211e-02
1.272073576621473023e+01 5.123901029860014611e-02
1.273035679174095058e+01 5.126252793776144012e-02
1.273997781726717271e+01 5.129433297789248031e-02
1.274959884279339306e+01 5.134076170438497261e-02
1.275921986831961341e+01 5.140013147108290353e-02
1.276884089384583376e+01 5.145433344051058427e-02
1.277846191937205589e+01 5.148758812558274639e-02
1.278808294489827624e+01 5.151010686026562951e-02
1.279770397042449659e+01 5.154101937485787432e-02
1.280732499595071694e+01 5.158353528232911128e-02
1.281694602147693729e+01 5.162522858109429291e-02
1.282656704700315942e+01 5.165758773043931107e-02
1.283618807252937977e+01 5.168380525479950721e-02
1.284580909805560012e+01 5.170892172615763893e-02
1.285543012358182047e+01 5.173797901065953220e-02
1.286505114910804259e+01 5.177570957559453346e-02
1.287467217463426294e+01 5.181786659840886822e-02
1.288429320016048329e+01 5.185005627135624157e-02
1.289391422568670365e+01 5.186339099349606546e-02
1.290353525121292400e+01 5.186645721005989779e-02
1.291315627673914612e+01 5.187097789606535253e-02
1.292277730226536647e+01 5.188867985111327019e-02
1.293239832779158682e+01 5.193067784095932449e-02
1.294201935331780717e+01 5.198853263379472900e-02
1.295164037884402752e+01 5.203069805711606211e-02
1.296126140437024965e+01 5.203864170285454199e-02
1.297088242989647000e+01 5.203584787674092604e-02
1.298050345542269035e+01 5.204994992848497454e-02
1.299012448094891070e+01 5.208078770455011608e-02
1.299974550647513283e+01 5.211523317388627036e-02
1.300936653200135318e+01 5.214789466989716571e-02
1.301898755752757353e+01 5.218215826564761434e-02
1.302860858305379388e+01 5.221921959854165796e-02
1.303822960858001423e+01 5.225319593509435839e-02
1.304785063410623636e+01 5.227816036403597905e-02
1.305747165963245671e+01 5.229581466683241170e-02
1.306709268515867706e+01 5.231096832158690230e-02
1.307671371068489741e+01 5.232621404744727117e-02
1.308633473621111776e+01 5.234198448528519509e-02
1.309595576173733988e+01 5.235863674164459997e-02
1.310557678726356023e+01 5.237654453105427405e-02
1.311519781278978058e+01 5.239688552115010639e-02
1.312481883831600094e+01 5.242513662953467157e-02
1.313443986384222306e+01 5.246716107704975374e-02
1.314406088936844341e+01 5.251325731298861488e-02
1.315368191489466376e+01 5.254210725426795847e-02
1.316330294042088411e+01 5.254855415950455272e-02
1.317292396594710446e+01 5.255475274840504252e-02
1.318254499147332659e+01 5.257559574446113437e-02
1.319216601699954694e+01 5.258821537489973691e-02
1.320178704252576729e+01 5.256698936735427347e-02
1.321140806805198764e+01 5.254543792517103046e-02
1.322102909357820799e+01 5.258742716834462899e-02
1.323065011910443012e+01 5.269379138230884108e-02
1.324027114463065047e+01 5.279198700415390494e-02
1.324989217015687082e+01 5.283133108446983611e-02
1.325951319568309117e+01 5.282532912998993274e-02
1.326913422120931330e+01 5.279723617265080771e-02
1.327875524673553365e+01 5.277031058511592876e-02
1.328837627226175400e+01 5.276649474168899900e-02
1.329799729778797435e+01 5.278912797611743507e-02
1.330761832331419470e+01 5.282760849394051855e-02
1.331723934884041682e+01 5.286095862269232781e-02
1.332686037436663717e+01 5.285307018269779639e-02
1.333648139989285752e+01 5.279438987376361414e-02
1.334610242541907787e+01 5.276292343605953894e-02
1.335572345094530000e+01 5.283620838061096892e-02
1.336534447647152035e+01 5.296884107885772852e-02
1.337496550199774070e+01 5.306669437092425418e-02
1.338458652752396105e+01 5.309726534900516964e-02
1.339420755305018140e+01 5.308078059817144395e-02
1.340382857857640353e+01 5.304243525868025666e-02
1.341344960410262388e+01 5.301288156195737428e-02
1.342307062962884423e+01 5.301454724519028688e-02
1.343269165515506458e+01 5.304034357549985285e-02
1.344231268068128493e+01 5.307695760151733000e-02
1.345193370620750706e+01 5.311107559811013845e-02
1.346155473173372741e+01 5.312992652725542775e-02
1.347117575725994776e+01 5.313006690271868809e-02
1.348079678278616811e+01 5.311601327538489209e-02
1.349041780831239024e+01 5.310003746163331068e-02
1.350003883383861059e+01 5.310622969583811415e-02
1.350965985936483094e+01 5.314585828417199564e-02
1.351928088489105129e+01 5.318792806641152449e-02
1.352890191041727164e+01 5.319946860227475066e-02
1.353852293594349376e+01 5.318466038545947155e-02
1.354814396146971411e+01 5.316177464785377255e-02
1.355776498699593446e+01 5.314910937910372057e-02
1.356738601252215481e+01 5.316452630047827088e-02
1.357700703804837516e+01 5.320937575022996469e-02
1.358662806357459729e+01 5.326383275378754334e-02
1.359624908910081764e+01 5.331199480518892392e-02
1.360587011462703799e+01 5.335040710107841200e-02
1.361549114015325834e+01 5.337739429505219263e-02
1.362511216567948047e+01 5.339127978819779852e-02
1.363473319120570082e+01 5.339038503630163385e-02
1.364435421673192117e+01 5.337302861275225463e-02
1.365397524225814152e+01 5.333873434540104680e-02
1.366359626778436187e+01 5.331044831018307700e-02
1.367321729331058400e+01 5.333160254450799304e-02
1.368283831883680435e+01 5.340088275297952269e-02
1.369245934436302470e+01 5.344582818456466294e-02
1.370208036988924505e+01 5.342315523745366779e-02
1.371170139541546540e+01 5.338724105959095911e-02
1.372132242094168753e+01 5.339347043405991144e-02
1.373094344646790788e+01 5.341829524831102211e-02
1.374056447199412823e+01 5.341837119117650440e-02
1.375018549752034858e+01 5.339584662256140896e-02
1.375980652304657070e+01 5.337704985703962263e-02
1.376942754857279105e+01 5.337297240978379487e-02
1.377904857409901140e+01 5.338021086649643449e-02
1.378866959962523175e+01 5.339481149930631887e-02
1.379829062515145210e+01 5.341281001377907317e-02
1.380791165067767423e+01 5.343023508898100266e-02
1.381753267620389458e+01 5.344311153810083620e-02
1.382715370173011493e+01 5.344894949534145789e-02
1.383677472725633528e+01 5.345180027677732398e-02
1.384639575278255741e+01 5.345754293646402117e-02
1.385601677830877776e+01 5.347208152414614779e-02
1.386563780383499811e+01 5.349985042971282245e-02
1.387525882936121846e+01 5.352427435934528632e-02
1.388487985488743881e+01 5.351431443597701870e-02
1.389450088041366094e+01 5.347749104042272272e-02
1.390412190593988129e+01 5.346700315946172066e-02
1.391374293146610164e+01 5.350501142246633091e-02
1.392336395699232199e+01 5.355079531124311981e-02
1.393298498251854234e+01 5.356937194358573490e-02
1.394260600804476447e+01 5.356361305738096407e-02
1.395222703357098482e+01 5.354346307644063802e-02
1.396184805909720517e+01 5.351887516154086449e-02
1.397146908462342552e+01 5.349980790552069654e-02
1.398109011014964764e+01 5.349620861049701748e-02
1.399071113567586799e+01 5.351596574795762506e-02
1.400033216120208834e+01 5.353817018594321520e-02
1.400995318672830869e+01 5.352233636868217181e-02
1.401957421225452904e+01 5.347678018419126794e-02
1.402919523778075117e+01 5.346424320549234693e-02
1.403881626330697152e+01 5.350515262407590233e-02
1.404843728883319187e+01 5.354446768081005947e-02
1.405805831435941222e+01 5.354586437131677451e-02
1.406767933988563257e+01 5.353811921860972267e-02
1.407730036541185470e+01 5.354883943829601145e-02
1.408692139093807505e+01 5.356210668480008291e-02
1.409654241646429540e+01 5.355579410345707309e-02
1.410616344199051575e+01 5.353345214935208152e-02
1.411578446751673788e+01 5.350809385765727816e-02
1.412540549304295823e+01 5.349274683585467094e-02
1.413502651856917858e+01 5.349910782202596526e-02
1.414464754409539893e+01 5.351846298593117973e-02
1.415426856962161928e+01 5.352660696058317985e-02
1.416388959514784140e+01 5.351292703967493875e-02
1.417351062067406176e+01 5.348246540888116490e-02
1.418313164620028211e+01 5.344409577867486466e-02
1.419275267172650246e+01 5.341131141714314245e-02
1.420237369725272458e+01 5.339359710373966367e-02
1.421199472277894493e+01 5.339070412261299331e-02
1.422161574830516528e+01 5.340109182950763395e-02
1.423123677383138563e+01 5.342320403985002103e-02
1.424085779935760598e+01 5.345374408329538890e-02
1.425047882488382811e+01 5.348181704298721195e-02
1.426009985041004846e+01 5.349652809983497515e-02
1.426972087593626881e+01 5.349993487626080596e-02
1.427934190146248916e+01 5.349919393683776753e-02
1.428896292698870951e+01 5.350148557735732308e-02
1.429858395251493164e+01 5.351212477805281087e-02
1.430820497804115199e+01 5.350990811050104073e-02
1.431782600356737234e+01 5.345702472449181258e-02
1.432744702909359269e+01 5.338130965025440072e-02
1.433706805461981482e+01 5.337318229586621859e-02
1.434668908014603517e+01 5.343339605151899152e-02
1.435631010567225552e+01 5.344388156106893301e-02
1.436593113119847587e+01 5.335906103173695958e-02
1.437555215672469622e+01 5.327038329290098573e-02
1.438517318225091834e+01 5.324470520562859382e-02
1.439479420777713869e+01 5.326370889895881700e-02
1.440441523330335905e+01 5.329752065896740248e-02
1.441403625882957940e+01 5.331632848123757373e-02
1.442365728435579975e+01 5.330001934675084041e-02
1.443327830988202187e+01 5.326625818906910448e-02
1.444289933540824222e+01 5.324192898314766137e-02
1.445252036093446257e+01 5.325391900115086091e-02
1.446214138646068292e+01 5.331906716047259132e-02
1.447176241198690505e+01 5.338632316444921755e-02
1.448138343751312540e+01 5.338577297014654444e-02
1.449100446303934575e+01 5.332959011145237127e-02
1.450062548856556610e+01 5.327059424901844920e-02
1.451024651409178645e+01 5.323153909384812504e-02
1.451986753961800858e+01 5.321477551974579390e-02
1.452948856514422893e+01 5.321545402405321312e-02
1.453910959067044928e+01 5.322315304933296354e-02
1.454873061619666963e+01 5.322728521702044940e-02
1.455835164172288998e+01 5.321758400134778827e-02
1.456797266724911211e+01 5.319438312131417879e-02
1.457759369277533246e+01 5.317057780703872416e-02
1.458721471830155281e+01 5.315364495687254637e-02
1.459683574382777316e+01 5.314217147279696324e-02
1.460645676935399528e+01 5.313405152787450264e-02
1.461607779488021563e+01 5.312717825090453733e-02
1.462569882040643598e+01 5.311944367155578550e-02
1.463531984593265634e+01 5.310875073256293710e-02
1.464494087145887669e+01 5.309720941541735267e-02
1.465456189698509881e+01 5.309729357482870227e-02
1.466418292251131916e+01 5.311310175606427653e-02
1.467380394803753951e+01 5.311961426824041155e-02
1.468342497356375986e+01 5.309552166822804897e-02
1.469304599908998199e+01 5.305070752090695202e-02
1.470266702461620234e+01 5.300181419617445988e-02
1.471228805014242269e+01 5.296549952115760240e-02
1.472190907566864304e+01 5.295492025559064841e-02
1.473153010119486339e+01 5.296668570150109973e-02
1.474115112672108552e+01 5.299182406528058636e-02
1.475077215224730587e+01 5.301732087604699856e-02
1.476039317777352622e+01 5.302877568365150368e-02
1.477001420329974657e+01 5.301180047674812490e-02
1.477963522882596692e+01 5.295682521994964781e-02
1.478925625435218905e+01 5.288969179221287426e-02
1.479887727987840940e+01 5.284674185392843754e-02
1.480849830540462975e+01 5.281994356010179248e-02
1.481811933093085010e+01 5.278212671365576508e-02
1.482774035645707222e+01 5.273191287675346728e-02
1.483736138198329257e+01 5.268201276347291018e-02
1.484698240750951292e+01 5.264524833200003029e-02
1.485660343303573327e+01 5.263444262154867714e-02
1.486622445856195363e+01 5.266243932219986240e-02
1.487584548408817575e+01 5.273894001992047303e-02
1.488546650961439610e+01 5.283159378060985067e-02
1.489508753514061645e+01 5.288116752810580190e-02
1.490470856066683680e+01 5.287164663896084388e-02
1.491432958619305715e+01 5.282043367813062801e-02
1.492395061171927928e+01 5.274576933967847769e-02
1.493357163724549963e+01 5.266589515766242208e-02
1.494319266277171998e+01 5.259905405802327988e-02
1.495281368829794033e+01 5.256250075354980400e-02
1.496243471382416246e+01 5.255443515406769961e-02
1.497205573935038281e+01 5.255582783672942820e-02
1.498167676487660316e+01 5.254669628361356704e-02
1.499129779040282351e+01 5.250840485582485700e-02
1.500091881592904386e+01 5.245915286496096591e-02
1.501053984145526599e+01 5.245061199322859080e-02
1.502016086698148634e+01 5.247626125929209795e-02
1.502978189250770669e+01 5.247146741729671188e-02
1.503940291803392704e+01 5.241723933430380428e-02
1.504902394356014739e+01 5.234385377441664461e-02
1.505864496908636951e+01 5.227284317568742233e-02
1.506826599461258986e+01 5.221423006937105094e-02
1.507788702013881021e+01 5.217751369263872591e-02
1.508750804566503056e+01 5.217178435707444523e-02
1.509712907119125269e+01 5.219553558738199844e-02
1.510675009671747304e+01 5.223596960544182877e-02
1.511637112224369339e+01 5.227702511374542754e-02
1.512599214776991374e+01 5.230015150477869412e-02
1.513561317329613409e+01 5.229668103170309612e-02
1.514523419882235622e+01 5.226867647429994657e-02
1.515485522434857657e+01 5.222588531039936560e-02
1.516447624987479692e+01 5.218501192484784751e-02
1.517409727540101727e+01 5.215328972325886103e-02
1.518371830092723940e+01 5.212813750427406495e-02
1.519333932645345975e+01 5.210654330750869034e-02
1.520296035197968010e+01 5.208556186134852273e-02
1.521258137750590045e+01 5.206364170993132284e-02
1.522220240303212080e+01 5.204053454078025331e-02
1.523182342855834293e+01 5.201604464116416776e-02
1.524144445408456328e+01 5.198997786322547693e-02
1.525106547961078363e+01 5.196213894987574550e-02
1.526068650513700398e+01 5.193282944120790334e-02
1.527030753066322433e+01 5.191035513598523526e-02
1.527992855618944645e+01 5.190684596477261603e-02
1.528954958171566680e+01 5.189667571056866963e-02
1.529917060724188715e+01 5.183333847285744728e-02
1.530879163276810750e+01 5.177059274867098354e-02
1.531841265829432963e+01 5.181795913673158810e-02
1.532803368382054998e+01 5.190835489766648658e-02
1.533765470934677033e+01 5.187732990201049388e-02
1.534727573487299068e+01 5.175199085821417799e-02
1.535689676039921103e+01 5.166401547221869534e-02
1.536651778592543316e+01 5.163908108641933337e-02
1.537613881145165351e+01 5.164397752914388906e-02
1.538575983697787386e+01 5.164498785257497920e-02
1.539538086250409421e+01 5.161545151679541171e-02
1.540500188803031456e+01 5.157882642389036848e-02
1.541462291355653669e+01 5.157110139519373998e-02
1.542424393908275704e+01 5.156712087001886352e-02
1.543386496460897739e+01 5.152750586282217604e-02
1.544348599013519774e+01 5.146787868740489158e-02
1.545310701566141987e+01 5.141794863574232488e-02
1.546272804118764022e+01 5.138301251439245099e-02
1.547234906671386057e+01 5.136097838899511547e-02
1.548197009224008092e+01 5.134976255928891398e-02
1.549159111776630127e+01 5.134422794889803576e-02
1.550121214329252339e+01 5.132851326409383630e-02
1.551083316881874374e+01 5.129141463105952453e-02
1.552045419434496409e+01 5.124289026719550111e-02
1.553007521987118444e+01 5.119688633560302155e-02
1.553969624539740657e+01 5.116736362178546382e-02
1.554931727092362692e+01 5.116834635624528671e-02
1.555893829644984727e+01 5.121357763547620262e-02
1.556855932197606762e+01 5.128022095204971820e-02
1.557818034750228797e+01 5.127749224428820168e-02
1.558780137302851010e+01 5.117686194124981131e-02
1.559742239855473045e+01 5.106022067065860148e-02
1.560704342408095080e+01 5.097925716125925599e-02
1.561666444960717115e+01 5.093177193706101974e-02
1.562628547513339150e+01 5.091178339241345802e-02
1.563590650065961363e+01 5.091302584197739817e-02
1.564552752618583398e+01 5.092342129719444610e-02
1.565514855171205433e+01 5.092622531782342588e-02
1.566476957723827468e+01 5.091652547692899350e-02
1.567439060276449680e+01 5.089878691811552253e-02
1.568401162829071716e+01 5.087772126494975039e-02
1.569363265381693751e+01 5.085803453395729146e-02
1.570325367934315786e+01 5.084442001878066580e-02
1.571287470486937821e+01 5.083929509460616974e-02
1.572249573039560033e+01 5.082966075558030539e-02
1.573211675592182068e+01 5.079614057660992998e-02
1.574173778144804103e+01 5.071935220314854192e-02
1.575135880697426138e+01 5.059841449012827258e-02
1.576097983250048173e+01 5.050991752384277611e-02
1.577060085802670386e+01 5.051580438919397315e-02
1.578022188355292421e+01 5.056495334952475912e-02
1.578984290907914456e+01 5.059940101722842226e-02
1.579946393460536491e+01 5.060075391631824182e-02
1.580908496013158704e+01 5.056718984629641339e-02
1.581870598565780739e+01 5.051735148762750288e-02
1.582832701118402774e+01 5.047222885161145589e-02
1.583794803671024809e+01 5.045181540922835661e-02
1.584756906223646844e+01 5.044499942990116059e-02
1.585719008776269057e+01 5.040654517831111986e-02
1.586681111328891092e+01 5.033956711842546561e-02
1.587643213881513127e+01 5.029080392435318625e-02
1.588605316434135162e+01 5.027285036344324165e-02
1.589567418986757197e+01 5.027283887721605005e-02
1.590529521539379409e+01 5.027735488519147200e-02
1.591491624092001445e+01 5.027298263156575187e-02
1.592453726644623480e+01 5.024630801342651332e-02
1.593415829197245515e+01 5.019106902557873146e-02
1.594377931749867727e+01 5.013529726154332400e-02
1.595340034302489762e+01 5.010562836938534104e-02
1.596302136855111797e+01 5.008815064920911497e-02
1.597264239407733832e+01 5.006015302991010524e-02
1.598226341960355867e+01 4.999918777988221485e-02
1.599188444512978080e+01 4.991148733123107473e-02
1.600150547065599937e+01 4.985563542880494525e-02
1.601112649618222150e+01 4.985783552546134423e-02
1.602074752170844008e+01 4.989206092334058651e-02
1.603036854723466220e+01 4.992849932012767555e-02
1.603998957276088433e+01 4.993886289746718443e-02
1.604961059828710290e+01 4.991616876519695822e-02
1.605923162381332503e+01 4.986917966640792149e-02
1.606885264933954360e+01 4.980702598144278598e-02
1.607847367486576573e+01 4.973883654106544400e-02
1.608809470039198786e+01 4.967373902122852042e-02
1.609771572591820643e+01 4.961917706470132111e-02
1.610733675144442856e+01 4.957547941757842191e-02
1.611695777697064713e+01 4.954109469641042318e-02
1.612657880249686926e+01 4.951447087967621868e-02
1.613619982802309138e+01 4.949405558730749638e-02
1.614582085354930996e+01 4.947829625735234577e-02
1.615544187907553209e+01 4.946564023071304411e-02
1.616506290460175421e+01 4.945454999657663414e-02
1.617468393012797279e+01 4.944383907758002211e-02
1.618430495565419491e+01 4.943264218361033413e-02
1.619392598118041349e+01 4.941972048518544769e-02
1.620354700670663561e+01 4.940356387123572696e-02
1.621316803223285774e+01 4.938265871364677650e-02
1.622278905775907631e+01 4.935549147300925116e-02
1.623241008328529844e+01 4.932054444580465796e-02
1.624203110881151702e+01 4.927696184213849889e-02
1.625165213433773914e+01 4.922619611728267647e-02
1.626127315986396127e+01 4.917021821024142314e-02
1.627089418539017984e+01 4.911119204176951636e-02
1.628051521091640197e+01 4.906158601580459105e-02
1.629013623644262054e+01 4.904816489386689543e-02
1.629975726196884267e+01 4.906280837440071124e-02
1.630937828749506480e+01 4.906255412617002015e-02
1.631899931302128337e+01 4.903864115505181254e-02
1.632862033854750550e+01 4.900621144410632207e-02
1.633824136407372407e+01 4.897054939123753059e-02
1.634786238959994620e+01 4.893208720227003317e-02
1.635748341512616832e+01 4.889122814828615604e-02
1.636710444065238690e+01 4.884880873623233255e-02
1.637672546617860903e+01 4.880696838685915501e-02
1.638634649170482760e+01 4.876809088033504797e-02
1.639596751723104973e+01 4.873455939958073330e-02
1.640558854275727185e+01 4.870875664479751982e-02
1.641520956828349043e+01 4.869306493058440932e-02
1.642483059380971255e+01 4.868986626424162689e-02
1.643445161933593468e+01 4.869874957468952464e-02
1.644407264486215325e+01 4.869370096711281293e-02
1.645369367038837538e+01 4.864624512150812763e-02
1.646331469591459395e+01 4.858893624530236099e-02
1.647293572144081608e+01 4.855994656251778896e-02
1.648255674696703821e+01 4.854821448029963959e-02
1.649217777249325678e+01 4.853260754998101750e-02
1.650179879801947891e+01 4.849262499459104647e-02
1.651141982354569748e+01 4.843156771366166624e-02
1.652104084907191961e+01 4.838184338876191232e-02
1.653066187459814174e+01 4.835449460729004945e-02
1.654028290012436031e+01 4.834145555559828111e-02
1.654990392565058244e+01 4.833407765546732932e-02
1.655952495117680101e+01 4.832372112873653536e-02
1.656914597670302314e+01 4.830177689462381019e-02
1.657876700222924526e+01 4.826336967463009525e-02
1.658838802775546384e+01 4.821434815105927335e-02
1.659800905328168596e+01 4.816247668521782960e-02
1.660763007880790454e+01 4.811535310631526868e-02
1.661725110433412667e+01 4.807633007028517397e-02
1.662687212986034879e+01 4.804420071885988353e-02
1.663649315538656737e+01 4.801753384859509116e-02
1.664611418091278949e+01 4.799489892755250120e-02
1.665573520643901162e+01 4.797486617832873862e-02
1.666535623196523019e+01 4.795600650791241593e-02
1.667497725749145232e+01 4.793689128315212211e-02
1.668459828301767089e+01 4.791609195043183139e-02
1.669421930854389302e+01 4.789217949822510700e-02
1.670384033407011515e+01 4.786372376154236080e-02
1.671346135959633372e+01 4.782929256789811290e-02
1.672308238512255585e+01 4.778745072531643406e-02
1.673270341064877442e+01 4.773800338816461958e-02
1.674232443617499655e+01 4.768986143579874437e-02
1.675194546170121868e+01 4.765599761355780034e-02
1.676156648722743725e+01 4.764927904856260110e-02
1.677118751275365938e+01 4.766108416904239059e-02
1.678080853827987795e+01 4.763657521722547417e-02
1.679042956380610008e+01 4.756579441990144153e-02
1.680005058933231865e+01 4.750249479330181934e-02
1.680967161485854078e+01 4.746777330746056872e-02
1.681929264038476290e+01 4.745437555471906932e-02
1.682891366591098148e+01 4.745428531997626653e-02
1.683853469143720361e+01 4.745946842545051975e-02
1.684815571696342218e+01 4.746189631383519042e-02
1.685777674248964431e+01 4.745355654618686747e-02
1.686739776801586643e+01 4.742673301271745079e-02
1.687701879354208501e+01 4.738267296028114695e-02
1.688663981906830713e+01 4.733320228786087880e-02
1.689626084459452571e+01 4.729075926800080376e-02
1.690588187012074783e+01 4.726555281154100341e-02
1.691550289564696996e+01 4.725423733556750189e-02
1.692512392117318853e+01 4.724838311444646416e-02
1.693474494669941066e+01 4.723959354557532436e-02
1.694436597222563279e+01 4.722289475388471991e-02
1.695398699775185136e+01 4.719916478790670000e-02
1.696360802327807349e+01 4.716985594859501169e-02
1.697322904880429206e+01 4.713642175588316635e-02
1.698285007433051419e+01 4.710031691595990139e-02
1.699247109985673632e+01 4.706299712988937234e-02
1.700209212538295489e+01 4.702591874368910324e-02
1.701171315090917702e+01 4.699053824005934576e-02
1.702133417643539559e+01 4.695827748586580558e-02
1.703095520196161772e+01 4.692932771862423635e-02
1.704057622748783984e+01 4.690233532738924405e-02
1.705019725301405842e+01 4.687584868672145522e-02
1.705981827854028055e+01 4.684841696647415454e-02
1.706943930406649912e+01 4.681859092157195784e-02
1.707906032959272125e+01 4.678541911613479792e-02
1.708868135511894337e+01 4.674940951068834449e-02
1.709830238064516195e+01 4.671133629411818033e-02
1.710792340617138407e+01 4.667197337474280477e-02
1.711754443169760265e+01 4.663209446391471807e-02
1.712716545722382477e+01 4.659247314809161072e-02
1.713678648275004690e+01 4.655388294929552889e-02
1.714640750827626547e+01 4.651709737391017396e-02
1.715602853380248760e+01 4.648288194986570365e-02
1.716564955932870618e+01 4.645133456732954830e-02
1.717527058485492830e+01 4.642139273520420190e-02
1.718489161038115043e+01 4.639187493086518316e-02
1.719451263590736900e+01 4.636185407467387914e-02
1.720413366143359113e+01 4.633249771788959526e-02
1.721375468695981326e+01 4.630599454881797333e-02
1.722337571248603183e+01 4.628456651442531405e-02
1.723299673801225396e+01 4.627044778298249061e-02
1.724261776353847253e+01 4.626584862310912510e-02
1.725223878906469466e+01 4.627289779704228667e-02
1.726185981459091678e+01 4.629086264017950175e-02
1.727148084011713536e+01 4.629726546907621948e-02
1.728110186564335748e+01 4.627033583454193827e-02
1.729072289116957606e+01 4.622803157803422741e-02
1.730034391669579819e+01 4.618861199374720700e-02
1.730996494222202031e+01 4.615364332220517340e-02
1.731958596774823889e+01 4.612284685419543867e-02
1.732920699327446101e+01 4.609587676468664130e-02
1.733882801880067959e+01 4.607234448836013130e-02
1.734844904432690171e+01 4.605183905531688715e-02
1.735807006985312384e+01 4.603394344097066354e-02
1.736769109537934241e+01 4.601824695634785384e-02
1.737731212090556454e+01 4.600435368265676228e-02
1.738693314643178311e+01 4.599188693696583397e-02
1.739655417195800524e+01 4.598048000798907881e-02
1.740617519748422737e+01 4.596971531437430564e-02
1.741579622301044594e+01 4.595914896307139175e-02
1.742541724853666807e+01 4.594833348198482798e-02
1.743503827406289020e+01 4.593681830660119314e-02
1.744465929958910877e+01 4.592415018192424342e-02
1.745428032511533090e+01 4.590987354035018508e-02
1.746390135064154947e+01 4.589353085563802753e-02
1.747352237616777160e+01 4.587466297303868790e-02
1.748314340169399372e+01 4.585280941556812984e-02
1.749276442722021230e+01 4.582750866633897302e-02
1.750238545274643442e+01 4.579829842680548796e-02
1.751200647827265300e+01 4.576471585072769410e-02
1.752162750379887513e+01 4.572629775362058863e-02
1.753124852932509725e+01 4.568258079742726352e-02
1.754086955485131583e+01 4.563310165013741843e-02
1.755049058037753795e+01 4.557739712006724647e-02
1.756011160590375653e+01 4.551518035660162553e-02
1.756973263142997865e+01 4.544901921337869688e-02
1.757935365695620078e+01 4.538379788189499803e-02
1.758897468248241935e+01 4.532446883632087337e-02
1.759859570800864148e+01 4.527598569273174473e-02
1.760821673353486005e+01 4.524318130075202088e-02
1.761783775906108218e+01 4.522698093437195477e-02
1.762745878458730431e+01 4.522365592489040881e-02
1.763707981011352288e+01 4.522920521423134943e-02
1.764670083563974501e+01 4.523961669159103777e-02
1.765632186116596358e+01 4.525083512490892662e-02
1.766594288669218571e+01 4.525879472765320655e-02
1.767556391221840784e+01 4.525962817369454799e-02
1.768518493774462641e+01 4.525252403280984048e-02
1.769480596327084854e+01 4.523906752121226865e-02
1.770442698879707066e+01 4.522090811146214917e-02
1.771404801432328924e+01 4.519969530425090726e-02
1.772366903984951136e+01 4.517707865104223647e-02
1.773329006537572994e+01 4.515470777026091981e-02
1.774291109090195206e+01 4.513406752431423780e-02
1.775253211642817419e+01 4.511533519249022461e-02
1.776215314195439277e+01 4.509806507268968034e-02
1.777177416748061489e+01 4.508180766713108800e-02
1.778139519300683347e+01 4.506611350860372650e-02
1.779101621853305559e+01 4.505053316348693604e-02
1.780063724405927772e+01 4.503461723412174877e-02
1.781025826958549629e+01 4.501791636050893330e-02
1.781987929511171842e+01 4.499998122130564882e-02
1.782950032063793699e+01 4.498036253409001123e-02
1.783912134616415912e+01 4.495861105486115977e-02
1.784874237169038125e+01 4.493427757674268302e-02
1.785836339721659982e+01 4.490691292785563976e-02
1.786798442274282195e+01 4.487607000760951426e-02
1.787760544826904052e+01 4.484162816336456636e-02
1.788722647379526265e+01 4.480414886032658278e-02
1.789684749932148478e+01 4.476427912014655647e-02
1.790646852484770335e+01 4.472266598888197803e-02
1.791608955037392548e+01 4.467995653691872460e-02
1.792571057590014760e+01 4.463679785824170576e-02
1.793533160142636618e+01 4.459383706906329403e-02
1.794495262695258830e+01 4.455172130581492446e-02
1.795457365247880688e+01 4.451109772250622792e-02
1.796419467800502900e+01 4.447261348745318310e-02
1.797381570353125113e+01 4.443691577937512738e-02
1.798343672905746971e+01 4.440465178285772641e-02
1.799305775458369183e+01 4.437646868317730864e-02
1.800267878010991041e+01 4.435301366047935540e-02
1.801229980563613253e+01 4.433493388330163321e-02
1.802192083116235466e+01 4.432287650143049845e-02
1.803154185668857323e+01 4.431748863807571936e-02
1.804116288221479536e+01 4.431941738134687753e-02
1.805078390774101393e+01 4.432892670248728823e-02
1.806040493326723606e+01 4.434289976370157926e-02
1.807002595879345819e+01 4.435645886349980777e-02
1.807964698431967676e+01 4.436479030813376273e-02
1.808926800984589889e+01 4.436607438797245812e-02
1.809888903537211746e+01 4.436232295367934647e-02
1.810851006089833959e+01 4.435579898051877912e-02
1.811813108642456172e+01 4.434829497503413320e-02
1.812775211195078029e+01 4.434008028108258476e-02
1.813737313747700242e+01 4.433111712837880386e-02
1.814699416300322099e+01 4.432136763143031816e-02
1.815661518852944312e+01 4.431079380028449255e-02
1.816623621405566524e+01 4.429935754900914124e-02
1.817585723958188382e+01 4.428702070197183122e-02
1.818547826510810594e+01 4.427374499797162577e-02
1.819509929063432807e+01 4.425949209227136860e-02
1.820472031616054664e+01 4.424422357948095547e-02
1.821434134168676877e+01 4.422792787898673084e-02
1.822396236721298735e+01 4.421067226246194054e-02
1.823358339273920947e+01 4.419253840025846869e-02
1.824320441826543160e+01 4.417360798431106683e-02
1.825282544379165017e+01 4.415396272917956888e-02
1.826244646931787230e+01 4.413368437292728569e-02
1.827206749484409087e+01 4.411285467783698094e-02
1.828168852037031300e+01 4.409155543096610758e-02
1.829130954589653513e+01 4.406986844454306024e-02
1.830093057142275370e+01 4.404787555620652550e-02
1.831055159694897583e+01 4.402565862909040006e-02
1.832017262247519440e+01 4.400329955175653202e-02
1.832979364800141653e+01 4.398088023797778329e-02
1.833941467352763866e+01 4.395848262637409160e-02
1.834903569905385723e+01 4.393618867990409932e-02
1.835865672458007936e+01 4.391408038521458362e-02
1.836827775010629793e+01 4.389223975185098381e-02
1.837789877563252006e+01 4.387074881133038590e-02
1.838751980115874218e+01 4.384968961608039922e-02
1.839714082668496076e+01 4.382914423824509770e-02
1.840676185221118288e+01 4.380919476836068333e-02
1.841638287773740501e+01 4.378992331390227366e-02
1.842600390326362358e+01 4.377141199770349933e-02
1.843562492878984571e+01 4.375374295624989002e-02
1.844524595431606429e+01 4.373699833784739505e-02
1.845486697984228641e+01 4.372126030066613572e-02
1.846448800536850854e+01 4.370661101066013882e-02
1.847410903089472711e+01 4.369313287841223442e-02
1.848373005642094924e+01 4.368102420570028899e-02
1.849335108194716781e+01 4.367078494087984347e-02
1.850297210747338994e+01 4.366296294373668563e-02
1.851259313299961207e+01 4.365796557241736348e-02
1.852221415852583064e+01 4.365540345434981012e-02
1.853183518405205277e+01 4.365460574143734812e-02
1.854145620957827134e+01 4.365490184558288439e-02
1.855107723510449347e+01 4.365562193311596506e-02
1.856069826063071559e+01 4.365609701422924760e-02
1.857031928615693417e+01 4.365566531024658165e-02
1.857994031168315630e+01 4.365395521266605267e-02
1.858956133720937487e+01 4.365099779372570710e-02
1.859918236273559700e+01 4.364685371345290721e-02
1.860880338826181912e+01 4.364158347856871012e-02
1.861842441378803770e+01 4.363524745846669717e-02
1.862804543931425982e+01 4.362790590005573982e-02
1.863766646484047840e+01 4.361961894145049978e-02
1.864728749036670052e+01 4.361044662449500148e-02
1.865690851589292265e+01 4.360044890610622476e-02
1.866652954141914122e+01 4.358968566842687936e-02
1.867615056694536335e+01 4.357821672777708460e-02
1.868577159247158548e+01 4.356610184239700923e-02
1.869539261799780405e+01 4.355340071897291498e-02
1.870501364352402618e+01 4.354017301794081696e-02
1.871463466905024475e+01 4.352647835756254940e-02
1.872425569457646688e+01 4.351237631677002532e-02
1.873387672010268901e+01 4.349792643677398429e-02
1.874349774562890758e+01 4.348318822143454332e-02
1.875311877115512971e+01 4.346822113639066398e-02
1.876273979668134828e+01 4.345308460694644048e-02
1.877236082220757041e+01 4.343783801471196027e-02
1.878198184773379253e+01 4.342254069299686381e-02
1.879160287326001111e+01 4.340725192095384183e-02
1.880122389878623324e+01 4.339203091647016175e-02
1.881084492431245181e+01 4.337693682780371235e-02
1.882046594983867394e+01 4.336202872396036079e-02
1.883008697536489606e+01 4.334736558380837546e-02
1.883970800089111464e+01 4.333300628392471043e-02
1.884932902641733676e+01 4.331900958516720496e-02
1.885895005194355534e+01 4.330543411796559938e-02
1.886857107746977746e+01 4.329233836632252752e-02
1.887819210299599959e+01 4.327978065051531903e-02
1.888781312852221816e+01 4.326781910848599005e-02
1.889743415404844029e+01 4.325651167590755658e-02
1.890705517957466242e+01 4.324591606491038492e-02
1.891667620510088099e+01 4.323608974145226602e-02
1.892629723062710312e+01 4.322708732163840772e-02
1.893591825615332169e+01 4.321884063902012990e-02
1.894553928167954382e+01 4.321110875901763154e-02
1.895516030720576595e+01 4.320363937248946490e-02
1.896478133273198452e+01 4.319625002995957502e-02
1.897440235825820665e+01 4.318891925130007026e-02
1.898402338378442522e+01 4.318164846921879879e-02
1.899364440931064735e+01 4.317443903198622812e-02
1.900326543483686947e+01 4.316729220703067332e-02
1.901288646036308805e+01 4.316020918445825222e-02
1.902250748588931017e+01 4.315319108049634617e-02
1.903212851141552875e+01 4.314623894085935912e-02
1.904174953694175088e+01 4.313935374403567169e-02
1.905137056246797300e+01 4.313253640449511012e-02
1.906099158799419158e+01 4.312578777581555639e-02
1.907061261352041370e+01 4.311910865372808876e-02
1.908023363904663228e+01 4.311249977907959108e-02
1.908985466457285440e+01 4.310596184071215087e-02
1.909947569009907653e+01 4.309949547825830257e-02
1.910909671562529510e+01 4.309310128485149133e-02
1.911871774115151723e+01 4.308677980975098715e-02
1.912833876667773936e+01 4.308053156088060415e-02
1.913795979220395793e+01 4.307435700728066280e-02
1.914758081773018006e+01 4.306825658147233477e-02
1.915720184325639863e+01 4.306223068173425234e-02
1.916682286878262076e+01 4.305627967429052211e-02
1.917644389430884289e+01 4.305040389540958773e-02
1.918606491983506146e+01 4.304460365341405970e-02
1.919568594536128359e+01 4.303887923060022158e-02
1.920530697088750216e+01 4.303323088506775390e-02
1.921492799641372429e+01 4.302765885245832950e-02
1.922454902193994641e+01 4.302216334760397554e-02
1.923417004746616499e+01 4.301674456608341884e-02
1.924379107299238711e+01 4.301140268568761499e-02
1.925341209851860569e+01 4.300613786779302478e-02
1.926303312404482782e+01 4.300095025864321407e-02
1.927265414957104994e+01 4.299583999053819411e-02
1.928227517509726852e+01 4.299080718293121078e-02
1.929189620062349064e+01 4.298585194343339938e-02
1.930151722614970922e+01 4.298097436872536092e-02
1.931113825167593134e+01 4.297617454537628473e-02
1.932075927720215347e+01 4.297145255056999263e-02
1.933038030272837204e+01 4.296680845273803673e-02
1.934000132825459417e+01 4.296224231209990613e-02
1.934962235378081274e+01 4.295775418110986399e-02
1.935924337930703487e+01 4.295334410481083803e-02
1.936886440483325700e+01 4.294901212109511479e-02
1.937848543035947557e+01 4.294475826087162940e-02
1.938810645588569770e+01 4.294058254814031583e-02
1.939772748141191983e+01 4.293648499997289314e-02
1.940734850693813840e+01 4.293246562640064962e-02
1.941696953246436053e+01 4.292852443020887809e-02
1.942659055799057910e+01 4.292466140663807328e-02
1.943621158351680123e+01 4.292087654299189120e-02
1.944583260904302335e+01 4.291716981815189152e-02
1.945545363456924193e+01 4.291354120199902811e-02
1.946507466009546405e+01 4.290999065474201263e-02
1.947469568562168263e+01 4.290651812615230154e-02
1.948431671114790475e+01 4.290312355470608102e-02
1.949393773667412688e+01 4.289980686663280585e-02
1.950355876220034546e+01 4.289656797487072237e-02
1.951317978772656758e+01 4.289340677792900791e-02
1.952280081325278616e+01 4.289032315865666523e-02
1.953242183877900828e+01 4.288731698291817912e-02
1.954204286430523041e+01 4.288438809817569919e-02
1.955166388983144898e+01 4.288153633197779729e-02
1.956128491535767111e+01 4.287876149035500101e-02
1.957090594088388968e+01 4.287606335612126340e-02
1.958052696641011181e+01 4.287344168708220188e-02
1.959014799193633394e+01 4.287089621414925250e-02
1.959976901746255251e+01 4.286842663935998970e-02
1.960939004298877464e+01 4.286603263380427825e-02
1.961901106851499677e+01 4.286371383545616726e-02
1.962863209404121534e+01 4.286146984691122097e-02
1.963825311956743747e+01 4.285930023302926550e-02
1.964787414509365604e+01 4.285720451848197554e-02
1.965749517061987817e+01 4.285518218520530109e-02
1.966711619614610029e+01 4.285323266975640116e-02
1.967673722167231887e+01 4.285135536057450845e-02
1.968635824719854099e+01 4.284954959514565564e-02
1.969597927272475957e+01 4.284781465707079157e-02
1.970560029825098169e+01 4.284614977303666250e-02
1.971522132377720382e+01 4.284455410968924377e-02
1.972484234930342240e+01 4.284302677040913165e-02
1.973446337482964452e+01 4.284156679198841688e-02
1.974408440035586310e+01 4.284017314120826952e-02
1.975370542588208522e+01 4.283884471131690908e-02
1.976332645140830735e+01 4.283758031840709246e-02
1.977294747693452592e+01 4.283637869769253703e-02
1.978256850246074805e+01 4.283523849968259856e-02
1.979218952798696662e+01 4.283415828625415644e-02
