7.618010371223582489e-01 1.927475418550063102e-01
7.714220626485789323e-01 1.957228527528495354e-01
7.810430881747997267e-01 1.986499420588290488e-01
7.906641137010204101e-01 2.015289052473872577e-01
8.002851392272412046e-01 2.043598338176782492e-01
8.099061647534618880e-01 2.071428152892818841e-01
8.195271902796826824e-01 2.098779331979874208e-01
8.291482158059033658e-01 2.125652670916529374e-01
8.387692413321241602e-01 2.152048925261417223e-01
8.483902668583448436e-01 2.177968810613447881e-01
8.580112923845655271e-01 2.203413002572887081e-01
8.676323179107863215e-01 2.228382136703362937e-01
8.772533434370071159e-01 2.252876808494798933e-01
8.868743689632277993e-01 2.276897573327329172e-01
8.964953944894484827e-01 2.300444946436170646e-01
9.061164200156692772e-01 2.323519402877493312e-01
9.157374455418899606e-01 2.346121377495250515e-01
9.253584710681107550e-01 2.368251264888961705e-01
9.349794965943314384e-01 2.389909419382373335e-01
9.446005221205522329e-01 2.411096154992977969e-01
9.542215476467729163e-01 2.431811745402245872e-01
9.638425731729935997e-01 2.452056423926479989e-01
9.734635986992143941e-01 2.471830383488164418e-01
9.830846242254351885e-01 2.491133776587536319e-01
9.927056497516558720e-01 2.509966715274242754e-01
1.002326675277876555e+00 2.528329271118757160e-01
1.011947700804097350e+00 2.546221475183214067e-01
1.021568726330317922e+00 2.563643317991312065e-01
1.031189751856538717e+00 2.580594749496791795e-01
1.040810777382759511e+00 2.597075679050007690e-01
1.050431802908980305e+00 2.613085975361935098e-01
1.060052828435201100e+00 2.628625466464971083e-01
1.069673853961421672e+00 2.643693939669699566e-01
1.079294879487642467e+00 2.658291141516749279e-01
1.088915905013863261e+00 2.672416777722712022e-01
1.098536930540083834e+00 2.686070513118982150e-01
1.108157956066304628e+00 2.699251971582252718e-01
1.117778981592525422e+00 2.711960735955198931e-01
1.127400007118746217e+00 2.724196347955769593e-01
1.137021032644966789e+00 2.735958308073302425e-01
1.146642058171187584e+00 2.747246075449472080e-01
1.156263083697408378e+00 2.758059067741880921e-01
1.165884109223628951e+00 2.768396660967889500e-01
1.175505134749849745e+00 2.778258189326001659e-01
1.185126160276070539e+00 2.787642944991866600e-01
1.194747185802291334e+00 2.796550177885714361e-01
1.204368211328512128e+00 2.804979095407670875e-01
1.213989236854732701e+00 2.812928862137125674e-01
1.223610262380953495e+00 2.820398599491957814e-01
1.233231287907174067e+00 2.827387385343065884e-01
1.242852313433394862e+00 2.833894253579257727e-01
1.252473338959615656e+00 2.839918193617133046e-01
1.262094364485836451e+00 2.845458149850191298e-01
1.271715390012057245e+00 2.850513021030907090e-01
1.281336415538277818e+00 2.855081659579062348e-01
1.290957441064498612e+00 2.859162870809132118e-01
1.300578466590719184e+00 2.862755412069004080e-01
1.310199492116939979e+00 2.865857991781774472e-01
1.319820517643160773e+00 2.868469268485295820e-01
1.329441543169381568e+00 2.870590420861983683e-01
1.339062568695602362e+00 2.872231800672193081e-01
1.348683594221823157e+00 2.873405727601177073e-01
1.358304619748043729e+00 2.874124411755695219e-01
1.367925645274264523e+00 2.874399959800691406e-01
1.377546670800485096e+00 2.874244380896153750e-01
1.387167696326705890e+00 2.873669592439695442e-01
1.396788721852926685e+00 2.872687425619956936e-01
1.406409747379147479e+00 2.871309630785455203e-01
1.416030772905368273e+00 2.869547882633117220e-01
1.425651798431588846e+00 2.867413785220276345e-01
1.435272823957809640e+00 2.864918876803497216e-01
1.444893849484030213e+00 2.862074634507195681e-01
1.454514875010251007e+00 2.858892478824584527e-01
1.464135900536471802e+00 2.855383777953096613e-01
1.473756926062692596e+00 2.851559851966005144e-01
1.483377951588913390e+00 2.847431976821586108e-01
1.492998977115133963e+00 2.843011388210726076e-01
1.502620002641354757e+00 2.838309285243517111e-01
1.512241028167575330e+00 2.833336833974944291e-01
1.521862053693796124e+00 2.828105170769374954e-01
1.531483079220016918e+00 2.822624685100917907e-01
1.541104104746237713e+00 2.816900735190399629e-01
1.550725130272458507e+00 2.810936540015426810e-01
1.560346155798679302e+00 2.804735303223831466e-01
1.569967181324899874e+00 2.798300221672664345e-01
1.579588206851120669e+00 2.791634486162800632e-01
1.589209232377341241e+00 2.784741282148113783e-01
1.598830257903562035e+00 2.777623790418573546e-01
1.608451283429782830e+00 2.770285187756698631e-01
1.618072308956003624e+00 2.762728647566655704e-01
1.627693334482224419e+00 2.754957340475338023e-01
1.637314360008444991e+00 2.746974434904673190e-01
1.646935385534665786e+00 2.738783097614405082e-01
1.656556411060886358e+00 2.730386494214527282e-01
1.666177436587107152e+00 2.721787789646576972e-01
1.675798462113327947e+00 2.712990148632901111e-01
1.685419487639548741e+00 2.703996736093048359e-01
1.695040513165769536e+00 2.694810717526361921e-01
1.704661538691990108e+00 2.685435259092437965e-01
1.714282564218210902e+00 2.675873341232503089e-01
1.723903589744431475e+00 2.666127426848512449e-01
1.733524615270652269e+00 2.656199880472050467e-01
1.743145640796873064e+00 2.646093055312741527e-01
1.752766666323093858e+00 2.635809293615042903e-01
1.762387691849314653e+00 2.625350927010872693e-01
1.772008717375535225e+00 2.614720276868693905e-01
1.781629742901756019e+00 2.603919654639602621e-01
1.791250768427976814e+00 2.592951362201055820e-01
1.800871793954197386e+00 2.581817692198839498e-01
1.810492819480418181e+00 2.570520928387890480e-01
1.820113845006638975e+00 2.559063345972628634e-01
1.829734870532859770e+00 2.547447211947415080e-01
1.839355896059080342e+00 2.535674785437809220e-01
1.848976921585301136e+00 2.523748318043247951e-01
1.858597947111521931e+00 2.511670054181842082e-01
1.868218972637742725e+00 2.499442241264810960e-01
1.877839998163963298e+00 2.487068618330702252e-01
1.887461023690184092e+00 2.474556020897716313e-01
1.897082049216404886e+00 2.461911684325007177e-01
1.906703074742625459e+00 2.449142863937336101e-01
1.916324100268846253e+00 2.436256836241924573e-01
1.925945125795067048e+00 2.423260900112090555e-01
1.935566151321287842e+00 2.410162377936969913e-01
1.945187176847508415e+00 2.396968616736454838e-01
1.954808202373729209e+00 2.383686989240367260e-01
1.964429227899950003e+00 2.370324894930702364e-01
1.974050253426170798e+00 2.356889761045644627e-01
1.983671278952391370e+00 2.343389043543894212e-01
1.993292304478612165e+00 2.329830228027695016e-01
2.002913330004832737e+00 2.316220830622785498e-01
2.012534355531053532e+00 2.302568398813354122e-01
2.022155381057274326e+00 2.288880512229916342e-01
2.031776406583495120e+00 2.275164783387854661e-01
2.041397432109715915e+00 2.261428858374249784e-01
2.051018457635936265e+00 2.247680417480419635e-01
2.060639483162157504e+00 2.233927175777467300e-01
2.070260508688377854e+00 2.220176883631980458e-01
2.079881534214599093e+00 2.206437327158821682e-01
2.089502559740819443e+00 2.192716328607883514e-01
2.099123585267040237e+00 2.179021746681410188e-01
2.108744610793261032e+00 2.165361476778472072e-01
2.118365636319481382e+00 2.151743451162885790e-01
2.127986661845702621e+00 2.138175639050822752e-01
2.137607687371922971e+00 2.124666046614157033e-01
2.147228712898144209e+00 2.111222716895410911e-01
2.156849738424364560e+00 2.097853696983703331e-01
2.166470763950585354e+00 2.084561830806537230e-01
2.176091789476806149e+00 2.071339005196784488e-01
2.185712815003026943e+00 2.058175682420065600e-01
2.195333840529247738e+00 2.045062270896434442e-01
2.204954866055468088e+00 2.031989125455386791e-01
2.214575891581689326e+00 2.018946547466530239e-01
2.224196917107909677e+00 2.005924784842715858e-01
2.233817942634130471e+00 1.992914031912423334e-01
2.243438968160351266e+00 1.979904429158201029e-01
2.253059993686572060e+00 1.966886062817951863e-01
2.262681019212792854e+00 1.953848964345861750e-01
2.272302044739013205e+00 1.940783109729811162e-01
2.281923070265234443e+00 1.927678418662131521e-01
2.291544095791454794e+00 1.914525863571298059e-01
2.301165121317675588e+00 1.901330724393070493e-01
2.310786146843896383e+00 1.888108315063002085e-01
2.320407172370117177e+00 1.874874231435258165e-01
2.330028197896337971e+00 1.861644150628083139e-01
2.339649223422558322e+00 1.848433832252761866e-01
2.349270248948779560e+00 1.835259119196491762e-01
2.358891274474999911e+00 1.822135937937075789e-01
2.368512300001220705e+00 1.809080298366786133e-01
2.378133325527441500e+00 1.796108293102300357e-01
2.387754351053662294e+00 1.783236096256886061e-01
2.397375376579883088e+00 1.770479961650378575e-01
2.406996402106103439e+00 1.757856220431630867e-01
2.416617427632324677e+00 1.745379509048182454e-01
2.426238453158545028e+00 1.733050954858144643e-01
2.435859478684765822e+00 1.720865399418619601e-01
2.445480504210986616e+00 1.708817621103342344e-01
2.455101529737207411e+00 1.696902370665449022e-01
2.464722555263428205e+00 1.685114372210357037e-01
2.474343580789648556e+00 1.673448323457249476e-01
2.483964606315869794e+00 1.661898895235257301e-01
2.493585631842090145e+00 1.650460730158785361e-01
2.503206657368311383e+00 1.639128440425292876e-01
2.512827682894531733e+00 1.627896604678253367e-01
2.522448708420752528e+00 1.616759763878110601e-01
2.532069733946973322e+00 1.605712088364182610e-01
2.541690759473193673e+00 1.594742096833123568e-01
2.551311784999414911e+00 1.583833539028916548e-01
2.560932810525635261e+00 1.572969943614367927e-01
2.570553836051856500e+00 1.562134770885261759e-01
2.580174861578076850e+00 1.551311418876346604e-01
2.589795887104297645e+00 1.540483227831364876e-01
2.599416912630518439e+00 1.529633482924587784e-01
2.609037938156739234e+00 1.518745415120382469e-01
2.618658963682960028e+00 1.507802200055821107e-01
2.628279989209180378e+00 1.496786954828995819e-01
2.637901014735401617e+00 1.485682732572478904e-01
2.647522040261621967e+00 1.474478590410610856e-01
2.657143065787842762e+00 1.463197441996073322e-01
2.666764091314063556e+00 1.451874052432303996e-01
2.676385116840284351e+00 1.440543346300503513e-01
2.686006142366505145e+00 1.429240402074890004e-01
2.695627167892725495e+00 1.418000455733763876e-01
2.705248193418946734e+00 1.406858902039876680e-01
2.714869218945167084e+00 1.395851293393336190e-01
2.724490244471387879e+00 1.385013336157517039e-01
2.734111269997608673e+00 1.374380884355831112e-01
2.743732295523829467e+00 1.363989930634690873e-01
2.753353321050050262e+00 1.353872774893047359e-01
2.762974346576271056e+00 1.344020927324134640e-01
2.772595372102491407e+00 1.334401025161598142e-01
2.782216397628712201e+00 1.324979203600928079e-01
2.791837423154932996e+00 1.315721451194986347e-01
2.801458448681153790e+00 1.306593617783366190e-01
2.811079474207374584e+00 1.297561421151849359e-01
2.820700499733595379e+00 1.288590452396781438e-01
2.830321525259816173e+00 1.279646179968907671e-01
2.839942550786036524e+00 1.270693952370756663e-01
2.849563576312257318e+00 1.261698999481054295e-01
2.859184601838478113e+00 1.252632761932278016e-01
2.868805627364698907e+00 1.243499522579602223e-01
2.878426652890919701e+00 1.234314264814913853e-01
2.888047678417140496e+00 1.225092034956420939e-01
2.897668703943361290e+00 1.215847937623080049e-01
2.907289729469582085e+00 1.206597136346897747e-01
2.916910754995802435e+00 1.197354853938232266e-01
2.926531780522023229e+00 1.188136372601008850e-01
2.936152806048244024e+00 1.178957033794770515e-01
2.945773831574464818e+00 1.169832237840529865e-01
2.955394857100685613e+00 1.160777443267414638e-01
2.965015882626906407e+00 1.151808165897169611e-01
2.974636908153127202e+00 1.142939977663620377e-01
2.984257933679347552e+00 1.134188505164293453e-01
2.993878959205568346e+00 1.125569427941461170e-01
3.003499984731789141e+00 1.117098476489961911e-01
3.013121010258009935e+00 1.108791429989248734e-01
3.022742035784230730e+00 1.100664113757211515e-01
3.032363061310451524e+00 1.092732396423422847e-01
3.041984086836672319e+00 1.085012186819558078e-01
3.051605112362892669e+00 1.077518574997634454e-01
3.061226137889113463e+00 1.070242377816349177e-01
3.070847163415334258e+00 1.063147170957300380e-01
3.080468188941555052e+00 1.056194979164123277e-01
3.090089214467775847e+00 1.049347713649159547e-01
3.099710239993996641e+00 1.042567176385711947e-01
3.109331265520217435e+00 1.035815062913501561e-01
3.118952291046438230e+00 1.029052963644322000e-01
3.128573316572658580e+00 1.022242363655370412e-01
3.138194342098879375e+00 1.015344640958049105e-01
3.147815367625100169e+00 1.008325373658638252e-01
3.157436393151320964e+00 1.001193114785159655e-01
3.167057418677541758e+00 9.939812182047755296e-02
3.176678444203762552e+00 9.867234233687219302e-02
3.186299469729983347e+00 9.794535632022888239e-02
3.195920495256203697e+00 9.722055650400654447e-02
3.205541520782424492e+00 9.650134489537585958e-02
3.215162546308645286e+00 9.579113233764169344e-02
3.224783571834866081e+00 9.509333779268624998e-02
3.234404597361086875e+00 9.441137267215486684e-02
3.244025622887307669e+00 9.374678090201266079e-02
3.253646648413528464e+00 9.309741348108477310e-02
3.263267673939748814e+00 9.246068374865333561e-02
3.272888699465969609e+00 9.183400001194409745e-02
3.282509724992190403e+00 9.121476646777713915e-02
3.292130750518411197e+00 9.060038383139988605e-02
3.301751776044631992e+00 8.998824965952398336e-02
3.311372801570852786e+00 8.937575835456623707e-02
3.320993827097073581e+00 8.876030088187318590e-02
3.330614852623293931e+00 8.814010547216137581e-02
3.340235878149514726e+00 8.751639083526296936e-02
3.349856903675735520e+00 8.689104247941195625e-02
3.359477929201956314e+00 8.626594861295358574e-02
3.369098954728177109e+00 8.564300056457002652e-02
3.378719980254397903e+00 8.502409303007851804e-02
3.388341005780618698e+00 8.441112413759599420e-02
3.397962031306839492e+00 8.380599532239575711e-02
3.407583056833059842e+00 8.321061085357861487e-02
3.417204082359280637e+00 8.262640459521083947e-02
3.426825107885501431e+00 8.205328955907145727e-02
3.436446133411722226e+00 8.149087138587465806e-02
3.446067158937943020e+00 8.093875332643400700e-02
3.455688184464163815e+00 8.039653615223359140e-02
3.465309209990384609e+00 7.986381805668543721e-02
3.474930235516604959e+00 7.934019454685559136e-02
3.484551261042825754e+00 7.882525832543459121e-02
3.494172286569046548e+00 7.831859444335050047e-02
3.503793312095267343e+00 7.781949152727746233e-02
3.513414337621488137e+00 7.732677659122741409e-02
3.523035363147708932e+00 7.683923835220504706e-02
3.532656388673929726e+00 7.635566848353088354e-02
3.542277414200150076e+00 7.587486213578019389e-02
3.551898439726370871e+00 7.539561820648052470e-02
3.561519465252591665e+00 7.491673934762739517e-02
3.571140490778812460e+00 7.443703169996307434e-02
3.580761516305033254e+00 7.395543215623201494e-02
3.590382541831254049e+00 7.347185668696966376e-02
3.600003567357474843e+00 7.298667217754893632e-02
3.609624592883695637e+00 7.250024714474091747e-02
3.619245618409915988e+00 7.201294933719629143e-02
3.628866643936136782e+00 7.152514576334240148e-02
3.638487669462357577e+00 7.103720271805064046e-02
3.648108694988578371e+00 7.054948580814754400e-02
3.657729720514799165e+00 7.006235997684601147e-02
3.667350746041019960e+00 6.957618952717210814e-02
3.676971771567240754e+00 6.909133814446588584e-02
3.686592797093461105e+00 6.860816891803349360e-02
3.696213822619681899e+00 6.812704436203209646e-02
3.705834848145902694e+00 6.764832643566703885e-02
3.715455873672123488e+00 6.717237656278400582e-02
3.725076899198344282e+00 6.669955565093832472e-02
3.734697924724565077e+00 6.623022398113452558e-02
3.744318950250785871e+00 6.576472928060220213e-02
3.753939975777006222e+00 6.530339851880133384e-02
3.763561001303227016e+00 6.484655962517245353e-02
3.773182026829447810e+00 6.439454421048408650e-02
3.782803052355668605e+00 6.394768700886611923e-02
3.792424077881889399e+00 6.350632438130071611e-02
3.802045103408110194e+00 6.307079182979810628e-02
3.811666128934330988e+00 6.264141693571309566e-02
3.821287154460551783e+00 6.221818417782565974e-02
3.830908179986772133e+00 6.180046512010915760e-02
3.840529205512992927e+00 6.138756459636374868e-02
3.850150231039213722e+00 6.097878820041782721e-02
3.859771256565434516e+00 6.057344541052412518e-02
3.869392282091655311e+00 6.017085200334747197e-02
3.879013307617876105e+00 5.977033171840680920e-02
3.888634333144096900e+00 5.937123597114469381e-02
3.898255358670317250e+00 5.897352251047589811e-02
3.907876384196538044e+00 5.857785980074456389e-02
3.917497409722758839e+00 5.818495790544815638e-02
3.927118435248979633e+00 5.779552752177746083e-02
3.936739460775200428e+00 5.741027996245372939e-02
3.946360486301421222e+00 5.702992713334633507e-02
3.955981511827642016e+00 5.665518150682725962e-02
3.965602537353862367e+00 5.628666174951704737e-02
3.975223562880083161e+00 5.592415070766365570e-02
3.984844588406303956e+00 5.556699322689220844e-02
3.994465613932524750e+00 5.521452875472603744e-02
4.004086639458745545e+00 5.486609520776441346e-02
4.013707664984966783e+00 5.452102903291751457e-02
4.023328690511187133e+00 5.417866526315848197e-02
4.032949716037407484e+00 5.383833756775811136e-02
4.042570741563627834e+00 5.349937829696112951e-02
4.052191767089849073e+00 5.316111852105712132e-02
4.061812792616070311e+00 5.282288806379262236e-02
4.071433818142290662e+00 5.248401553006371706e-02
4.081054843668511012e+00 5.214382832782315375e-02
4.090675869194732250e+00 5.180165268412866009e-02
4.100296894720953489e+00 5.145681365525248824e-02
4.109917920247173839e+00 5.110883717902613144e-02
4.119538945773394190e+00 5.075884974535895683e-02
4.129159971299614540e+00 5.040874188651134347e-02
4.138780996825835778e+00 5.006041157539509179e-02
4.148402022352057017e+00 4.971575949885254780e-02
4.158023047878277367e+00 4.937668893594364394e-02
4.167644073404497718e+00 4.904510558947516169e-02
4.177265098930718068e+00 4.872285925353592173e-02
4.186886124456939307e+00 4.841039312912844006e-02
4.196507149983160545e+00 4.810670053424911941e-02
4.206128175509380895e+00 4.781070661115714021e-02
4.215749201035601246e+00 4.752133483649683549e-02
4.225370226561822484e+00 4.723750717939144417e-02
4.234991252088043723e+00 4.695814415670152009e-02
4.244612277614264073e+00 4.668216478057770485e-02
4.254233303140484423e+00 4.640848639331993791e-02
4.263854328666704774e+00 4.613602438456398946e-02
4.273475354192926012e+00 4.586369178597155677e-02
4.283096379719147251e+00 4.559039873892171274e-02
4.292717405245367601e+00 4.531505183120911745e-02
4.302338430771587952e+00 4.503655329946883862e-02
4.311959456297809190e+00 4.475380966923427767e-02
4.321580481824029540e+00 4.446671702193412401e-02
4.331201507350250779e+00 4.417702186500429423e-02
4.340822532876471129e+00 4.388667781202969936e-02
4.350443558402691480e+00 4.359764579964094111e-02
4.360064583928912718e+00 4.331189521339259829e-02
4.369685609455133957e+00 4.303140455923316204e-02
4.379306634981354307e+00 4.275813968662543069e-02
4.388927660507574657e+00 4.249263159756807434e-02
4.398548686033795008e+00 4.223310393250019612e-02
4.408169711560016246e+00 4.197757432660961796e-02
4.417790737086237485e+00 4.172406131085838743e-02
4.427411762612457835e+00 4.147058311008305909e-02
4.437032788138678185e+00 4.121515611255596040e-02
4.446653813664899424e+00 4.095587477452850012e-02
4.456274839191120662e+00 4.069289115992912736e-02
4.465895864717341013e+00 4.042852252189432782e-02
4.475516890243561363e+00 4.016518844175841207e-02
4.485137915769781713e+00 3.990531022824402724e-02
4.494758941296002952e+00 3.965131094420650676e-02
4.504379966822224191e+00 3.940561279585402810e-02
4.514000992348444541e+00 3.917027277748237613e-02
4.523622017874664891e+00 3.894410905267858825e-02
4.533243043400885242e+00 3.872423167926745263e-02
4.542864068927106480e+00 3.850774396693378010e-02
4.552485094453327719e+00 3.829176190260525497e-02
4.562106119979548069e+00 3.807341431384383967e-02
4.571727145505768419e+00 3.784983991770355521e-02
4.581348171031989658e+00 3.761934673417563491e-02
4.590969196558210896e+00 3.738375337912557689e-02
4.600590222084431247e+00 3.714553123006564955e-02
4.610211247610651597e+00 3.690715106027275122e-02
4.619832273136871947e+00 3.667108681550655669e-02
4.629453298663093186e+00 3.643981583970945515e-02
4.639074324189314424e+00 3.621570359303097342e-02
4.648695349715534775e+00 3.599898332296767173e-02
4.658316375241755125e+00 3.578797807164858791e-02
4.667937400767975475e+00 3.558094403932536565e-02
4.677558426294196714e+00 3.537614200691491240e-02
4.687179451820417952e+00 3.517183971819188432e-02
4.696800477346638303e+00 3.496631274345630980e-02
4.706421502872858653e+00 3.475836491555767127e-02
4.716042528399079892e+00 3.454846143726380409e-02
4.725663553925301130e+00 3.433739434946463803e-02
4.735284579451521481e+00 3.412595360023518848e-02
4.744905604977741831e+00 3.391492771817731372e-02
4.754526630503962181e+00 3.370510436167955398e-02
4.764147656030184308e+00 3.349727073826672119e-02
4.773768681556404658e+00 3.329221388809932430e-02
4.783389707082625009e+00 3.309072082555862548e-02
4.793010732608845359e+00 3.289357853271995119e-02
4.802631758135065709e+00 3.270157379836800132e-02
4.812252783661287836e+00 3.251549289604351023e-02
4.821873809187508186e+00 3.233609451749402258e-02
4.831494834713728537e+00 3.216308238446444201e-02
4.841115860239948887e+00 3.199477958360114754e-02
4.850736885766169237e+00 3.182941724462619998e-02
4.860357911292391364e+00 3.166522856066326941e-02
4.869978936818611714e+00 3.150044872365023729e-02
4.879599962344832065e+00 3.133331737166441394e-02
4.889220987871052415e+00 3.116299817315754464e-02
4.898842013397274542e+00 3.099086196512733371e-02
4.908463038923494892e+00 3.081860137599324104e-02
4.918084064449715243e+00 3.064790871381416898e-02
4.927705089975935593e+00 3.048047595771870982e-02
4.937326115502155943e+00 3.031799361954685273e-02
4.946947141028378070e+00 3.016137108302397243e-02
4.956568166554598420e+00 3.000867066772738498e-02
4.966189192080818771e+00 2.985730756010992679e-02
4.975810217607039121e+00 2.970470270567626345e-02
4.985431243133259471e+00 2.954828289880045630e-02
4.995052268659481598e+00 2.938547865141145909e-02
5.004673294185701948e+00 2.921462243740622147e-02
5.014294319711922299e+00 2.903815279768035690e-02
5.023915345238142649e+00 2.885967568400166217e-02
5.033536370764364776e+00 2.868279947297699972e-02
5.043157396290585126e+00 2.851113716198048001e-02
5.052778421816805476e+00 2.834830601448447979e-02
5.062399447343025827e+00 2.819693423852345435e-02
5.072020472869246177e+00 2.805509915673293567e-02
5.081641498395468304e+00 2.791957098601837578e-02
5.091262523921688654e+00 2.778712069174432350e-02
5.100883549447909004e+00 2.765452164044752970e-02
5.110504574974129355e+00 2.751854917140883483e-02
5.120125600500351482e+00 2.737698257475108116e-02
5.129746626026571832e+00 2.723139312778886933e-02
5.139367651552792182e+00 2.708424734311907708e-02
5.148988677079012533e+00 2.693801348138437010e-02
5.158609702605232883e+00 2.679516252993482950e-02
5.168230728131455010e+00 2.665816541787750099e-02
5.177851753657675360e+00 2.652852981643341601e-02
5.187472779183895710e+00 2.640528282916817376e-02
5.197093804710116061e+00 2.628705681751787593e-02
5.206714830236336411e+00 2.617248420681394377e-02
5.216335855762558538e+00 2.606019871773469776e-02
5.225956881288778888e+00 2.594883610350535302e-02
5.235577906814999238e+00 2.583703437567343858e-02
5.245198932341219589e+00 2.572343350150034166e-02
5.254819957867441715e+00 2.560667455567425602e-02
5.264440983393662066e+00 2.548539830811268059e-02
5.274062008919882416e+00 2.535824322802648217e-02
5.283683034446102766e+00 2.522400955603404382e-02
5.293304059972323117e+00 2.508399253572586585e-02
5.302925085498545243e+00 2.494141749018042448e-02
5.312546111024765594e+00 2.479956739031797044e-02
5.322167136550985944e+00 2.466173510972121535e-02
5.331788162077206294e+00 2.453122203635023021e-02
5.341409187603426645e+00 2.441054473545076209e-02
5.351030213129648772e+00 2.429813404310633002e-02
5.360651238655869122e+00 2.419109844493725833e-02
5.370272264182089472e+00 2.408654513096530891e-02
5.379893289708309823e+00 2.398158327468446344e-02
5.389514315234531949e+00 2.387334388221856382e-02
5.399135340760752300e+00 2.376070697806531920e-02
5.408756366286972650e+00 2.364562234384134237e-02
5.418377391813193000e+00 2.353035120358143092e-02
5.427998417339413351e+00 2.341715758140858888e-02
5.437619442865635477e+00 2.330830957020663119e-02
5.447240468391855828e+00 2.320580827110085495e-02
5.456861493918076178e+00 2.310900940286339175e-02
5.466482519444296528e+00 2.301577105376366450e-02
5.476103544970518655e+00 2.292393241641155557e-02
5.485724570496739005e+00 2.283133120595978033e-02
5.495345596022959356e+00 2.273580850461207059e-02
5.504966621549179706e+00 2.263623403447413002e-02
5.514587647075400056e+00 2.253378178261341430e-02
5.524208672601622183e+00 2.242993946816420475e-02
5.533829698127842533e+00 2.232619616033072393e-02
5.543450723654062884e+00 2.222404245580766879e-02
5.553071749180283234e+00 2.212484578021058426e-02
5.562692774706503585e+00 2.202883301454416562e-02
5.572313800232725711e+00 2.193561834564351429e-02
5.581934825758946062e+00 2.184480957765397996e-02
5.591555851285166412e+00 2.175601402652109148e-02
5.601176876811386762e+00 2.166884031220644297e-02
5.610797902337608889e+00 2.158301172843440224e-02
5.620418927863829239e+00 2.149843516729432399e-02
5.630039953390049590e+00 2.141503395479096156e-02
5.639660978916269940e+00 2.133273140854130903e-02
5.649282004442490290e+00 2.125145084275358726e-02
5.658903029968712417e+00 2.117111557313117523e-02
5.668524055494932767e+00 2.109164892167367938e-02
5.678145081021153118e+00 2.101297422134042192e-02
5.687766106547373468e+00 2.093501482053555449e-02
5.697387132073593818e+00 2.085769408736709574e-02
5.707008157599815945e+00 2.078091508963806136e-02
5.716629183126036295e+00 2.070432496794519586e-02
5.726250208652256646e+00 2.062739543979752455e-02
5.735871234178476996e+00 2.054959401408885944e-02
5.745492259704699123e+00 2.047038725298666595e-02
5.755113285230919473e+00 2.038925744182145533e-02
5.764734310757139824e+00 2.030643492342276354e-02
5.774355336283360174e+00 2.022318244757795661e-02
5.783976361809580524e+00 2.014084054126244125e-02
5.793597387335802651e+00 2.006075258286591292e-02
5.803218412862023001e+00 1.998426329344988803e-02
5.812839438388243352e+00 1.991218831271357459e-02
5.822460463914463702e+00 1.984400421687471799e-02
5.832081489440684052e+00 1.977897814265881446e-02
5.841702514966906179e+00 1.971637571239943237e-02
5.851323540493126529e+00 1.965546126292752258e-02
5.860944566019346880e+00 1.959558267442686880e-02
5.870565591545567230e+00 1.953644632746478343e-02
5.880186617071789357e+00 1.947785354140433786e-02
5.889807642598009707e+00 1.941960542568480289e-02
5.899428668124230057e+00 1.936150286832991410e-02
5.909049693650450408e+00 1.930334652481639421e-02
5.918670719176670758e+00 1.924493680678644389e-02
5.928291744702892885e+00 1.918607387076100290e-02
5.937912770229113235e+00 1.912655760702755559e-02
5.947533795755333585e+00 1.906618762889245380e-02
5.957154821281553936e+00 1.900482443920907538e-02
5.966775846807776063e+00 1.894284683578757386e-02
5.976396872333996413e+00 1.888089506071717258e-02
5.986017897860216763e+00 1.881961185806518833e-02
5.995638923386437114e+00 1.875964052474472094e-02
6.005259948912657464e+00 1.870157503386879125e-02
6.014880974438879591e+00 1.864551176347594916e-02
6.024501999965099941e+00 1.859126155503813480e-02
6.034123025491320291e+00 1.853863279021860169e-02
6.043744051017540642e+00 1.848743481958778009e-02
6.053365076543760992e+00 1.843747794554000466e-02
6.062986102069983119e+00 1.838857337936661632e-02
6.072607127596203469e+00 1.834053317187926690e-02
6.082228153122423819e+00 1.829317011699094220e-02
6.091849178648644170e+00 1.824629762768901001e-02
6.101470204174866296e+00 1.819973456411538848e-02
6.111091229701086647e+00 1.815334525756313877e-02
6.120712255227306997e+00 1.810701655918418168e-02
6.130333280753527347e+00 1.806063311911990793e-02
6.139954306279747698e+00 1.801407712048020554e-02
6.149575331805969824e+00 1.796729368252018497e-02
6.159196357332190175e+00 1.792070556985908211e-02
6.168817382858410525e+00 1.787494805573757242e-02
6.178438408384630876e+00 1.783065763368507639e-02
6.188059433910851226e+00 1.778847121670966078e-02
6.197680459437073353e+00 1.774880154811713309e-02
6.207301484963293703e+00 1.771089164841466515e-02
6.216922510489514053e+00 1.767360947904545246e-02
6.226543536015734404e+00 1.763582896637422640e-02
6.236164561541956530e+00 1.759642933004677834e-02
6.245785587068176881e+00 1.755472881511041527e-02
6.255406612594397231e+00 1.751151259927737069e-02
6.265027638120617581e+00 1.746786811644060119e-02
6.274648663646837932e+00 1.742487585404599651e-02
6.284269689173060058e+00 1.738360520654785163e-02
6.293890714699280409e+00 1.734476815602192107e-02
6.303511740225500759e+00 1.730838298131703173e-02
6.313132765751721109e+00 1.727440107678247794e-02
6.322753791277941460e+00 1.724279239163684779e-02
6.332374816804163586e+00 1.721352786894478348e-02
6.341995842330383937e+00 1.718617019735648940e-02
6.351616867856604287e+00 1.715980686536671199e-02
6.361237893382824637e+00 1.713349106509375747e-02
6.370858918909046764e+00 1.710627022194926780e-02
6.380479944435267114e+00 1.707726870379852949e-02
6.390100969961487465e+00 1.704644734910242682e-02
6.399721995487707815e+00 1.701425553884873543e-02
6.409343021013928166e+00 1.698115068312526857e-02
6.418964046540150292e+00 1.694759408708852721e-02
6.428585072066370643e+00 1.691405229461138623e-02
6.438206097592590993e+00 1.688099787252211187e-02
6.447827123118811343e+00 1.684890964549590545e-02
6.457448148645033470e+00 1.681827239379873190e-02
6.467069174171253820e+00 1.678957228566031051e-02
6.476690199697474171e+00 1.676302758029597773e-02
6.486311225223694521e+00 1.673840342480957880e-02
6.495932250749914871e+00 1.671541520422891933e-02
6.505553276276136998e+00 1.669377103890730754e-02
6.515174301802357348e+00 1.667318086995363963e-02
6.524795327328577699e+00 1.665346953489455287e-02
6.534416352854798049e+00 1.663454655401375507e-02
6.544037378381018399e+00 1.661633254149942618e-02
6.553658403907240526e+00 1.659875845363094349e-02
6.563279429433460876e+00 1.658169425296615596e-02
6.572900454959681227e+00 1.656476463125907891e-02
6.582521480485901577e+00 1.654753734126664100e-02
6.592142506012123704e+00 1.652957799219067006e-02
6.601763531538344054e+00 1.651046393648458732e-02
6.611384557064564405e+00 1.649016284001617039e-02
6.621005582590784755e+00 1.646908048382058481e-02
6.630626608117005105e+00 1.644764055676531389e-02
6.640247633643227232e+00 1.642625926968623029e-02
6.649868659169447582e+00 1.640538364977368879e-02
6.659489684695667933e+00 1.638568196208889383e-02
6.669110710221888283e+00 1.636790878812800082e-02
6.678731735748108633e+00 1.635283396547387164e-02
6.688352761274330760e+00 1.634122233823459558e-02
6.697973786800551110e+00 1.633285685666861775e-02
6.707594812326771461e+00 1.632612483169857201e-02
6.717215837852991811e+00 1.631930256516438832e-02
6.726836863379213938e+00 1.631066055645605944e-02
6.736457888905434288e+00 1.629875751979410758e-02
6.746078914431654638e+00 1.628386882614358405e-02
6.755699939957874989e+00 1.626689515973665789e-02
6.765320965484095339e+00 1.624873955053009883e-02
6.774941991010317466e+00 1.623030650838695396e-02
6.784563016536537816e+00 1.621250199046258764e-02
6.794184042062758166e+00 1.619623332186670428e-02
6.803805067588978517e+00 1.618240907247332772e-02
6.813426093115200644e+00 1.617193889256766590e-02
6.823047118641420994e+00 1.616540328986651107e-02
6.832668144167641344e+00 1.616191584339842641e-02
6.842289169693861695e+00 1.616017905193265977e-02
6.851910195220082045e+00 1.615889061589488931e-02
6.861531220746304172e+00 1.615678976568363581e-02
6.871152246272524522e+00 1.615346640429327421e-02
6.880773271798744872e+00 1.614926069412321585e-02
6.890394297324965223e+00 1.614454709316332989e-02
6.900015322851185573e+00 1.613970923880346867e-02
6.909636348377407700e+00 1.613511925704608219e-02
6.919257373903628050e+00 1.613110183033615239e-02
6.928878399429848400e+00 1.612796673328882602e-02
6.938499424956068751e+00 1.612601582727947111e-02
6.948120450482290877e+00 1.612541037351967674e-02
6.957741476008511228e+00 1.612535975020047696e-02
6.967362501534731578e+00 1.612466866697214243e-02
6.976983527060951928e+00 1.612215433102667100e-02
6.986604552587172279e+00 1.611670241911600243e-02
6.996225578113394405e+00 1.610865641069953932e-02
7.005846603639614756e+00 1.609990007668351056e-02
7.015467629165835106e+00 1.609238348499654817e-02
7.025088654692055457e+00 1.608804636927659709e-02
7.034709680218275807e+00 1.608794627457154139e-02
7.044330705744497934e+00 1.609101042916706928e-02
7.053951731270718284e+00 1.609585403868860412e-02
7.063572756796938634e+00 1.610110104148754911e-02
7.073193782323158985e+00 1.610558219094910398e-02
7.082814807849381111e+00 1.610924405757210506e-02
7.092435833375601462e+00 1.611242015628983060e-02
7.102056858901821812e+00 1.611544254564539411e-02
7.111677884428042162e+00 1.611864163764648028e-02
7.121298909954262513e+00 1.612234635182209150e-02
7.130919935480484639e+00 1.612688420792170521e-02
7.140540961006704990e+00 1.613258135848437413e-02
7.150161986532925340e+00 1.613974883483624417e-02
7.159783012059145690e+00 1.614815621081754776e-02
7.169404037585366041e+00 1.615686777543947489e-02
7.179025063111588167e+00 1.616490163142110872e-02
7.188646088637808518e+00 1.617127985248236963e-02
7.198267114164028868e+00 1.617564510296685965e-02
7.207888139690249218e+00 1.617906276601364934e-02
7.217509165216471345e+00 1.618279516837431084e-02
7.227130190742691696e+00 1.618810219087244914e-02
7.236751216268912046e+00 1.619591804474147453e-02
7.246372241795132396e+00 1.620590256101573853e-02
7.255993267321352747e+00 1.621740604428712970e-02
7.265614292847574873e+00 1.622978411236001769e-02
7.275235318373795224e+00 1.624244489776312250e-02
7.284856343900015574e+00 1.625510671316403657e-02
7.294477369426235924e+00 1.626760856541750733e-02
7.304098394952458051e+00 1.627978788099805271e-02
7.313719420478678401e+00 1.629148052681205286e-02
7.323340446004898752e+00 1.630252106915289906e-02
7.332961471531119102e+00 1.631274296480987596e-02
7.342582497057339452e+00 1.632197868723685164e-02
7.352203522583561579e+00 1.633010616977111432e-02
7.361824548109781929e+00 1.633773167203625767e-02
7.371445573636002280e+00 1.634604088758565346e-02
7.381066599162222630e+00 1.635623528762009463e-02
7.390687624688442980e+00 1.636947065424850314e-02
7.400308650214665107e+00 1.638582439517826186e-02
7.409929675740885457e+00 1.640427646643866436e-02
7.419550701267105808e+00 1.642375728111063540e-02
7.429171726793326158e+00 1.644319691309640077e-02
7.438792752319548285e+00 1.646152506497442630e-02
7.448413777845768635e+00 1.647767102142784837e-02
7.458034803371988986e+00 1.649056358845757755e-02
7.467655828898209336e+00 1.649916691347201245e-02
7.477276854424429686e+00 1.650413065407932769e-02
7.486897879950651813e+00 1.650848235859378801e-02
7.496518905476872163e+00 1.651543450191024151e-02
7.506139931003092514e+00 1.652816423018161479e-02
7.515760956529312864e+00 1.654750984466129768e-02
7.525381982055533214e+00 1.657073357335258484e-02
7.535003007581755341e+00 1.659479285938026891e-02
7.544624033107975691e+00 1.661667114037553364e-02
7.554245058634196042e+00 1.663510929903675925e-02
7.563866084160416392e+00 1.665160070750794016e-02
7.573487109686638519e+00 1.666787751392426187e-02
7.583108135212858869e+00 1.668565432708701488e-02
7.592729160739079219e+00 1.670573535203407831e-02
7.602350186265299570e+00 1.672754351084545371e-02
7.611971211791519920e+00 1.675038798048855693e-02
7.621592237317742047e+00 1.677358458242000569e-02
7.631213262843962397e+00 1.679664513249129812e-02
7.640834288370182747e+00 1.681935476186226588e-02
7.650455313896403098e+00 1.684152103654746810e-02
7.660076339422623448e+00 1.686296245159460416e-02
7.669697364948845575e+00 1.688381709114248133e-02
7.679318390475065925e+00 1.690461174894325805e-02
7.688939416001286276e+00 1.692589427991815151e-02
7.698560441527506626e+00 1.694819323419947607e-02
7.708181467053728753e+00 1.697163624252361058e-02
7.717802492579949103e+00 1.699594428171810959e-02
7.727423518106169453e+00 1.702082069011272639e-02
7.737044543632389804e+00 1.704596982767818403e-02
7.746665569158610154e+00 1.707109736016278190e-02
7.756286594684832281e+00 1.709591044726407535e-02
7.765907620211052631e+00 1.712011783119780570e-02
7.775528645737272981e+00 1.714352620549366990e-02
7.785149671263493332e+00 1.716697145128022808e-02
7.794770696789715458e+00 1.719191084071881523e-02
7.804391722315935809e+00 1.721980920503331236e-02
7.814012747842156159e+00 1.725164277148944630e-02
7.823633773368376509e+00 1.728498402231624237e-02
7.833254798894596860e+00 1.731595766574387657e-02
7.842875824420818986e+00 1.734068621023129170e-02
7.852496849947039337e+00 1.735679311044571044e-02
7.862117875473259687e+00 1.736859745845533917e-02
7.871738900999480038e+00 1.738228392622630236e-02
7.881359926525700388e+00 1.740402864358640833e-02
7.890980952051922515e+00 1.743705899733598297e-02
7.900601977578142865e+00 1.747652585329155864e-02
7.910223003104363215e+00 1.751622011887986330e-02
7.919844028630583566e+00 1.755000097003787604e-02
7.929465054156805692e+00 1.757540345636256565e-02
7.939086079683026043e+00 1.759603076326169899e-02
7.948707105209246393e+00 1.761605033497721726e-02
7.958328130735466743e+00 1.763950745311012105e-02
7.967949156261687094e+00 1.766780660711233727e-02
7.977570181787909220e+00 1.769976689753924998e-02
7.987191207314129571e+00 1.773410172225711734e-02
7.996812232840349921e+00 1.776958618274880955e-02
8.006433258366570271e+00 1.780554785912075513e-02
8.016054283892790622e+00 1.784161815146510788e-02
8.025675309419012748e+00 1.787743128658510552e-02
8.035296334945233099e+00 1.791262118429042330e-02
8.044917360471453449e+00 1.794682151187566160e-02
8.054538385997673799e+00 1.797966572998242057e-02
8.064159411523895926e+00 1.801078713011210197e-02
8.073780437050116277e+00 1.803981886402521162e-02
8.083401462576336627e+00 1.806639396523538124e-02
8.093022488102556977e+00 1.809014536278029731e-02
8.102643513628777328e+00 1.811079433106941097e-02
8.112264539154999454e+00 1.813034460098510853e-02
8.121885564681219805e+00 1.815322895413944496e-02
8.131506590207440155e+00 1.818399664489028095e-02
8.141127615733660505e+00 1.822627124725191908e-02
8.150748641259882632e+00 1.827589714532754789e-02
8.160369666786102982e+00 1.832482407710906216e-02
8.169990692312323333e+00 1.836497735910893811e-02
8.179611717838543683e+00 1.839132473847301247e-02
8.189232743364764033e+00 1.840899470036815380e-02
8.198853768890986160e+00 1.842523633664243030e-02
8.208474794417206510e+00 1.844721216767695321e-02
8.218095819943426861e+00 1.847822531880116345e-02
8.227716845469647211e+00 1.851624152497829273e-02
8.237337870995867561e+00 1.855883543702608815e-02
8.246958896522089688e+00 1.860362451580149790e-02
8.256579922048310038e+00 1.864867126687533988e-02
8.266200947574530389e+00 1.869230100302175443e-02
8.275821973100750739e+00 1.873285118108291084e-02
8.285442998626972866e+00 1.876925545461917769e-02
8.295064024153193216e+00 1.880244211097923182e-02
8.304685049679413567e+00 1.883375773519199020e-02
8.314306075205633917e+00 1.886454818452689558e-02
8.323927100731854267e+00 1.889616002814510989e-02
8.333548126258076394e+00 1.892994002251035396e-02
8.343169151784296744e+00 1.896723266535826208e-02
8.352790177310517095e+00 1.900899910414814015e-02
8.362411202836737445e+00 1.905338608514190249e-02
8.372032228362957795e+00 1.909728368906380563e-02
8.381653253889179922e+00 1.913759973668591879e-02
8.391274279415400272e+00 1.917309238421419093e-02
8.400895304941620623e+00 1.920674099810249988e-02
8.410516330467840973e+00 1.924211481364437870e-02
8.420137355994063100e+00 1.928253996774694640e-02
8.429758381520283450e+00 1.932763435541766731e-02
8.439379407046503800e+00 1.937415655556011529e-02
8.449000432572724151e+00 1.941880196604676631e-02
8.458621458098944501e+00 1.945910768279222186e-02
8.468242483625166628e+00 1.949571930090533353e-02
8.477863509151386978e+00 1.953000514996129644e-02
8.487484534677607328e+00 1.956333107248938927e-02
8.497105560203827679e+00 1.959706226991082476e-02
8.506726585730048029e+00 1.963256411802392215e-02
8.516347611256270156e+00 1.967120196978799571e-02
8.525968636782490506e+00 1.971386408598056750e-02
8.535589662308710857e+00 1.975894935137737646e-02
8.545210687834931207e+00 1.980404776539545011e-02
8.554831713361153334e+00 1.984678282104449659e-02
8.564452738887373684e+00 1.988616945630006239e-02
8.574073764413594034e+00 1.992313923333892053e-02
8.583694789939814385e+00 1.995876279766905723e-02
8.593315815466034735e+00 1.999411026427859797e-02
8.602936840992256862e+00 2.003025152629132541e-02
8.612557866518477212e+00 2.006825640348793363e-02
8.622178892044697562e+00 2.010917940597430412e-02
8.631799917570917913e+00 2.015326703425831742e-02
8.641420943097140039e+00 2.019957079534983116e-02
8.651041968623360390e+00 2.024704557939811800e-02
8.660662994149580740e+00 2.029464971776968538e-02
8.670284019675801090e+00 2.034136558101588832e-02
8.679905045202021441e+00 2.038618671046293906e-02
8.689526070728243567e+00 2.042813208208274847e-02
8.699147096254463918e+00 2.046726325744576899e-02
8.708768121780684268e+00 2.050507041882549536e-02
8.718389147306904619e+00 2.054314617792158543e-02
8.728010172833124969e+00 2.058276785990127700e-02
8.737631198359347096e+00 2.062357877367976960e-02
8.747252223885567446e+00 2.066469809428345822e-02
8.756873249411787796e+00 2.070528351111659837e-02
8.766494274938009923e+00 2.074551629814222822e-02
8.776115300464230273e+00 2.078671270270002897e-02
8.785736325990450624e+00 2.083025298607438583e-02
8.795357351516670974e+00 2.087697095180291243e-02
8.804978377042891324e+00 2.092563334888318874e-02
8.814599402569113451e+00 2.097452165467898755e-02
8.824220428095333801e+00 2.102199803239666182e-02
8.833841453621554152e+00 2.106764165018921650e-02
8.843462479147774502e+00 2.111197916898046104e-02
8.853083504673996629e+00 2.115556221442428664e-02
8.862704530200216979e+00 2.119894287460008173e-02
8.872325555726437329e+00 2.124267393376788257e-02
8.881946581252657680e+00 2.128730878080968211e-02
8.891567606778878030e+00 2.133323922836919892e-02
8.901188632305100157e+00 2.137958333555272858e-02
8.910809657831320507e+00 2.142485625056467571e-02
8.920430683357540858e+00 2.146760718311129662e-02
8.930051708883761208e+00 2.150791195146463733e-02
8.939672734409981558e+00 2.154787137479220738e-02
8.949293759936203685e+00 2.158972392976419782e-02
8.958914785462424035e+00 2.163513265229287733e-02
8.968535810988644386e+00 2.168358025003695733e-02
8.978156836514864736e+00 2.173403935557602015e-02
8.987777862041086863e+00 2.178546387321620217e-02
8.997398887567307213e+00 2.183651897203160025e-02
9.007019913093527563e+00 2.188568385418076384e-02
9.016640938619747914e+00 2.193146517276915036e-02
9.026261964145968264e+00 2.197373635070836578e-02
9.035882989672190391e+00 2.201468396790757717e-02
9.045504015198410741e+00 2.205672912839927793e-02
9.055125040724631091e+00 2.210185970527451735e-02
9.064746066250851442e+00 2.215003848692147920e-02
9.074367091777071792e+00 2.220065018186143102e-02
9.083988117303293919e+00 2.225307298985727475e-02
9.093609142829514269e+00 2.230662559784013510e-02
9.103230168355734619e+00 2.236058496717488811e-02
9.112851193881954970e+00 2.241422794155585596e-02
9.122472219408177097e+00 2.246683179766090568e-02
9.132093244934397447e+00 2.251767357390932131e-02
9.141714270460617797e+00 2.256602908918030684e-02
9.151335295986838148e+00 2.261163338728494274e-02
9.160956321513058498e+00 2.265601431359617196e-02
9.170577347039280625e+00 2.270113950227990382e-02
9.180198372565500975e+00 2.274862621877892996e-02
9.189819398091721325e+00 2.279662650072365390e-02
9.199440423617941676e+00 2.284133327670699251e-02
9.209061449144162026e+00 2.287909882746082604e-02
9.218682474670384153e+00 2.291213540211677752e-02
9.228303500196604503e+00 2.294961841432786170e-02
9.237924525722824853e+00 2.300111109990303493e-02
9.247545551249045204e+00 2.307006415901992000e-02
9.257166576775267330e+00 2.314480840087730640e-02
9.266787602301487681e+00 2.321138753502494795e-02
9.276408627827708031e+00 2.325883131824508371e-02
9.286029653353928381e+00 2.329207802126748161e-02
9.295650678880148732e+00 2.332136173495108489e-02
9.305271704406370858e+00 2.335631796669165525e-02
9.314892729932591209e+00 2.339931441421094771e-02
9.324513755458811559e+00 2.344787717779056938e-02
9.334134780985031909e+00 2.349946870182503117e-02
9.343755806511254036e+00 2.355236660870264898e-02
9.353376832037474387e+00 2.360586338880736254e-02
9.362997857563694737e+00 2.365931747692313902e-02
9.372618883089915087e+00 2.371209207260003768e-02
9.382239908616135438e+00 2.376355525162778329e-02
9.391860934142357564e+00 2.381307783270479594e-02
9.401481959668577915e+00 2.386039044007042323e-02
9.411102985194798265e+00 2.390678836255008197e-02
9.420724010721018615e+00 2.395399404531709658e-02
9.430345036247238966e+00 2.400347379952298688e-02
9.439966061773461092e+00 2.405458966969822171e-02
9.449587087299681443e+00 2.410568130776466825e-02
9.459208112825901793e+00 2.415521310131030566e-02
9.468829138352122143e+00 2.420359141127141275e-02
9.478450163878344270e+00 2.425282407942939630e-02
9.488071189404564620e+00 2.430493034927755022e-02
9.497692214930784971e+00 2.436035493545978675e-02
9.507313240457005321e+00 2.441741744685776289e-02
9.516934265983225671e+00 2.447428663536643442e-02
9.526555291509447798e+00 2.452913047496580248e-02
9.536176317035668148e+00 2.458011632088136569e-02
9.545797342561888499e+00 2.462541113973657284e-02
9.555418368088108849e+00 2.466446880367623509e-02
9.565039393614329200e+00 2.470122296289990749e-02
9.574660419140551326e+00 2.474058539922293493e-02
9.584281444666771677e+00 2.478664016826442884e-02
9.593902470192992027e+00 2.483886388507571680e-02
9.603523495719212377e+00 2.489514373545327619e-02
9.613144521245434504e+00 2.495336506805275259e-02
9.622765546771654854e+00 2.501141389701478854e-02
9.632386572297875205e+00 2.506717601115276625e-02
9.642007597824095555e+00 2.511869949866058285e-02
9.651628623350315905e+00 2.516638251881489485e-02
9.661249648876538032e+00 2.521238073471947574e-02
9.670870674402758382e+00 2.525885684362968661e-02
9.680491699928978733e+00 2.530689617513647710e-02
9.690112725455199083e+00 2.535645962135917725e-02
9.699733750981419433e+00 2.540743906683993331e-02
9.709354776507641560e+00 2.545938225110279396e-02
9.718975802033861910e+00 2.551138837164348971e-02
9.728596827560082261e+00 2.556255907023288407e-02
9.738217853086302611e+00 2.561275731777714129e-02
9.747838878612524738e+00 2.566324640494193829e-02
9.757459904138745088e+00 2.571545384621228003e-02
9.767080929664965439e+00 2.576976718662131460e-02
9.776701955191185789e+00 2.582404259356472706e-02
9.786322980717406139e+00 2.587579185418994315e-02
9.795944006243628266e+00 2.592363697819552795e-02
9.805565031769848616e+00 2.596954785780103414e-02
9.815186057296068967e+00 2.601613477943428426e-02
9.824807082822289317e+00 2.606541963653487629e-02
9.834428108348511444e+00 2.611711972839852319e-02
9.844049133874731794e+00 2.617038986753804711e-02
9.853670159400952144e+00 2.622439316568067266e-02
9.863291184927172495e+00 2.627830151100251158e-02
9.872912210453392845e+00 2.633129055798803797e-02
9.882533235979614972e+00 2.638289001494353858e-02
9.892154261505835322e+00 2.643470129041828459e-02
9.901775287032055672e+00 2.648908154321630987e-02
9.911396312558276023e+00 2.654773741501754644e-02
9.921017338084496373e+00 2.660788214948436523e-02
9.930638363610718500e+00 2.666486764303925908e-02
9.940259389136938850e+00 2.671489228644600977e-02
9.949880414663159200e+00 2.676066839290601809e-02
9.959501440189379551e+00 2.680792040261251521e-02
9.969122465715601678e+00 2.686151409818633012e-02
9.978743491241822028e+00 2.691893368185768048e-02
9.988364516768042378e+00 2.697395009216160475e-02
9.997985542294262729e+00 2.702124198351245343e-02
1.000760656782048308e+01 2.706390758141260719e-02
1.001722759334670521e+01 2.710957863865824310e-02
1.002684861887292556e+01 2.716495127343038565e-02
1.003646964439914591e+01 2.722725136187136366e-02
1.004609066992536626e+01 2.728839532887818164e-02
1.005571169545158661e+01 2.734101285942369675e-02
1.006533272097780873e+01 2.738527282518659137e-02
1.007495374650402908e+01 2.742563967783423484e-02
1.008457477203024943e+01 2.746663156400310987e-02
1.009419579755646978e+01 2.751276872878708271e-02
1.010381682308269191e+01 2.756856191047324725e-02
1.011343784860891226e+01 2.763734990989918233e-02
1.012305887413513261e+01 2.771172146134732311e-02
1.013267989966135296e+01 2.777845727379072219e-02
1.014230092518757331e+01 2.782619390149962055e-02
1.015192195071379544e+01 2.785972510858427190e-02
1.016154297624001579e+01 2.789221469577943605e-02
1.017116400176623614e+01 2.793549445280552740e-02
1.018078502729245649e+01 2.799009423857235293e-02
1.019040605281867862e+01 2.805116177541794320e-02
1.020002707834489897e+01 2.811388450239040576e-02
1.020964810387111932e+01 2.817351799717100411e-02
1.021926912939733967e+01 2.822532478911672985e-02
1.022889015492356002e+01 2.826611748710487412e-02
1.023851118044978215e+01 2.830224459395476802e-02
1.024813220597600250e+01 2.834368188825554802e-02
1.025775323150222285e+01 2.839782347777216817e-02
1.026737425702844320e+01 2.845850500741780795e-02
1.027699528255466355e+01 2.851514739203916612e-02
1.028661630808088567e+01 2.855969701451552961e-02
1.029623733360710602e+01 2.859506056571762753e-02
1.030585835913332637e+01 2.862712069515127578e-02
1.031547938465954672e+01 2.866175695439401525e-02
1.032510041018576885e+01 2.870484744092794901e-02
1.033472143571198920e+01 2.876226217329479889e-02
1.034434246123820955e+01 2.883533339264046647e-02
1.035396348676442990e+01 2.891263111419039092e-02
1.036358451229065025e+01 2.898053598152140059e-02
1.037320553781687238e+01 2.903268106764158099e-02
1.038282656334309273e+01 2.907870981657895496e-02
1.039244758886931308e+01 2.913032602539158966e-02
1.040206861439553343e+01 2.919197183112959282e-02
1.041168963992175378e+01 2.925569447018653776e-02
1.042131066544797591e+01 2.931249865957112274e-02
1.043093169097419626e+01 2.935905777681923831e-02
1.044055271650041661e+01 2.939941885151837672e-02
1.045017374202663696e+01 2.943812540108037626e-02
1.045979476755285908e+01 2.947973836502473799e-02
1.046941579307907944e+01 2.952884172628023052e-02
1.047903681860529979e+01 2.958950631851822374e-02
1.048865784413152014e+01 2.965857142216327472e-02
1.049827886965774049e+01 2.972762660955077102e-02
1.050789989518396261e+01 2.978886194538483620e-02
1.051752092071018296e+01 2.984098059074521275e-02
1.052714194623640331e+01 2.988611724021335292e-02
1.053676297176262366e+01 2.992651544937728961e-02
1.054638399728884401e+01 2.996449602031977036e-02
1.055600502281506614e+01 3.000240640057006553e-02
1.056562604834128649e+01 3.004245309256953905e-02
1.057524707386750684e+01 3.008649135258890592e-02
1.058486809939372719e+01 3.013640727999962465e-02
1.059448912491994932e+01 3.019237935783856269e-02
1.060411015044616967e+01 3.025007507248434618e-02
1.061373117597239002e+01 3.030449630827525970e-02
1.062335220149861037e+01 3.035333754173185836e-02
1.063297322702483072e+01 3.039861011733101595e-02
1.064259425255105285e+01 3.044272728875664982e-02
1.065221527807727320e+01 3.048839609320292549e-02
1.066183630360349355e+01 3.053863346319268812e-02
1.067145732912971390e+01 3.059606136644806712e-02
1.068107835465593602e+01 3.065821206283297559e-02
1.069069938018215637e+01 3.071916556476035273e-02
1.070032040570837673e+01 3.077375499962858516e-02
1.070994143123459708e+01 3.082242584561746546e-02
1.071956245676081743e+01 3.086797814329527226e-02
1.072918348228703955e+01 3.091296421351305557e-02
1.073880450781325990e+01 3.095892868633825373e-02
1.074842553333948025e+01 3.100717208686130238e-02
1.075804655886570060e+01 3.105899811618349077e-02
1.076766758439192095e+01 3.111571234284727858e-02
1.077728860991814308e+01 3.117850566662239489e-02
1.078690963544436343e+01 3.124393517419647368e-02
1.079653066097058378e+01 3.130243411919817614e-02
1.080615168649680413e+01 3.134478674818479832e-02
1.081577271202302626e+01 3.137355165679464597e-02
1.082539373754924661e+01 3.140045163402380157e-02
1.083501476307546696e+01 3.143659061605656724e-02
1.084463578860168731e+01 3.148658974271374006e-02
1.085425681412790766e+01 3.155221344590039556e-02
1.086387783965412979e+01 3.163149828485960907e-02
1.087349886518035014e+01 3.170875815396208275e-02
1.088311989070657049e+01 3.176525074241393770e-02
1.089274091623279084e+01 3.179477682349379775e-02
1.090236194175901119e+01 3.181541340321428213e-02
1.091198296728523331e+01 3.184741502091758408e-02
1.092160399281145367e+01 3.189618479560594327e-02
1.093122501833767402e+01 3.195161082416622667e-02
1.094084604386389437e+01 3.200372382129675758e-02
1.095046706939011649e+01 3.205060634282856646e-02
1.096008809491633684e+01 3.209481034336802291e-02
1.096970912044255719e+01 3.213892716274571737e-02
1.097933014596877754e+01 3.218554272191364446e-02
1.098895117149499789e+01 3.223722080204433071e-02
1.099857219702122002e+01 3.229355614875910330e-02
1.100819322254744037e+01 3.234785077687059307e-02
1.101781424807366072e+01 3.239295331614910206e-02
1.102743527359988107e+01 3.243044707664503173e-02
1.103705629912610142e+01 3.247122508124012513e-02
1.104667732465232355e+01 3.252515551802798166e-02
1.105629835017854390e+01 3.258902718860607478e-02
1.106591937570476425e+01 3.265284745381412390e-02
1.107554040123098460e+01 3.270898561013153155e-02
1.108516142675720673e+01 3.275873002007065327e-02
1.109478245228342708e+01 3.280552514342596065e-02
1.110440347780964743e+01 3.285105301290652813e-02
1.111402450333586778e+01 3.289390241631093975e-02
1.112364552886208813e+01 3.293264308105273153e-02
1.113326655438831025e+01 3.296914124863000589e-02
1.114288757991453060e+01 3.300792000581946606e-02
1.115250860544075096e+01 3.305281836942293439e-02
1.116212963096697131e+01 3.310297711421293643e-02
1.117175065649319343e+01 3.315576549899607733e-02
1.118137168201941378e+01 3.320854130171493890e-02
1.119099270754563413e+01 3.325865832043124054e-02
1.120061373307185448e+01 3.330359547821698518e-02
1.121023475859807483e+01 3.334428314284484940e-02
1.121985578412429696e+01 3.338547044901683108e-02
1.122947680965051731e+01 3.343128587730991030e-02
1.123909783517673766e+01 3.347903942524549370e-02
1.124871886070295801e+01 3.352273237495759922e-02
1.125833988622917836e+01 3.355902970980744610e-02
1.126796091175540049e+01 3.359285116567978235e-02
1.127758193728162084e+01 3.363059666172685952e-02
1.128720296280784119e+01 3.367510398328247417e-02
1.129682398833406154e+01 3.372470988044844881e-02
1.130644501386028367e+01 3.377746584031765531e-02
1.131606603938650402e+01 3.383142851823985053e-02
1.132568706491272437e+01 3.388466008213725927e-02
1.133530809043894472e+01 3.393621791768745843e-02
1.134492911596516507e+01 3.398835906291201164e-02
1.135455014149138719e+01 3.404390556283353603e-02
1.136417116701760754e+01 3.410303198842117023e-02
1.137379219254382789e+01 3.416258899004802341e-02
1.138341321807004825e+01 3.421922492863430088e-02
1.139303424359626860e+01 3.426959887584517250e-02
1.140265526912249072e+01 3.431037980778912228e-02
1.141227629464871107e+01 3.434080308825124273e-02
1.142189732017493142e+01 3.436751924745026082e-02
1.143151834570115177e+01 3.439834202837502297e-02
1.144113937122737390e+01 3.443665234167984229e-02
1.145076039675359425e+01 3.448102842726709361e-02
1.146038142227981460e+01 3.452941225656212115e-02
1.147000244780603495e+01 3.457692319169382994e-02
1.147962347333225530e+01 3.461753543070539285e-02
1.148924449885847743e+01 3.464940594684047526e-02
1.149886552438469778e+01 3.468015913307036929e-02
1.150848654991091813e+01 3.471842230941230012e-02
1.151810757543713848e+01 3.476585054641936207e-02
1.152772860096336061e+01 3.481829614890205593e-02
1.153734962648958096e+01 3.487147605180510035e-02
1.154697065201580131e+01 3.492115101535762933e-02
1.155659167754202166e+01 3.496315462094523596e-02
1.156621270306824201e+01 3.499665055344557824e-02
1.157583372859446413e+01 3.502580803922025754e-02
1.158545475412068448e+01 3.505520699943345114e-02
1.159507577964690483e+01 3.508942462684818547e-02
1.160469680517312518e+01 3.513302915553109806e-02
1.161431783069934554e+01 3.518692245272695557e-02
1.162393885622556766e+01 3.524211650734882656e-02
1.163355988175178801e+01 3.528862644899260353e-02
1.164318090727800836e+01 3.532927235744681704e-02
1.165280193280422871e+01 3.537854090180717059e-02
1.166242295833045084e+01 3.544559232757869827e-02
1.167204398385667119e+01 3.551239807364000439e-02
1.168166500938289154e+01 3.555335862047252077e-02
1.169128603490911189e+01 3.556414048596068939e-02
1.170090706043533224e+01 3.557110793306433177e-02
1.171052808596155437e+01 3.559962824889963823e-02
1.172014911148777472e+01 3.564816054061424599e-02
1.172977013701399507e+01 3.570242978319254634e-02
1.173939116254021542e+01 3.575265009161214536e-02
1.174901218806643577e+01 3.579906979197915173e-02
1.175863321359265790e+01 3.584323049497815245e-02
1.176825423911887825e+01 3.588606777116240543e-02
1.177787526464509860e+01 3.592808823412747821e-02
1.178749629017131895e+01 3.596978734514304221e-02
1.179711731569754107e+01 3.601165895786968135e-02
1.180673834122376142e+01 3.605419556173791729e-02
1.181635936674998177e+01 3.609788794871403306e-02
1.182598039227620212e+01 3.614322430870086506e-02
1.183560141780242247e+01 3.618983411878300832e-02
1.184522244332864460e+01 3.623351909971001678e-02
1.185484346885486495e+01 3.626914787246666300e-02
1.186446449438108530e+01 3.629611187419162777e-02
1.187408551990730565e+01 3.631944093969080578e-02
1.188370654543352600e+01 3.634428044574269934e-02
1.189332757095974813e+01 3.637439021829905195e-02
1.190294859648596848e+01 3.641293905369703127e-02
1.191256962201218883e+01 3.645848014880749555e-02
1.192219064753840918e+01 3.650249272598702494e-02
1.193181167306463131e+01 3.653731759518861338e-02
1.194143269859085166e+01 3.656574516805694008e-02
1.195105372411707201e+01 3.659516505301666639e-02
1.196067474964329236e+01 3.663009032066553983e-02
1.197029577516951271e+01 3.666978847934618257e-02
1.197991680069573484e+01 3.671297157000209810e-02
1.198953782622195519e+01 3.675834999369537170e-02
1.199915885174817554e+01 3.680463621752852466e-02
1.200877987727439589e+01 3.685070150484709428e-02
1.201840090280061801e+01 3.689574276223245297e-02
1.202802192832683836e+01 3.693892677398390861e-02
1.203764295385305871e+01 3.697863751888411099e-02
1.204726397937927906e+01 3.701283937217816900e-02
1.205688500490549941e+01 3.704209518413102004e-02
1.206650603043172154e+01 3.707246368368375539e-02
1.207612705595794189e+01 3.711000913047526190e-02
1.208574808148416224e+01 3.715399053978300781e-02
1.209536910701038259e+01 3.719984607894646911e-02
1.210499013253660294e+01 3.724296993114548787e-02
1.211461115806282507e+01 3.727875513660876272e-02
1.212423218358904542e+01 3.730337953920781491e-02
1.213385320911526577e+01 3.732030657171764992e-02
1.214347423464148612e+01 3.733692986400930641e-02
1.215309526016770825e+01 3.735823242226836427e-02
1.216271628569392860e+01 3.738437010507619784e-02
1.217233731122014895e+01 3.741493445941013185e-02
1.218195833674636930e+01 3.744951772705232274e-02
1.219157936227258965e+01 3.748771298472294844e-02
1.220120038779881178e+01 3.752911420715317886e-02
1.221082141332503213e+01 3.757331625084456284e-02
1.222044243885125248e+01 3.761973108646321506e-02
1.223006346437747283e+01 3.766647259122282709e-02
1.223968448990369318e+01 3.771108443332962801e-02
1.224930551542991530e+01 3.775062424527616395e-02
1.225892654095613565e+01 3.778143319950059975e-02
1.226854756648235600e+01 3.780127502632122521e-02
1.227816859200857635e+01 3.781628236098797530e-02
1.228778961753479848e+01 3.783539576651492875e-02
1.229741064306101883e+01 3.786302425965281521e-02
1.230703166858723918e+01 3.789808529758655758e-02
1.231665269411345953e+01 3.793872317694881036e-02
1.232627371963967988e+01 3.798118856317273667e-02
1.233589474516590201e+01 3.802135667404529795e-02
1.234551577069212236e+01 3.805764966252524889e-02
1.235513679621834271e+01 3.809086292663245443e-02
1.236475782174456306e+01 3.812188203725240532e-02
1.237437884727078341e+01 3.815159069656308410e-02
1.238399987279700554e+01 3.818097589367544509e-02
1.239362089832322589e+01 3.821236847816008447e-02
1.240324192384944624e+01 3.824900210815782020e-02
1.241286294937566659e+01 3.828992731151995010e-02
1.242248397490188871e+01 3.832507362506705484e-02
1.243210500042810907e+01 3.834545790305263213e-02
1.244172602595432942e+01 3.835995302402719909e-02
1.245134705148054977e+01 3.838566818049213292e-02
1.246096807700677012e+01 3.842760570760727495e-02
1.247058910253299224e+01 3.847294125384900787e-02
1.248021012805921259e+01 3.850972378794523948e-02
1.248983115358543294e+01 3.853720260909303946e-02
1.249945217911165329e+01 3.855819899390197647e-02
1.250907320463787542e+01 3.857849042257886080e-02
1.251869423016409577e+01 3.860665649474952221e-02
1.252831525569031612e+01 3.864739722819348494e-02
1.253793628121653647e+01 3.869375592481149456e-02
1.254755730674275682e+01 3.873665838496923725e-02
1.255717833226897895e+01 3.876703247350212628e-02
1.256679935779519930e+01 3.877598792783925469e-02
1.257642038332141965e+01 3.876912177063684267e-02
1.258604140884764000e+01 3.877688573365632024e-02
1.259566243437386035e+01 3.882371605588132157e-02
1.260528345990008248e+01 3.888789949906212851e-02
1.261490448542630283e+01 3.893337375427430302e-02
1.262452551095252318e+01 3.895359625333045389e-02
1.263414653647874353e+01 3.897127676911427835e-02
1.264376756200496565e+01 3.900083774265563491e-02
1.265338858753118600e+01 3.902968092891809238e-02
1.266300961305740636e+01 3.904283725539827582e-02
1.267263063858362671e+01 3.904647023669236688e-02
1.268225166410984706e+01 3.905806600208092116e-02
1.269187268963606918e+01 3.908390149201935310e-02
1.270149371516228953e+01 3.911325033666691181e-02
1.271111474068850988e+01 3.913662521056571891e-02
1.272073576621473023e+01 3.915597023789871289e-02
1.273035679174095058e+01 3.917634057230832273e-02
1.273997781726717271e+01 3.920278846077147189e-02
1.274959884279339306e+01 3.924032199201506893e-02
1.275921986831961341e+01 3.928776560002797402e-02
1.276884089384583376e+01 3.933127602120227440e-02
1.277846191937205589e+01 3.935878798282219093e-02
1.278808294489827624e+01 3.937817807857485475e-02
1.279770397042449659e+01 3.940416522190394455e-02
1.280732499595071694e+01 3.943924705273822717e-02
1.281694602147693729e+01 3.947391948297838266e-02
1.282656704700315942e+01 3.950157425639912873e-02
1.283618807252937977e+01 3.952430580369315632e-02
1.284580909805560012e+01 3.954558427244712904e-02
1.285543012358182047e+01 3.956888159078231215e-02
1.286505114910804259e+01 3.959746233987952724e-02
1.287467217463426294e+01 3.962861032466970246e-02
1.288429320016048329e+01 3.965285733027741621e-02
1.289391422568670365e+01 3.966444720812786762e-02
1.290353525121292400e+01 3.966937595045514492e-02
1.291315627673914612e+01 3.967574981063673456e-02
1.292277730226536647e+01 3.969168222004294116e-02
1.293239832779158682e+01 3.972485892448444217e-02
1.294201935331780717e+01 3.976920741173456397e-02
1.295164037884402752e+01 3.980240040868370660e-02
1.296126140437024965e+01 3.981125169349274129e-02
1.297088242989647000e+01 3.981209552185507178e-02
1.298050345542269035e+01 3.982427419161527898e-02
1.299012448094891070e+01 3.984821358249873019e-02
1.299974550647513283e+01 3.987549531987334001e-02
1.300936653200135318e+01 3.990266495692049165e-02
1.301898755752757353e+01 3.993190811775722965e-02
1.302860858305379388e+01 3.996351487153137344e-02
1.303822960858001423e+01 3.999189802836322638e-02
1.304785063410623636e+01 4.001164232793582437e-02
1.305747165963245671e+01 4.002520093783083072e-02
1.306709268515867706e+01 4.003819368505945331e-02
1.307671371068489741e+01 4.005301311679331649e-02
1.308633473621111776e+01 4.006890915105544571e-02
1.309595576173733988e+01 4.008501107002244990e-02
1.310557678726356023e+01 4.010045711398093488e-02
1.311519781278978058e+01 4.011559356982741936e-02
1.312481883831600094e+01 4.013727781316836496e-02
1.313443986384222306e+01 4.017342059237261759e-02
1.314406088936844341e+01 4.021512812660534703e-02
1.315368191489466376e+01 4.024090200307046949e-02
1.316330294042088411e+01 4.024468769366024851e-02
1.317292396594710446e+01 4.024661568598600359e-02
1.318254499147332659e+01 4.026113156847337116e-02
1.319216601699954694e+01 4.027140668907563253e-02
1.320178704252576729e+01 4.025785585688301110e-02
1.321140806805198764e+01 4.024543976385527855e-02
1.322102909357820799e+01 4.028198396522066072e-02
1.323065011910443012e+01 4.036720940723206169e-02
1.324027114463065047e+01 4.044478128341991857e-02
1.324989217015687082e+01 4.047555713854029263e-02
1.325951319568309117e+01 4.047073434161412714e-02
1.326913422120931330e+01 4.044916375354825483e-02
1.327875524673553365e+01 4.042969448106877028e-02
1.328837627226175400e+01 4.043001475054359972e-02
1.329799729778797435e+01 4.045144116191717876e-02
1.330761832331419470e+01 4.048307548585555055e-02
1.331723934884041682e+01 4.050844656273729083e-02
1.332686037436663717e+01 4.050313438071564270e-02
1.333648139989285752e+01 4.046183702935195886e-02
1.334610242541907787e+01 4.044152546548486493e-02
1.335572345094530000e+01 4.049848420605421662e-02
1.336534447647152035e+01 4.059896480572985911e-02
1.337496550199774070e+01 4.067357948422149067e-02
1.338458652752396105e+01 4.069861659660287817e-02
1.339420755305018140e+01 4.068941338885191661e-02
1.340382857857640353e+01 4.066447356344563002e-02
1.341344960410262388e+01 4.064552325411309452e-02
1.342307062962884423e+01 4.064846275019190491e-02
1.343269165515506458e+01 4.066841263709808363e-02
1.344231268068128493e+01 4.069610366890575454e-02
1.345193370620750706e+01 4.072226456957424301e-02
1.346155473173372741e+01 4.073799587681275342e-02
1.347117575725994776e+01 4.074075448796377757e-02
1.348079678278616811e+01 4.073342394731367666e-02
1.349041780831239024e+01 4.072464310820292366e-02
1.350003883383861059e+01 4.073185840235563071e-02
1.350965985936483094e+01 4.076315590401141664e-02
1.351928088489105129e+01 4.079569969156875836e-02
1.352890191041727164e+01 4.080525297668367163e-02
1.353852293594349376e+01 4.079503154609418619e-02
1.354814396146971411e+01 4.077866372915338322e-02
1.355776498699593446e+01 4.076979943574136206e-02
1.356738601252215481e+01 4.078176508055054300e-02
1.357700703804837516e+01 4.081560310759109467e-02
1.358662806357459729e+01 4.085660375156461438e-02
1.359624908910081764e+01 4.089302434714285617e-02
1.360587011462703799e+01 4.092249290032771297e-02
1.361549114015325834e+01 4.094397700575318211e-02
1.362511216567948047e+01 4.095644228457811370e-02
1.363473319120570082e+01 4.095885018259954463e-02
1.364435421673192117e+01 4.095015519051991432e-02
1.365397524225814152e+01 4.093015664290341332e-02
1.366359626778436187e+01 4.091521736079171967e-02
1.367321729331058400e+01 4.093620255041990896e-02
1.368283831883680435e+01 4.099089334790500389e-02
1.369245934436302470e+01 4.102444785470870520e-02
1.370208036988924505e+01 4.100522279182611252e-02
1.371170139541546540e+01 4.097827445584266426e-02
1.372132242094168753e+01 4.098840403275550576e-02
1.373094344646790788e+01 4.101324183879245105e-02
1.374056447199412823e+01 4.101382160226499374e-02
1.375018549752034858e+01 4.099258879731666749e-02
1.375980652304657070e+01 4.097400734021548058e-02
1.376942754857279105e+01 4.096856537855496361e-02
1.377904857409901140e+01 4.097365633043915933e-02
1.378866959962523175e+01 4.098617968198403627e-02
1.379829062515145210e+01 4.100302905858601438e-02
1.380791165067767423e+01 4.102109266659122871e-02
1.381753267620389458e+01 4.103725364046307417e-02
1.382715370173011493e+01 4.104928316812675448e-02
1.383677472725633528e+01 4.105888069382069433e-02
1.384639575278255741e+01 4.106885095387841772e-02
1.385601677830877776e+01 4.108202022083158600e-02
1.386563780383499811e+01 4.110036631655546863e-02
1.387525882936121846e+01 4.111376404074334329e-02
1.388487985488743881e+01 4.110387779122345875e-02
1.389450088041366094e+01 4.107782527808780809e-02
1.390412190593988129e+01 4.107281626330986507e-02
1.391374293146610164e+01 4.110331976414878519e-02
1.392336395699232199e+01 4.113806539212129521e-02
1.393298498251854234e+01 4.115058881704927035e-02
1.394260600804476447e+01 4.114387913598613333e-02
1.395222703357098482e+01 4.112643053618127154e-02
1.396184805909720517e+01 4.110674032151057089e-02
1.397146908462342552e+01 4.109330501309883810e-02
1.398109011014964764e+01 4.109461239356574508e-02
1.399071113567586799e+01 4.111734790098167669e-02
1.400033216120208834e+01 4.114277890726696085e-02
1.400995318672830869e+01 4.113480033035681743e-02
1.401957421225452904e+01 4.109943866442372640e-02
1.402919523778075117e+01 4.108976413898991764e-02
1.403881626330697152e+01 4.112394609827403624e-02
1.404843728883319187e+01 4.115770567975362421e-02
1.405805831435941222e+01 4.116132523406056121e-02
1.406767933988563257e+01 4.115679557768826130e-02
1.407730036541185470e+01 4.116552703723930229e-02
1.408692139093807505e+01 4.117561225913739242e-02
1.409654241646429540e+01 4.117040509078825905e-02
1.410616344199051575e+01 4.115301663219943923e-02
1.411578446751673788e+01 4.113384010987864575e-02
1.412540549304295823e+01 4.112328045371799884e-02
1.413502651856917858e+01 4.113070422078546340e-02
1.414464754409539893e+01 4.114958655159180884e-02
1.415426856962161928e+01 4.116130499362725959e-02
1.416388959514784140e+01 4.115639216345360479e-02
1.417351062067406176e+01 4.113596631698079181e-02
1.418313164620028211e+01 4.110567717595128845e-02
1.419275267172650246e+01 4.107736846794178553e-02
1.420237369725272458e+01 4.105997864073193671e-02
1.421199472277894493e+01 4.105484686243063980e-02
1.422161574830516528e+01 4.106230417934621235e-02
1.423123677383138563e+01 4.108267705632608069e-02
1.424085779935760598e+01 4.111387047245076976e-02
1.425047882488382811e+01 4.114297527557490147e-02
1.426009985041004846e+01 4.115654107828345398e-02
1.426972087593626881e+01 4.115691371654541658e-02
1.427934190146248916e+01 4.115271052834554993e-02
1.428896292698870951e+01 4.115258483536526901e-02
1.429858395251493164e+01 4.116347050936267765e-02
1.430820497804115199e+01 4.116784372883614679e-02
1.431782600356737234e+01 4.113249273108600390e-02
1.432744702909359269e+01 4.107684047630686536e-02
1.433706805461981482e+01 4.107065889447731460e-02
1.434668908014603517e+01 4.111576168799727093e-02
1.435631010567225552e+01 4.112376220132105825e-02
1.436593113119847587e+01 4.106105266816163085e-02
1.437555215672469622e+01 4.099759531946682578e-02
1.438517318225091834e+01 4.098413829982508472e-02
1.439479420777713869e+01 4.100558645900002908e-02
1.440441523330335905e+01 4.103788481833636065e-02
1.441403625882957940e+01 4.105698708833657035e-02
1.442365728435579975e+01 4.104661361063465658e-02
1.443327830988202187e+01 4.102084823481917664e-02
1.444289933540824222e+01 4.100119541891523306e-02
1.445252036093446257e+01 4.100915868781114526e-02
1.446214138646068292e+01 4.105818590033664950e-02
1.447176241198690505e+01 4.110733625781442385e-02
1.448138343751312540e+01 4.110089793677176861e-02
1.449100446303934575e+01 4.105203667875746004e-02
1.450062548856556610e+01 4.100757740778411542e-02
1.451024651409178645e+01 4.098388749477163001e-02
1.451986753961800858e+01 4.097707863764098180e-02
1.452948856514422893e+01 4.098121659984548665e-02
1.453910959067044928e+01 4.098893324670076221e-02
1.454873061619666963e+01 4.099280480686164768e-02
1.455835164172288998e+01 4.098564562470181916e-02
1.456797266724911211e+01 4.096813280656233514e-02
1.457759369277533246e+01 4.095025610831666552e-02
1.458721471830155281e+01 4.093784493916799438e-02
1.459683574382777316e+01 4.092993068119517297e-02
1.460645676935399528e+01 4.092501530472142379e-02
1.461607779488021563e+01 4.092160015453592814e-02
1.462569882040643598e+01 4.091818550371421198e-02
1.463531984593265634e+01 4.091327808142359440e-02
1.464494087145887669e+01 4.090824811076142209e-02
1.465456189698509881e+01 4.091152390752454682e-02
1.466418292251131916e+01 4.092518991970665182e-02
1.467380394803753951e+01 4.092962030124711742e-02
1.468342497356375986e+01 4.090855070223893553e-02
1.469304599908998199e+01 4.087103690806864753e-02
1.470266702461620234e+01 4.083162073372054168e-02
1.471228805014242269e+01 4.080485362413874967e-02
1.472190907566864304e+01 4.080154602609333686e-02
1.473153010119486339e+01 4.081483193029390028e-02
1.474115112672108552e+01 4.083328070062523102e-02
1.475077215224730587e+01 4.084887264569634496e-02
1.476039317777352622e+01 4.085476762206063928e-02
1.477001420329974657e+01 4.084416347740355002e-02
1.477963522882596692e+01 4.081244952278427485e-02
1.478925625435218905e+01 4.077130311250464628e-02
1.479887727987840940e+01 4.073752842058699780e-02
1.480849830540462975e+01 4.070875621036534192e-02
1.481811933093085010e+01 4.067444487720122542e-02
1.482774035645707222e+01 4.063611937032421406e-02
1.483736138198329257e+01 4.060184438099678772e-02
1.484698240750951292e+01 4.057973244903523985e-02
1.485660343303573327e+01 4.057791389525010339e-02
1.486622445856195363e+01 4.060454842846414336e-02
1.487584548408817575e+01 4.066553869615759098e-02
1.488546650961439610e+01 4.073659598400968668e-02
1.489508753514061645e+01 4.077421798731915847e-02
1.490470856066683680e+01 4.076695990727734892e-02
1.491432958619305715e+01 4.072813981653946452e-02
1.492395061171927928e+01 4.067169492770796035e-02
1.493357163724549963e+01 4.061156369988514619e-02
1.494319266277171998e+01 4.056168823859976347e-02
1.495281368829794033e+01 4.053525641650330968e-02
1.496243471382416246e+01 4.053083866045013861e-02
1.497205573935038281e+01 4.053379847896931149e-02
1.498167676487660316e+01 4.052910099807807004e-02
1.499129779040282351e+01 4.050299902507772942e-02
1.500091881592904386e+01 4.046862956470418521e-02
1.501053984145526599e+01 4.046355388060396407e-02
1.502016086698148634e+01 4.048284535525186606e-02
1.502978189250770669e+01 4.047917449534348122e-02
1.503940291803392704e+01 4.043922214166999207e-02
1.504902394356014739e+01 4.038629995404235257e-02
1.505864496908636951e+01 4.033623692150137968e-02
1.506826599461258986e+01 4.029527297429156413e-02
1.507788702013881021e+01 4.026920775830187399e-02
1.508750804566503056e+01 4.026361800283072279e-02
1.509712907119125269e+01 4.027834586121845778e-02
1.510675009671747304e+01 4.030700335881412522e-02
1.511637112224369339e+01 4.033829317724993424e-02
1.512599214776991374e+01 4.035640474165825414e-02
1.513561317329613409e+01 4.035450344049264920e-02
1.514523419882235622e+01 4.033550338985573275e-02
1.515485522434857657e+01 4.030650867880319899e-02
1.516447624987479692e+01 4.027819829064405166e-02
1.517409727540101727e+01 4.025517992543169166e-02
1.518371830092723940e+01 4.023580313382436185e-02
1.519333932645345975e+01 4.021814108044148572e-02
1.520296035197968010e+01 4.020031747498066521e-02
1.521258137750590045e+01 4.018151928601482875e-02
1.522220240303212080e+01 4.016192724909867229e-02
1.523182342855834293e+01 4.014176184458061875e-02
1.524144445408456328e+01 4.012124477416648127e-02
1.525106547961078363e+01 4.010059770999289258e-02
1.526068650513700398e+01 4.008034614770119436e-02
1.527030753066322433e+01 4.006589253482071428e-02
1.527992855618944645e+01 4.006476150776612510e-02
1.528954958171566680e+01 4.005850881277232822e-02
1.529917060724188715e+01 4.001448140211789906e-02
1.530879163276810750e+01 3.997092202811157458e-02
1.531841265829432963e+01 4.000572190833637937e-02
1.532803368382054998e+01 4.007381002963137512e-02
1.533765470934677033e+01 4.006182662033393183e-02
1.534727573487299068e+01 3.998349254768117367e-02
1.535689676039921103e+01 3.992267966719609262e-02
1.536651778592543316e+01 3.989763380117865993e-02
1.537613881145165351e+01 3.988988021840758624e-02
1.538575983697787386e+01 3.988065372632611238e-02
1.539538086250409421e+01 3.985563581067737976e-02
1.540500188803031456e+01 3.983151941947966901e-02
1.541462291355653669e+01 3.983147203482695353e-02
1.542424393908275704e+01 3.983273964997571803e-02
1.543386496460897739e+01 3.980294289707473482e-02
1.544348599013519774e+01 3.975699672836678633e-02
1.545310701566141987e+01 3.972131175730200803e-02
1.546272804118764022e+01 3.969828222032324716e-02
1.547234906671386057e+01 3.968302821696524652e-02
1.548197009224008092e+01 3.967067325462300675e-02
1.549159111776630127e+01 3.965628939973979417e-02
1.550121214329252339e+01 3.963501139006149476e-02
1.551083316881874374e+01 3.960485236960772232e-02
1.552045419434496409e+01 3.957211588013666986e-02
1.553007521987118444e+01 3.954463925822195719e-02
1.553969624539740657e+01 3.953028097133129415e-02
1.554931727092362692e+01 3.953695492006630702e-02
1.555893829644984727e+01 3.957237985970786520e-02
1.556855932197606762e+01 3.961955582907036172e-02
1.557818034750228797e+01 3.961568091817165710e-02
1.558780137302851010e+01 3.954200670206640955e-02
1.559742239855473045e+01 3.945744116123785922e-02
1.560704342408095080e+01 3.939896165456065191e-02
1.561666444960717115e+01 3.936467680352780801e-02
1.562628547513339150e+01 3.934996006492171017e-02
1.563590650065961363e+01 3.934998682626121569e-02
1.564552752618583398e+01 3.935602404339964139e-02
1.565514855171205433e+01 3.935625999458817331e-02
1.566476957723827468e+01 3.934760061442126033e-02
1.567439060276449680e+01 3.933384460369208913e-02
1.568401162829071716e+01 3.931897002340609126e-02
1.569363265381693751e+01 3.930695009167584075e-02
1.570325367934315786e+01 3.930175023186874977e-02
1.571287470486937821e+01 3.930524437841830671e-02
1.572249573039560033e+01 3.930507782426354013e-02
1.573211675592182068e+01 3.928298115552364411e-02
1.574173778144804103e+01 3.922067629970432678e-02
1.575135880697426138e+01 3.911667298143439719e-02
1.576097983250048173e+01 3.903946931311038510e-02
1.577060085802670386e+01 3.904441220879972113e-02
1.578022188355292421e+01 3.908551876502844996e-02
1.578984290907914456e+01 3.911193949154648936e-02
1.579946393460536491e+01 3.911154163559581870e-02
1.580908496013158704e+01 3.908529049268203576e-02
1.581870598565780739e+01 3.904806285498648583e-02
1.582832701118402774e+01 3.901632870096852224e-02
1.583794803671024809e+01 3.900573438014807298e-02
1.584756906223646844e+01 3.900595537119411899e-02
1.585719008776269057e+01 3.897817115059457743e-02
1.586681111328891092e+01 3.892463113905511585e-02
1.587643213881513127e+01 3.888469242583637159e-02
1.588605316434135162e+01 3.886947343946222516e-02
1.589567418986757197e+01 3.886901497729243482e-02
1.590529521539379409e+01 3.887290788087600923e-02
1.591491624092001445e+01 3.887074154996767589e-02
1.592453726644623480e+01 3.885210347141200560e-02
1.593415829197245515e+01 3.881206810971185583e-02
1.594377931749867727e+01 3.877204348638456366e-02
1.595340034302489762e+01 3.875214927646104118e-02
1.596302136855111797e+01 3.874058554822849831e-02
1.597264239407733832e+01 3.871861837037927911e-02
1.598226341960355867e+01 3.866773880379674455e-02
1.599188444512978080e+01 3.859348401830113573e-02
1.600150547065599937e+01 3.854522150377198003e-02
1.601112649618222150e+01 3.854542192978786808e-02
1.602074752170844008e+01 3.857320125427148028e-02
1.603036854723466220e+01 3.860454402454010364e-02
1.603998957276088433e+01 3.861662790033063702e-02
1.604961059828710290e+01 3.860349610041118734e-02
1.605923162381332503e+01 3.857166806221924704e-02
1.606885264933954360e+01 3.852795889432450438e-02
1.607847367486576573e+01 3.847918784200841935e-02
1.608809470039198786e+01 3.843217857709352314e-02
1.609771572591820643e+01 3.839251356834819107e-02
1.610733675144442856e+01 3.836051478730031356e-02
1.611695777697064713e+01 3.833511249394392501e-02
1.612657880249686926e+01 3.831523527724372408e-02
1.613619982802309138e+01 3.829981063568300287e-02
1.614582085354930996e+01 3.828776543785927106e-02
1.615544187907553209e+01 3.827802627111322187e-02
1.616506290460175421e+01 3.826953718975951990e-02
1.617468393012797279e+01 3.826164567689643164e-02
1.618430495565419491e+01 3.825403806290707948e-02
1.619392598118041349e+01 3.824556977943246311e-02
1.620354700670663561e+01 3.823450118431630240e-02
1.621316803223285774e+01 3.821908217064090563e-02
1.622278905775907631e+01 3.819756258541018995e-02
1.623241008328529844e+01 3.816818708764616042e-02
1.624203110881151702e+01 3.813024218640972962e-02
1.625165213433773914e+01 3.808663832623013223e-02
1.626127315986396127e+01 3.804109457804364519e-02
1.627089418539017984e+01 3.799742133361381363e-02
1.628051521091640197e+01 3.796391368993098925e-02
1.629013623644262054e+01 3.795492734476726970e-02
1.629975726196884267e+01 3.796409553451535190e-02
1.630937828749506480e+01 3.796453960043946058e-02
1.631899931302128337e+01 3.794955066116554449e-02
1.632862033854750550e+01 3.792670875536421210e-02
1.633824136407372407e+01 3.789940201633318351e-02
1.634786238959994620e+01 3.786890735930499574e-02
1.635748341512616832e+01 3.783648929784983600e-02
1.636710444065238690e+01 3.780350718706863150e-02
1.637672546617860903e+01 3.777159779471201545e-02
1.638634649170482760e+01 3.774244909203406523e-02
1.639596751723104973e+01 3.771774895338839834e-02
1.640558854275727185e+01 3.769918572938299461e-02
1.641520956828349043e+01 3.768844843030873248e-02
1.642483059380971255e+01 3.768722651992931216e-02
1.643445161933593468e+01 3.769499996593055069e-02
1.644407264486215325e+01 3.769099167074065060e-02
1.645369367038837538e+01 3.765274348132679333e-02
1.646331469591459395e+01 3.760753988337515313e-02
1.647293572144081608e+01 3.758673851159873708e-02
1.648255674696703821e+01 3.757994804315371862e-02
1.649217777249325678e+01 3.756823741038434888e-02
1.650179879801947891e+01 3.753326022707802884e-02
1.651141982354569748e+01 3.747874238431725402e-02
1.652104084907191961e+01 3.743534562697251739e-02
1.653066187459814174e+01 3.741362204578782547e-02
1.654028290012436031e+01 3.740619994984979713e-02
1.654990392565058244e+01 3.740516701453241999e-02
1.655952495117680101e+01 3.740261027849327291e-02
1.656914597670302314e+01 3.739063116425834360e-02
1.657876700222924526e+01 3.736454330514579758e-02
1.658838802775546384e+01 3.732891095461125797e-02
1.659800905328168596e+01 3.728995692089848851e-02
1.660763007880790454e+01 3.725377635798332587e-02
1.661725110433412667e+01 3.722316160817721459e-02
1.662687212986034879e+01 3.719735703034800223e-02
1.663649315538656737e+01 3.717543142711356163e-02
1.664611418091278949e+01 3.715645366883730399e-02
1.665573520643901162e+01 3.713949321490422201e-02
1.666535623196523019e+01 3.712362036336738086e-02
1.667497725749145232e+01 3.710790622808646244e-02
1.668459828301767089e+01 3.709142244177101450e-02
1.669421930854389302e+01 3.707324058297514768e-02
1.670384033407011515e+01 3.705243132506839954e-02
1.671346135959633372e+01 3.702806330553883724e-02
1.672308238512255585e+01 3.699920171467315638e-02
1.673270341064877442e+01 3.696560242447735622e-02
1.674232443617499655e+01 3.693211402247461445e-02
1.675194546170121868e+01 3.690586627538516851e-02
1.676156648722743725e+01 3.689391813316986179e-02
1.677118751275365938e+01 3.689206515084444277e-02
1.678080853827987795e+01 3.687209672977987546e-02
1.679042956380610008e+01 3.682908601408145521e-02
1.680005058933231865e+01 3.679110492858681664e-02
1.680967161485854078e+01 3.676901404065984619e-02
1.681929264038476290e+01 3.675859939364965745e-02
1.682891366591098148e+01 3.675519992848284151e-02
1.683853469143720361e+01 3.675413781073128688e-02
1.684815571696342218e+01 3.675075203634924070e-02
1.685777674248964431e+01 3.674041034245362214e-02
1.686739776801586643e+01 3.671867204672028123e-02
1.687701879354208501e+01 3.668656639737923747e-02
1.688663981906830713e+01 3.665157879833503413e-02
1.689626084459452571e+01 3.662157853181994410e-02
1.690588187012074783e+01 3.660298179994562334e-02
1.691550289564696996e+01 3.659329199900440699e-02
1.692512392117318853e+01 3.658666389013638665e-02
1.693474494669941066e+01 3.657727763664622711e-02
1.694436597222563279e+01 3.656175721365713394e-02
1.695398699775185136e+01 3.654089860108167970e-02
1.696360802327807349e+01 3.651590671604511978e-02
1.697322904880429206e+01 3.648798684856618263e-02
1.698285007433051419e+01 3.645834456916326183e-02
1.699247109985673632e+01 3.642818559659861954e-02
1.700209212538295489e+01 3.639871562592914001e-02
1.701171315090917702e+01 3.637114011691621601e-02
1.702133417643539559e+01 3.634663468920454332e-02
1.703095520196161772e+01 3.632531553118415607e-02
1.704057622748783984e+01 3.630596881382981006e-02
1.705019725301405842e+01 3.628729626906270628e-02
1.705981827854028055e+01 3.626800000735647816e-02
1.706943930406649912e+01 3.624678311291353733e-02
1.707906032959272125e+01 3.622277451415926303e-02
1.708868135511894337e+01 3.619635242814732423e-02
1.709830238064516195e+01 3.616812324192473366e-02
1.710792340617138407e+01 3.613869333525632915e-02
1.711754443169760265e+01 3.610866908472546571e-02
1.712716545722382477e+01 3.607865686429039681e-02
1.713678648275004690e+01 3.604926304227296097e-02
1.714640750827626547e+01 3.602109397475316416e-02
1.715602853380248760e+01 3.599475269487737578e-02
1.716564955932870618e+01 3.597056671908859665e-02
1.717527058485492830e+01 3.594838456344624095e-02
1.718489161038115043e+01 3.592800447813058323e-02
1.719451263590736900e+01 3.590924433128320908e-02
1.720413366143359113e+01 3.589213401951363291e-02
1.721375468695981326e+01 3.587682230817142853e-02
1.722337571248603183e+01 3.586347942866794508e-02
1.723299673801225396e+01 3.585228236911661842e-02
1.724261776353847253e+01 3.584338287620398439e-02
1.725223878906469466e+01 3.583685739541437459e-02
1.726185981459091678e+01 3.583226315457961608e-02
1.727148084011713536e+01 3.582621393703112889e-02
1.728110186564335748e+01 3.581546422959263482e-02
1.729072289116957606e+01 3.580088019462900062e-02
1.730034391669579819e+01 3.578404701040601571e-02
1.730996494222202031e+01 3.576560080546339893e-02
1.731958596774823889e+01 3.574598947033034990e-02
1.732920699327446101e+01 3.572560610761105204e-02
1.733882801880067959e+01 3.570480847354615822e-02
1.734844904432690171e+01 3.568393531923665096e-02
1.735807006985312384e+01 3.566331962471086525e-02
1.736769109537934241e+01 3.564329871930100452e-02
1.737731212090556454e+01 3.562422128160320361e-02
1.738693314643178311e+01 3.560645121159820847e-02
1.739655417195800524e+01 3.559029176880437045e-02
1.740617519748422737e+01 3.557556171079603868e-02
1.741579622301044594e+01 3.556188286477530297e-02
1.742541724853666807e+01 3.554887429852782166e-02
1.743503827406289020e+01 3.553615300148924711e-02
1.744465929958910877e+01 3.552333406021178364e-02
1.745428032511533090e+01 3.551003082582664810e-02
1.746390135064154947e+01 3.549585507385548400e-02
1.747352237616777160e+01 3.548041715667047541e-02
1.748314340169399372e+01 3.546332614885207984e-02
1.749276442722021230e+01 3.544418998564471263e-02
1.750238545274643442e+01 3.542261559466553661e-02
1.751200647827265300e+01 3.539820902097754601e-02
1.752162750379887513e+01 3.537057554559704109e-02
1.753124852932509725e+01 3.533931979746686436e-02
1.754086955485131583e+01 3.530404585888973629e-02
1.755049058037753795e+01 3.526435736438263829e-02
1.756011160590375653e+01 3.521998493174369887e-02
1.756973263142997865e+01 3.517272366867734562e-02
1.757935365695620078e+01 3.512604645409225790e-02
1.758897468248241935e+01 3.508347929134688487e-02
1.759859570800864148e+01 3.504855220258185772e-02
1.760821673353486005e+01 3.502471069700133915e-02
1.761783775906108218e+01 3.501260662514303623e-02
1.762745878458730431e+01 3.500956239019709093e-02
1.763707981011352288e+01 3.501270295755819911e-02
1.764670083563974501e+01 3.501914714576640636e-02
1.765632186116596358e+01 3.502599703244201057e-02
1.766594288669218571e+01 3.503035366328736272e-02
1.767556391221840784e+01 3.502946380686469685e-02
1.768518493774462641e+01 3.502276111732070124e-02
1.769480596327084854e+01 3.501139177435062116e-02
1.770442698879707066e+01 3.499654668755664694e-02
1.771404801432328924e+01 3.497941606297864936e-02
1.772366903984951136e+01 3.496118973442371297e-02
1.773329006537572994e+01 3.494305730785124409e-02
1.774291109090195206e+01 3.492608983102522824e-02
1.775253211642817419e+01 3.491041962539958438e-02
1.776215314195439277e+01 3.489573182861802764e-02
1.777177416748061489e+01 3.488170888084340948e-02
1.778139519300683347e+01 3.486803333991251447e-02
1.779101621853305559e+01 3.485438793719843054e-02
1.780063724405927772e+01 3.484045561751344944e-02
1.781025826958549629e+01 3.482591956291151286e-02
1.781987929511171842e+01 3.481046320019497153e-02
1.782950032063793699e+01 3.479377019189883874e-02
1.783912134616415912e+01 3.477552441051813548e-02
1.784874237169038125e+01 3.475540989576168110e-02
1.785836339721659982e+01 3.473311079465762896e-02
1.786798442274282195e+01 3.470831275758312628e-02
1.787760544826904052e+01 3.468093717016201144e-02
1.788722647379526265e+01 3.465139797445822289e-02
1.789684749932148478e+01 3.462017072100628118e-02
1.790646852484770335e+01 3.458773085732798347e-02
1.791608955037392548e+01 3.455455379505240759e-02
1.792571057590014760e+01 3.452111496317027128e-02
1.793533160142636618e+01 3.448788984733130308e-02
1.794495262695258830e+01 3.445535401514766838e-02
1.795457365247880688e+01 3.442398312750576117e-02
1.796419467800502900e+01 3.439425293590868404e-02
1.797381570353125113e+01 3.436663926587722739e-02
1.798343672905746971e+01 3.434161798642308000e-02
1.799305775458369183e+01 3.431966496557940782e-02
1.800267878010991041e+01 3.430125601192664242e-02
1.801229980563613253e+01 3.428686680198766989e-02
1.802192083116235466e+01 3.427697279328509317e-02
1.803154185668857323e+01 3.427204912275352844e-02
1.804116288221479536e+01 3.427257049008004819e-02
1.805078390774101393e+01 3.427872003637554704e-02
1.806040493326723606e+01 3.428811255062635260e-02
1.807002595879345819e+01 3.429702636819725176e-02
1.807964698431967676e+01 3.430179127167524988e-02
1.808926800984589889e+01 3.430104697044311646e-02
1.809888903537211746e+01 3.429638677833649757e-02
1.810851006089833959e+01 3.428959621355237575e-02
1.811813108642456172e+01 3.428208811569855713e-02
1.812775211195078029e+01 3.427407304222306050e-02
1.813737313747700242e+01 3.426551936274923466e-02
1.814699416300322099e+01 3.425639549671707224e-02
1.815661518852944312e+01 3.424666991432053637e-02
1.816623621405566524e+01 3.423631113677968324e-02
1.817585723958188382e+01 3.422528773591403811e-02
1.818547826510810594e+01 3.421356833298203060e-02
1.819509929063432807e+01 3.420112159675128827e-02
1.820472031616054664e+01 3.418791625873327661e-02
1.821434134168676877e+01 3.417394219136781625e-02
1.822396236721298735e+01 3.415925114522411904e-02
1.823358339273920947e+01 3.414390613410350772e-02
1.824320441826543160e+01 3.412797015434920062e-02
1.825282544379165017e+01 3.411150618627635522e-02
1.826244646931787230e+01 3.409457719552947547e-02
1.827206749484409087e+01 3.407724613436399069e-02
1.828168852037031300e+01 3.405957594284946682e-02
1.829130954589653513e+01 3.404162954999197938e-02
1.830093057142275370e+01 3.402346987477326834e-02
1.831055159694897583e+01 3.400515982710466956e-02
1.832017262247519440e+01 3.398676230869378256e-02
1.832979364800141653e+01 3.396834021382225122e-02
1.833941467352763866e+01 3.394995643003282521e-02
1.834903569905385723e+01 3.393167383872450898e-02
1.835865672458007936e+01 3.391355531565395237e-02
1.836827775010629793e+01 3.389566373134261790e-02
1.837789877563252006e+01 3.387806195138768489e-02
1.838751980115874218e+01 3.386081283667632252e-02
1.839714082668496076e+01 3.384397924350205505e-02
1.840676185221118288e+01 3.382762402358231030e-02
1.841638287773740501e+01 3.381181002397633945e-02
1.842600390326362358e+01 3.379660008690259232e-02
1.843562492878984571e+01 3.378205704945464599e-02
1.844524595431606429e+01 3.376824374321508310e-02
1.845486697984228641e+01 3.375522299376607083e-02
1.846448800536850854e+01 3.374305762009609938e-02
1.847410903089472711e+01 3.373181054064298967e-02
1.848373005642094924e+01 3.372159640146735887e-02
1.849335108194716781e+01 3.371266441223264715e-02
1.850297210747338994e+01 3.370528486763375159e-02
1.851259313299961207e+01 3.369964933293170123e-02
1.852221415852583064e+01 3.369550496073860785e-02
1.853183518405205277e+01 3.369244214552791911e-02
1.854145620957827134e+01 3.369005179667282357e-02
1.855107723510449347e+01 3.368792574215032087e-02
1.856069826063071559e+01 3.368565684172411534e-02
1.857031928615693417e+01 3.368284282812096520e-02
1.857994031168315630e+01 3.367925698799365680e-02
1.858956133720937487e+01 3.367491571594208311e-02
1.859918236273559700e+01 3.366985315076111845e-02
1.860880338826181912e+01 3.366410323143788352e-02
1.861842441378803770e+01 3.365769971957627976e-02
1.862804543931425982e+01 3.365067622038872552e-02
1.863766646484047840e+01 3.364306620223812133e-02
1.864728749036670052e+01 3.363490301471509791e-02
1.865690851589292265e+01 3.362621990523723126e-02
1.866652954141914122e+01 3.361705003415865756e-02
1.867615056694536335e+01 3.360742648837993646e-02
1.868577159247158548e+01 3.359738229344935712e-02
1.869539261799780405e+01 3.358695042414845677e-02
1.870501364352402618e+01 3.357616381355527785e-02
1.871463466905024475e+01 3.356505536058060346e-02
1.872425569457646688e+01 3.355365793597245294e-02
1.873387672010268901e+01 3.354200438678598545e-02
1.874349774562890758e+01 3.353012753931579326e-02
1.875311877115512971e+01 3.351806020048871820e-02
1.876273979668134828e+01 3.350583515771553972e-02
1.877236082220757041e+01 3.349348517720025092e-02
1.878198184773379253e+01 3.348104300070611078e-02
1.879160287326001111e+01 3.346854134077732745e-02
1.880122389878623324e+01 3.345601287441565819e-02
1.881084492431245181e+01 3.344349023521069053e-02
1.882046594983867394e+01 3.343100600392271554e-02
1.883008697536489606e+01 3.341859269751630557e-02
1.883970800089111464e+01 3.340628275664249414e-02
1.884932902641733676e+01 3.339410853156668524e-02
1.885895005194355534e+01 3.338210226653868379e-02
1.886857107746977746e+01 3.337029608260048269e-02
1.887819210299599959e+01 3.335872195882630398e-02
1.888781312852221816e+01 3.334741171198805226e-02
1.889743415404844029e+01 3.333639697463883916e-02
1.890705517957466242e+01 3.332570917160480178e-02
1.891667620510088099e+01 3.331537949487492489e-02
1.892629723062710312e+01 3.330543800330271892e-02
1.893591825615332169e+01 3.329587308035912574e-02
1.894553928167954382e+01 3.328661500859830119e-02
1.895516030720576595e+01 3.327759094085113584e-02
1.896478133273198452e+01 3.326874806091303927e-02
1.897440235825820665e+01 3.326007816013611812e-02
1.898402338378442522e+01 3.325157930756859198e-02
1.899364440931064735e+01 3.324324950517625055e-02
1.900326543483686947e+01 3.323508669082746864e-02
1.901288646036308805e+01 3.322708874121067801e-02
1.902250748588931017e+01 3.321925347468395601e-02
1.903212851141552875e+01 3.321157865405631460e-02
1.904174953694175088e+01 3.320406198929989200e-02
1.905137056246797300e+01 3.319670114019305368e-02
1.906099158799419158e+01 3.318949371889379912e-02
1.907061261352041370e+01 3.318243729244303719e-02
1.908023363904663228e+01 3.317552938519734151e-02
1.908985466457285440e+01 3.316876748119104018e-02
1.909947569009907653e+01 3.316214902642707768e-02
1.910909671562529510e+01 3.315567143109644788e-02
1.911871774115151723e+01 3.314933207172571228e-02
1.912833876667773936e+01 3.314312829325270077e-02
1.913795979220395793e+01 3.313705741102976332e-02
1.914758081773018006e+01 3.313111671275432296e-02
1.915720184325639863e+01 3.312530346032684786e-02
1.916682286878262076e+01 3.311961489163562505e-02
1.917644389430884289e+01 3.311404822226823169e-02
1.918606491983506146e+01 3.310860064714977319e-02
1.919568594536128359e+01 3.310326934210722910e-02
1.920530697088750216e+01 3.309805146536026754e-02
1.921492799641372429e+01 3.309294415893779956e-02
1.922454902193994641e+01 3.308794455002086327e-02
1.923417004746616499e+01 3.308304975221078303e-02
1.924379107299238711e+01 3.307825686672349191e-02
1.925341209851860569e+01 3.307356298350901114e-02
1.926303312404482782e+01 3.306896518229669041e-02
1.927265414957104994e+01 3.306446053356564690e-02
1.928227517509726852e+01 3.306004609944063199e-02
1.929189620062349064e+01 3.305571893451304810e-02
1.930151722614970922e+01 3.305147608658724756e-02
1.931113825167593134e+01 3.304731459735198856e-02
1.932075927720215347e+01 3.304323150297690942e-02
1.933038030272837204e+01 3.303922383463422235e-02
1.934000132825459417e+01 3.303528861894538399e-02
1.934962235378081274e+01 3.303142287835293678e-02
1.935924337930703487e+01 3.302762363141723001e-02
1.936886440483325700e+01 3.302388789303844358e-02
1.937848543035947557e+01 3.302021267460344967e-02
1.938810645588569770e+01 3.301659498405793564e-02
1.939772748141191983e+01 3.301303182590348967e-02
1.940734850693813840e+01 3.300952020111994067e-02
1.941696953246436053e+01 3.300605710701276507e-02
1.942659055799057910e+01 3.300263953698567843e-02
1.943621158351680123e+01 3.299926448023858538e-02
1.944583260904302335e+01 3.299592892139056877e-02
1.945545363456924193e+01 3.299262984002839655e-02
1.946507466009546405e+01 3.298936421018028309e-02
1.947469568562168263e+01 3.298612899971497397e-02
1.948431671114790475e+01 3.298292116966653614e-02
1.949393773667412688e+01 3.297973767348423568e-02
1.950355876220034546e+01 3.297657545620840541e-02
1.951317978772656758e+01 3.297343145357150423e-02
1.952280081325278616e+01 3.297030259102513156e-02
1.953242183877900828e+01 3.296718578269252492e-02
1.954204286430523041e+01 3.296407793024688782e-02
1.955166388983144898e+01 3.296097592171545743e-02
1.956128491535767111e+01 3.295787663020943725e-02
1.957090594088388968e+01 3.295477691257978070e-02
1.958052696641011181e+01 3.295167360799879097e-02
1.959014799193633394e+01 3.294856353646791886e-02
1.959976901746255251e+01 3.294544349725112703e-02
1.960939004298877464e+01 3.294231026723465350e-02
1.961901106851499677e+01 3.293916059921254968e-02
1.962863209404121534e+01 3.293599122009831931e-02
1.963825311956743747e+01 3.293279882906263029e-02
1.964787414509365604e+01 3.292958009559704413e-02
1.965749517061987817e+01 3.292633165750386698e-02
1.966711619614610029e+01 3.292305011881195564e-02
1.967673722167231887e+01 3.291973204761865224e-02
1.968635824719854099e+01 3.291637397385765301e-02
1.969597927272475957e+01 3.291297238699295025e-02
1.970560029825098169e+01 3.290952373363865285e-02
1.971522132377720382e+01 3.290602441510474818e-02
1.972484234930342240e+01 3.290247078486863846e-02
1.973446337482964452e+01 3.289885914597263233e-02
1.974408440035586310e+01 3.289518574834691261e-02
1.975370542588208522e+01 3.289144678605836203e-02
1.976332645140830735e+01 3.288763839448469173e-02
1.977294747693452592e+01 3.288375664741414323e-02
1.978256850246074805e+01 3.287979755407048621e-02
1.979218952798696662e+01 3.287575705606308324e-02
