7.618010371223582489e-01 1.199222928714533509e+00
7.714220626485789323e-01 1.194127087672143261e+00
7.810430881747997267e-01 1.188996357611233901e+00
7.906641137010204101e-01 1.183831475790760424e+00
8.002851392272412046e-01 1.178633179469676273e+00
8.099061647534618880e-01 1.173402205906936224e+00
8.195271902796826824e-01 1.168139292361494164e+00
8.291482158059033658e-01 1.162845176092305088e+00
8.387692413321241602e-01 1.157520594358322219e+00
8.483902668583448436e-01 1.152166284418501219e+00
8.580112923845655271e-01 1.146782983531795308e+00
8.676323179107863215e-01 1.141371428957159706e+00
8.772533434370071159e-01 1.135932357953547189e+00
8.868743689632277993e-01 1.130466507779913865e+00
8.964953944894484827e-01 1.124974615695213398e+00
9.061164200156692772e-01 1.119457418958399453e+00
9.157374455418899606e-01 1.113915654828426804e+00
9.253584710681107550e-01 1.108350060564250006e+00
9.349794965943314384e-01 1.102761373424822944e+00
9.446005221205522329e-01 1.097150330669099949e+00
9.542215476467729163e-01 1.091517669556036019e+00
9.638425731729935997e-01 1.085864127344584151e+00
9.734635986992143941e-01 1.080190441293699788e+00
9.830846242254351885e-01 1.074497348662336815e+00
9.927056497516558720e-01 1.068785586709449786e+00
1.002326675277876555e+00 1.063055892693992588e+00
1.011947700804097350e+00 1.057309003874919551e+00
1.021568726330317922e+00 1.051545657511185450e+00
1.031189751856538717e+00 1.045766590861744394e+00
1.040810777382759511e+00 1.039972541185550270e+00
1.050431802908980305e+00 1.034164245741557631e+00
1.060052828435201100e+00 1.028342441788721029e+00
1.069673853961421672e+00 1.022507866585994574e+00
1.079294879487642467e+00 1.016661257392332374e+00
1.088915905013863261e+00 1.010803351466689426e+00
1.098536930540083834e+00 1.004934886068019173e+00
1.108157956066304628e+00 9.990565984552761680e-01
1.117778981592525422e+00 9.931692258874150747e-01
1.127400007118746217e+00 9.872735056233897799e-01
1.137021032644966789e+00 9.813701749221549475e-01
1.146642058171187584e+00 9.754599710426647974e-01
1.156263083697408378e+00 9.695436312438733273e-01
1.165884109223628951e+00 9.636218927847350901e-01
1.175505134749849745e+00 9.576954929242043058e-01
1.185126160276070539e+00 9.517651689212354160e-01
1.194747185802291334e+00 9.458316580347824187e-01
1.204368211328512128e+00 9.398956975237999778e-01
1.213989236854732701e+00 9.339580246472422020e-01
1.223610262380953495e+00 9.280193766640630892e-01
1.233231287907174067e+00 9.220804908332178584e-01
1.242852313433394862e+00 9.161421044136600633e-01
1.252473338959615656e+00 9.102049546643440348e-01
1.262094364485836451e+00 9.042697788442242146e-01
1.271715390012057245e+00 8.983373142122549337e-01
1.281336415538277818e+00 8.924082980273908561e-01
1.290957441064498612e+00 8.864834675485855353e-01
1.300578466590719184e+00 8.805635600347936354e-01
1.310199492116939979e+00 8.746493127449697091e-01
1.319820517643160773e+00 8.687414629372430808e-01
1.329441543169381568e+00 8.628407273562413993e-01
1.339062568695602362e+00 8.569477489634831358e-01
1.348683594221823157e+00 8.510631541377708942e-01
1.358304619748043729e+00 8.451875692579066124e-01
1.367925645274264523e+00 8.393216207026920062e-01
1.377546670800485096e+00 8.334659348509305676e-01
1.387167696326705890e+00 8.276211380814230134e-01
1.396788721852926685e+00 8.217878567729726136e-01
1.406409747379147479e+00 8.159667173043810839e-01
1.416030772905368273e+00 8.101583460544505844e-01
1.425651798431588846e+00 8.043633694019837188e-01
1.435272823957809640e+00 7.985824137257823141e-01
1.444893849484030213e+00 7.928161054046487521e-01
1.454514875010251007e+00 7.870650708173850818e-01
1.464135900536471802e+00 7.813299363427936850e-01
1.473756926062692596e+00 7.756113283596764996e-01
1.483377951588913390e+00 7.699098732468360184e-01
1.492998977115133963e+00 7.642261973830744015e-01
1.502620002641354757e+00 7.585609271471935866e-01
1.512241028167575330e+00 7.529146889179960667e-01
1.521862053693796124e+00 7.472881090742837795e-01
1.531483079220016918e+00 7.416817823192817238e-01
1.541104104746237713e+00 7.360960830253294729e-01
1.550725130272458507e+00 7.305312919544504346e-01
1.560346155798679302e+00 7.249876895267584054e-01
1.569967181324899874e+00 7.194655561623689577e-01
1.579588206851120669e+00 7.139651722813955548e-01
1.589209232377341241e+00 7.084868183039541023e-01
1.598830257903562035e+00 7.030307746501585076e-01
1.608451283429782830e+00 6.975973217401234550e-01
1.618072308956003624e+00 6.921867399939637400e-01
1.627693334482224419e+00 6.867993098317940470e-01
1.637314360008444991e+00 6.814353116737287275e-01
1.646935385534665786e+00 6.760950259398829099e-01
1.656556411060886358e+00 6.707787330503708345e-01
1.666177436587107152e+00 6.654867134253074079e-01
1.675798462113327947e+00 6.602192474848068704e-01
1.685419487639548741e+00 6.549766156489843505e-01
1.695040513165769536e+00 6.497590983379541996e-01
1.704661538691990108e+00 6.445669759714832692e-01
1.714282564218210902e+00 6.394005287270815296e-01
1.723903589744431475e+00 6.342600361166705891e-01
1.733524615270652269e+00 6.291457775388662466e-01
1.743145640796873064e+00 6.240580323922849670e-01
1.752766666323093858e+00 6.189970800755427716e-01
1.762387691849314653e+00 6.139631999872552370e-01
1.772008717375535225e+00 6.089566715260386065e-01
1.781629742901756019e+00 6.039777740905090120e-01
1.791250768427976814e+00 5.990267870792821414e-01
1.800871793954197386e+00 5.941039898909745709e-01
1.810492819480418181e+00 5.892096619242017663e-01
1.820113845006638975e+00 5.843440825775799707e-01
1.829734870532859770e+00 5.795075312497249831e-01
1.839355896059080342e+00 5.747002873392532685e-01
1.848976921585301136e+00 5.699226302447804038e-01
1.858597947111521931e+00 5.651748393649225211e-01
1.868218972637742725e+00 5.604571935467700383e-01
1.877839998163963298e+00 5.557698876595386084e-01
1.887461023690184092e+00 5.511129432636323600e-01
1.897082049216404886e+00 5.464863605041250239e-01
1.906703074742625459e+00 5.418901395260898868e-01
1.916324100268846253e+00 5.373242804745999024e-01
1.925945125795067048e+00 5.327887834947281354e-01
1.935566151321287842e+00 5.282836487315483165e-01
1.945187176847508415e+00 5.238088763301331774e-01
1.954808202373729209e+00 5.193644664355561158e-01
1.964429227899950003e+00 5.149504191928905295e-01
1.974050253426170798e+00 5.105667347472093720e-01
1.983671278952391370e+00 5.062134132435859302e-01
1.993292304478612165e+00 5.018904548270933796e-01
2.002913330004832737e+00 4.975978596428052292e-01
2.012534355531053532e+00 4.933356278357942104e-01
2.022155381057274326e+00 4.891037595511337766e-01
2.031776406583495120e+00 4.849022549338973254e-01
2.041397432109715915e+00 4.807311141291575329e-01
2.051018457635936265e+00 4.765903372819883521e-01
2.060639483162157504e+00 4.724799245374623480e-01
2.070260508688377854e+00 4.683998760406533068e-01
2.079881534214599093e+00 4.643501919366335717e-01
2.089502559740819443e+00 4.603308723704775396e-01
2.099123585267040237e+00 4.563419174872574979e-01
2.108744610793261032e+00 4.523833274320468445e-01
2.118365636319481382e+00 4.484551023499193101e-01
2.127986661845702621e+00 4.445572423859472933e-01
2.137607687371922971e+00 4.406897476852047468e-01
2.147228712898144209e+00 4.368526183927642359e-01
2.156849738424364560e+00 4.330458543454596132e-01
2.166470763950585354e+00 4.292694059744934787e-01
2.176091789476806149e+00 4.255231204375968801e-01
2.185712815003026943e+00 4.218068319372162422e-01
2.195333840529247738e+00 4.181203746757974349e-01
2.204954866055468088e+00 4.144635828557868273e-01
2.214575891581689326e+00 4.108362906796301228e-01
2.224196917107909677e+00 4.072383323497741348e-01
2.233817942634130471e+00 4.036695420686644553e-01
2.243438968160351266e+00 4.001297540387474538e-01
2.253059993686572060e+00 3.966188024624691666e-01
2.262681019212792854e+00 3.931365215422760184e-01
2.272302044739013205e+00 3.896827454806140456e-01
2.281923070265234443e+00 3.862573084799291734e-01
2.291544095791454794e+00 3.828600589235713336e-01
2.301165121317675588e+00 3.794910284064960670e-01
2.310786146843896383e+00 3.761503760696451315e-01
2.320407172370117177e+00 3.728382636419486085e-01
2.330028197896337971e+00 3.695548528523361353e-01
2.339649223422558322e+00 3.663003054297376826e-01
2.349270248948779560e+00 3.630747831030828876e-01
2.358891274474999911e+00 3.598784476013022759e-01
2.368512300001220705e+00 3.567114606533251520e-01
2.378133325527441500e+00 3.535739839880817081e-01
2.387754351053662294e+00 3.504661793345015819e-01
2.397375376579883088e+00 3.473882084215148547e-01
2.406996402106103439e+00 3.443402329780516080e-01
2.416617427632324677e+00 3.413223723118912756e-01
2.426238453158545028e+00 3.383344206615918615e-01
2.435859478684765822e+00 3.353760219229922068e-01
2.445480504210986616e+00 3.324468191773206627e-01
2.455101529737207411e+00 3.295464555058053024e-01
2.464722555263428205e+00 3.266745739896743661e-01
2.474343580789648556e+00 3.238308177101560381e-01
2.483964606315869794e+00 3.210148297484780588e-01
2.493585631842090145e+00 3.182262531858693344e-01
2.503206657368311383e+00 3.154647311035572166e-01
2.512827682894531733e+00 3.127299065827705005e-01
2.522448708420752528e+00 3.100214227047369819e-01
2.532069733946973322e+00 3.073389249201314288e-01
2.541690759473193673e+00 3.046820991453185190e-01
2.551311784999414911e+00 3.020506652275886106e-01
2.560932810525635261e+00 2.994443440640038867e-01
2.570553836051856500e+00 2.968628565516254203e-01
2.580174861578076850e+00 2.943059235875158386e-01
2.589795887104297645e+00 2.917732660687363810e-01
2.599416912630518439e+00 2.892646048923487312e-01
2.609037938156739234e+00 2.867796609554149057e-01
2.618658963682960028e+00 2.843181551549966435e-01
2.628279989209180378e+00 2.818798083881556837e-01
2.637901014735401617e+00 2.794643415519536545e-01
2.647522040261621967e+00 2.770714848325271373e-01
2.657143065787842762e+00 2.747010202063590589e-01
2.666764091314063556e+00 2.723527475923977481e-01
2.676385116840284351e+00 2.700264669270892037e-01
2.686006142366505145e+00 2.677219781468792026e-01
2.695627167892725495e+00 2.654390811882139656e-01
2.705248193418946734e+00 2.631775759875392695e-01
2.714869218945167084e+00 2.609372624813011132e-01
2.724490244471387879e+00 2.587179406059453846e-01
2.734111269997608673e+00 2.565194102979180824e-01
2.743732295523829467e+00 2.543414714936651499e-01
2.753353321050050262e+00 2.521839160821586212e-01
2.762974346576271056e+00 2.500464498878739450e-01
2.772595372102491407e+00 2.479287265699993692e-01
2.782216397628712201e+00 2.458303990575224918e-01
2.791837423154932996e+00 2.437511202794312715e-01
2.801458448681153790e+00 2.416905431647136115e-01
2.811079474207374584e+00 2.396483206423574153e-01
2.820700499733595379e+00 2.376241056413503638e-01
2.830321525259816173e+00 2.356175510906804715e-01
2.839942550786036524e+00 2.336283099193355861e-01
2.849563576312257318e+00 2.316560350563034998e-01
2.859184601838478113e+00 2.297004429311062246e-01
2.868805627364698907e+00 2.277615801502487491e-01
2.878426652890919701e+00 2.258396002965665506e-01
2.888047678417140496e+00 2.239346570079400744e-01
2.897668703943361290e+00 2.220469039222494889e-01
2.907289729469582085e+00 2.201764946773753506e-01
2.916910754995802435e+00 2.183235829111980775e-01
2.926531780522023229e+00 2.164883222615977265e-01
2.936152806048244024e+00 2.146708663664547156e-01
2.945773831574464818e+00 2.128713688636494905e-01
2.955394857100685613e+00 2.110899833910623580e-01
2.965015882626906407e+00 2.093268635865735416e-01
2.974636908153127202e+00 2.075821630880636259e-01
2.984257933679347552e+00 2.058560355334128067e-01
2.993878959205568346e+00 2.041486345605014185e-01
3.003499984731789141e+00 2.024601138072097684e-01
3.013121010258009935e+00 2.007906269114183295e-01
3.022742035784230730e+00 1.991403275110072701e-01
3.032363061310451524e+00 1.975093692438571469e-01
3.041984086836672319e+00 1.958979057478481278e-01
3.051605112362892669e+00 1.943060737718534103e-01
3.061226137889113463e+00 1.927335306641088652e-01
3.070847163415334258e+00 1.911793976331248868e-01
3.080468188941555052e+00 1.896427676060585821e-01
3.090089214467775847e+00 1.881227335100666975e-01
3.099710239993996641e+00 1.866183882723063958e-01
3.109331265520217435e+00 1.851288248199346453e-01
3.118952291046438230e+00 1.836531360801083312e-01
3.128573316572658580e+00 1.821904149799844774e-01
3.138194342098879375e+00 1.807397544467200245e-01
3.147815367625100169e+00 1.793003326497139283e-01
3.157436393151320964e+00 1.778721790658388813e-01
3.167057418677541758e+00 1.764558126349164979e-01
3.176678444203762552e+00 1.750517581456279836e-01
3.186299469729983347e+00 1.736605403866545438e-01
3.195920495256203697e+00 1.722826841466774117e-01
3.205541520782424492e+00 1.709187142143776816e-01
3.215162546308645286e+00 1.695691553784365313e-01
3.224783571834866081e+00 1.682345324275352494e-01
3.234404597361086875e+00 1.669153658289461162e-01
3.244025622887307669e+00 1.656116241925821297e-01
3.253646648413528464e+00 1.643221883949794182e-01
3.263267673939748814e+00 1.630458120846929315e-01
3.272888699465969609e+00 1.617812489102776474e-01
3.282509724992190403e+00 1.605272525202886547e-01
3.292130750518411197e+00 1.592825765632809865e-01
3.301751776044631992e+00 1.580459746878096761e-01
3.311372801570852786e+00 1.568162005424297567e-01
3.320993827097073581e+00 1.555920077987428818e-01
3.330614852623293931e+00 1.543725796637042125e-01
3.340235878149514726e+00 1.531586271993239101e-01
3.349856903675735520e+00 1.519512010253875889e-01
3.359477929201956314e+00 1.507513517616806131e-01
3.369098954728177109e+00 1.495601300279884860e-01
3.378719980254397903e+00 1.483785864440965718e-01
3.388341005780618698e+00 1.472077716297902905e-01
3.397962031306839492e+00 1.460487362048551452e-01
3.407583056833059842e+00 1.449025306795722057e-01
3.417204082359280637e+00 1.437698579988642977e-01
3.426825107885501431e+00 1.426503029276434686e-01
3.436446133411722226e+00 1.415432258043354818e-01
3.446067158937943020e+00 1.404479869673660453e-01
3.455688184464163815e+00 1.393639467551610611e-01
3.465309209990384609e+00 1.382904655061461818e-01
3.474930235516604959e+00 1.372269035587473929e-01
3.484551261042825754e+00 1.361726212513902357e-01
3.494172286569046548e+00 1.351269824193347402e-01
3.503793312095267343e+00 1.340895685815187421e-01
3.513414337621488137e+00 1.330603032735159508e-01
3.523035363147708932e+00 1.320391399967978663e-01
3.532656388673929726e+00 1.310260322528360999e-01
3.542277414200150076e+00 1.300209335431021795e-01
3.551898439726370871e+00 1.290237973690676332e-01
3.561519465252591665e+00 1.280345772322039333e-01
3.571140490778812460e+00 1.270532266339827188e-01
3.580761516305033254e+00 1.260797210639477139e-01
3.590382541831254049e+00 1.251142041735346655e-01
3.600003567357474843e+00 1.241568972564979917e-01
3.609624592883695637e+00 1.232080220242330326e-01
3.619245618409915988e+00 1.222678001881350729e-01
3.628866643936136782e+00 1.213364534595992028e-01
3.638487669462357577e+00 1.204142035500208319e-01
3.648108694988578371e+00 1.195012721707952030e-01
3.657729720514799165e+00 1.185978810333175731e-01
3.667350746041019960e+00 1.177042518489831435e-01
3.676971771567240754e+00 1.168206063291872682e-01
3.686592797093461105e+00 1.159471661853251623e-01
3.696213822619681899e+00 1.150841531287920827e-01
3.705834848145902694e+00 1.142317888709832863e-01
3.715455873672123488e+00 1.133902951232940576e-01
3.725076899198344282e+00 1.125598935971196118e-01
3.734697924724565077e+00 1.117407996919187463e-01
3.744318950250785871e+00 1.109326256025146701e-01
3.753939975777006222e+00 1.101338897353482255e-01
3.763561001303227016e+00 1.093429950359263575e-01
3.773182026829447810e+00 1.085583444497561639e-01
3.782803052355668605e+00 1.077783409223445760e-01
3.792424077881889399e+00 1.070013873991987191e-01
3.802045103408110194e+00 1.062258868258254968e-01
3.811666128934330988e+00 1.054502515665574902e-01
3.821287154460551783e+00 1.046737853279573333e-01
3.830908179986772133e+00 1.038974032459069052e-01
3.840529205512992927e+00 1.031221899209418952e-01
3.850150231039213722e+00 1.023492299535981170e-01
3.859771256565434516e+00 1.015796079444115374e-01
3.869392282091655311e+00 1.008144084939178314e-01
3.879013307617876105e+00 1.000547162026529102e-01
3.888634333144096900e+00 9.930160195138715284e-02
3.898255358670317250e+00 9.855570075841978139e-02
3.907876384196538044e+00 9.781713215490536739e-02
3.917497409722758839e+00 9.708598588662875617e-02
3.927118435248979633e+00 9.636235169937466816e-02
3.936739460775200428e+00 9.564631933892792093e-02
3.946360486301421222e+00 9.493797855107329042e-02
3.955981511827642016e+00 9.423741908159551095e-02
3.965602537353862367e+00 9.354470705652731533e-02
3.975223562880083161e+00 9.285969933616709804e-02
3.984844588406303956e+00 9.218214344838852881e-02
3.994465613932524750e+00 9.151178596917326769e-02
4.004086639458745545e+00 9.084837347450304412e-02
4.013707664984966783e+00 9.019165254035942103e-02
4.023328690511187133e+00 8.954136974272414173e-02
4.032949716037407484e+00 8.889727165757889404e-02
4.042570741563627834e+00 8.825910486090528251e-02
4.052191767089849073e+00 8.762661592868487004e-02
4.061812792616070311e+00 8.699955143689948323e-02
4.071433818142290662e+00 8.637765796153076825e-02
4.081054843668511012e+00 8.576068207856030190e-02
4.090675869194732250e+00 8.514837036396977199e-02
4.100296894720953489e+00 8.454046939374086633e-02
4.109917920247173839e+00 8.393678355563198579e-02
4.119538945773394190e+00 8.333757526728320653e-02
4.129159971299614540e+00 8.274332492501500214e-02
4.138780996825835778e+00 8.215451425650638351e-02
4.148402022352057017e+00 8.157162498943645867e-02
4.158023047878277367e+00 8.099513885148440506e-02
4.167644073404497718e+00 8.042553757032921968e-02
4.177265098930718068e+00 7.986328139496111367e-02
4.186886124456939307e+00 7.930831020995390834e-02
4.196507149983160545e+00 7.876002845875137992e-02
4.206128175509380895e+00 7.821781608999452129e-02
4.215749201035601246e+00 7.768105305232429758e-02
4.225370226561822484e+00 7.714911929438166005e-02
4.234991252088043723e+00 7.662139476480762934e-02
4.244612277614264073e+00 7.609725941224325385e-02
4.254233303140484423e+00 7.557609318532948484e-02
4.263854328666704774e+00 7.505727603270731518e-02
4.273475354192926012e+00 7.454018790301769615e-02
4.283096379719147251e+00 7.402420874490166225e-02
4.292717405245367601e+00 7.350871850700022025e-02
4.302338430771587952e+00 7.299309713795434917e-02
4.311959456297809190e+00 7.247673093598275273e-02
4.321580481824029540e+00 7.195966603643071113e-02
4.331201507350250779e+00 7.144317552548590244e-02
4.340822532876471129e+00 7.092866613189961755e-02
4.350443558402691480e+00 7.041754458442298081e-02
4.360064583928912718e+00 6.991121761180711658e-02
4.369685609455133957e+00 6.941109194280332961e-02
4.379306634981354307e+00 6.891856386843096816e-02
4.388927660507574657e+00 6.843434426637318158e-02
4.398548686033795008e+00 6.795804614035902413e-02
4.408169711560016246e+00 6.748918378085307090e-02
4.417790737086237485e+00 6.702727147831989696e-02
4.427411762612457835e+00 6.657182352322414676e-02
4.437032788138678185e+00 6.612235420603036762e-02
4.446653813664899424e+00 6.567836917603497859e-02
4.456274839191120662e+00 6.523915606669217215e-02
4.465895864717341013e+00 6.480377322086537661e-02
4.475516890243561363e+00 6.437126808350271401e-02
4.485137915769781713e+00 6.394068809955238963e-02
4.494758941296002952e+00 6.351108071396258103e-02
4.504379966822224191e+00 6.308149337168154902e-02
4.514000992348444541e+00 6.265115185998938740e-02
4.523622017874664891e+00 6.222088618766654505e-02
4.533243043400885242e+00 6.179237493189865260e-02
4.542864068927106480e+00 6.136730438493378376e-02
4.552485094453327719e+00 6.094736083902010937e-02
4.562106119979548069e+00 6.053423058640574478e-02
4.571727145505768419e+00 6.012959941028411109e-02
4.581348171031989658e+00 5.973438202343085007e-02
4.590969196558210896e+00 5.934717016179086313e-02
4.600590222084431247e+00 5.896611986244840869e-02
4.610211247610651597e+00 5.858938716248775908e-02
4.619832273136871947e+00 5.821512809899317270e-02
4.629453298663093186e+00 5.784149870904886637e-02
4.639074324189314424e+00 5.746673670902349013e-02
4.648695349715534775e+00 5.709063350722852481e-02
4.658316375241755125e+00 5.671437262182253691e-02
4.667937400767975475e+00 5.633918681161598913e-02
4.677558426294196714e+00 5.596630883541928170e-02
4.687179451820417952e+00 5.559697145204298141e-02
4.696800477346638303e+00 5.523240729999093906e-02
4.706421502872858653e+00 5.487351831377253186e-02
4.716042528399079892e+00 5.452015453765948066e-02
4.725663553925301130e+00 5.417195734434330362e-02
4.735284579451521481e+00 5.382856810651541479e-02
4.744905604977741831e+00 5.348962819686723519e-02
4.754526630503962181e+00 5.315477898809022744e-02
4.764147656030184308e+00 5.282366185287572236e-02
4.773768681556404658e+00 5.249591816391530746e-02
4.783389707082625009e+00 5.217118929390034826e-02
4.793010732608845359e+00 5.184911661552229351e-02
4.802631758135065709e+00 5.152934150147257808e-02
4.812252783661287836e+00 5.121150532444257442e-02
4.821873809187508186e+00 5.089525671621023678e-02
4.831494834713728537e+00 5.058053209308344816e-02
4.841115860239948887e+00 5.026764497864306264e-02
4.850736885766169237e+00 4.995693443031607589e-02
4.860357911292391364e+00 4.964873950552936566e-02
4.869978936818611714e+00 4.934339926170999702e-02
4.879599962344832065e+00 4.904125214932791160e-02
4.889220987871052415e+00 4.874245675592196042e-02
4.898842013397274542e+00 4.844674172883205870e-02
4.908463038923494892e+00 4.815377282694734140e-02
4.918084064449715243e+00 4.786321580915679080e-02
4.927705089975935593e+00 4.757473643434945165e-02
4.937326115502155943e+00 4.728800046618523989e-02
4.946947141028378070e+00 4.700287066812153941e-02
4.956568166554598420e+00 4.671993049290922018e-02
4.966189192080818771e+00 4.643992815312185385e-02
4.975810217607039121e+00 4.616361186133308148e-02
4.985431243133259471e+00 4.589172983011653717e-02
4.995052268659481598e+00 4.562503027204578565e-02
5.004673294185701948e+00 4.536397019842833278e-02
5.014294319711922299e+00 4.510768040416954228e-02
5.023915345238142649e+00 4.485491433752828577e-02
5.033536370764364776e+00 4.460442541993708127e-02
5.043157396290585126e+00 4.435496707282859941e-02
5.052778421816805476e+00 4.410529271763537901e-02
5.062399447343025827e+00 4.385452579918659721e-02
5.072020472869246177e+00 4.360348917028099291e-02
5.081641498395468304e+00 4.335349325283524569e-02
5.091262523921688654e+00 4.310584851025319603e-02
5.100883549447909004e+00 4.286186540593859423e-02
5.110504574974129355e+00 4.262285440073902004e-02
5.120125600500351482e+00 4.238973425468442469e-02
5.129746626026571832e+00 4.216194388962945377e-02
5.139367651552792182e+00 4.193857281512140128e-02
5.148988677079012533e+00 4.171871054070761670e-02
5.158609702605232883e+00 4.150144657593542868e-02
5.168230728131455010e+00 4.128587100458756126e-02
5.177851753657675360e+00 4.107133185627274280e-02
5.187472779183895710e+00 4.085784090244053840e-02
5.197093804710116061e+00 4.064551521062035461e-02
5.206714830236336411e+00 4.043447184834166042e-02
5.216335855762558538e+00 4.022482788313378604e-02
5.225956881288778888e+00 4.001670038252626294e-02
5.235577906814999238e+00 3.981020641404846988e-02
5.245198932341219589e+00 3.960546304522980648e-02
5.254819957867441715e+00 3.940258734359969317e-02
5.264440983393662066e+00 3.920169637668759199e-02
5.274062008919882416e+00 3.900290721202291644e-02
5.283683034446102766e+00 3.880633065153319544e-02
5.293304059972323117e+00 3.861198348270009073e-02
5.302925085498545243e+00 3.841980998601991076e-02
5.312546111024765594e+00 3.822975256907340524e-02
5.322167136550985944e+00 3.804175363944119898e-02
5.331788162077206294e+00 3.785575560470395146e-02
5.341409187603426645e+00 3.767172390379682628e-02
5.351030213129648772e+00 3.748974321811033433e-02
5.360651238655869122e+00 3.730993670352533015e-02
5.370272264182089472e+00 3.713242753484628095e-02
5.379893289708309823e+00 3.695733888687757068e-02
5.389514315234531949e+00 3.678479319383756718e-02
5.399135340760752300e+00 3.661484914753564135e-02
5.408756366286972650e+00 3.644745357047260437e-02
5.418377391813193000e+00 3.628254195384147257e-02
5.427998417339413351e+00 3.612004978883531087e-02
5.437619442865635477e+00 3.595991256664708008e-02
5.447240468391855828e+00 3.580206125855581872e-02
5.456861493918076178e+00 3.564638268229593926e-02
5.466482519444296528e+00 3.549273870568500633e-02
5.476103544970518655e+00 3.534099091416669641e-02
5.485724570496739005e+00 3.519100089318476926e-02
5.495345596022959356e+00 3.504263069201740688e-02
5.504966621549179706e+00 3.489584187561641654e-02
5.514587647075400056e+00 3.475081862521517406e-02
5.524208672601622183e+00 3.460777533415517609e-02
5.533829698127842533e+00 3.446692639577803030e-02
5.543450723654062884e+00 3.432848620342521945e-02
5.553071749180283234e+00 3.419262370866973932e-02
5.562692774706503585e+00 3.405909191660748403e-02
5.572313800232725711e+00 3.392742068210783529e-02
5.581934825758946062e+00 3.379713773023268475e-02
5.591555851285166412e+00 3.366777078604384077e-02
5.601176876811386762e+00 3.353885265313553965e-02
5.610797902337608889e+00 3.341024667188143005e-02
5.620418927863829239e+00 3.328234394291077619e-02
5.630039953390049590e+00 3.315558281793783840e-02
5.639660978916269940e+00 3.303040164867691864e-02
5.649282004442490290e+00 3.290723878684233272e-02
5.658903029968712417e+00 3.278653258414834099e-02
5.668524055494932767e+00 3.266872139230930089e-02
5.678145081021153118e+00 3.255424356303950745e-02
5.687766106547373468e+00 3.244353744805324180e-02
5.697387132073593818e+00 3.233704139906481284e-02
5.707008157599815945e+00 3.223510122081335583e-02
5.716629183126036295e+00 3.213689785506339963e-02
5.726250208652256646e+00 3.204081617694257145e-02
5.735871234178476996e+00 3.194522564104931156e-02
5.745492259704699123e+00 3.184849570198204638e-02
5.755113285230919473e+00 3.174902596622827117e-02
5.764734310757139824e+00 3.164655656686019003e-02
5.774355336283360174e+00 3.154267322445154093e-02
5.783976361809580524e+00 3.143909607191702066e-02
5.793597387335802651e+00 3.133754524217130522e-02
5.803218412862023001e+00 3.123973910493116346e-02
5.812839438388243352e+00 3.114669593610855727e-02
5.822460463914463702e+00 3.105766927241088854e-02
5.832081489440684052e+00 3.097163891583207262e-02
5.841702514966906179e+00 3.088758466836600755e-02
5.851323540493126529e+00 3.080448633200660175e-02
5.860944566019346880e+00 3.072153487949733086e-02
5.870565591545567230e+00 3.063881657816953583e-02
5.880186617071789357e+00 3.055665492092825286e-02
5.889807642598009707e+00 3.047537340231195463e-02
5.899428668124230057e+00 3.039529551685901318e-02
5.909049693650450408e+00 3.031674475910787342e-02
5.918670719176670758e+00 3.024004462359693862e-02
5.928291744702892885e+00 3.016551860486461206e-02
5.937912770229113235e+00 3.009349019744934559e-02
5.947533795755333585e+00 3.002428289588953900e-02
5.957154821281553936e+00 2.995817101343074482e-02
5.966775846807776063e+00 2.989501209278567703e-02
5.976396872333996413e+00 2.983445377705535792e-02
5.986017897860216763e+00 2.977614210990565252e-02
5.995638923386437114e+00 2.971972313500240506e-02
6.005259948912657464e+00 2.966484933420088579e-02
6.014880974438879591e+00 2.961123746947453075e-02
6.024501999965099941e+00 2.955864125304184450e-02
6.034123025491320291e+00 2.950681483836785010e-02
6.043744051017540642e+00 2.945551237891761223e-02
6.053365076543760992e+00 2.940448802815620252e-02
6.062986102069983119e+00 2.935349593954864403e-02
6.072607127596203469e+00 2.930229026656002225e-02
6.082228153122423819e+00 2.925062516265539841e-02
6.091849178648644170e+00 2.919825478129980945e-02
6.101470204174866296e+00 2.914502726319971940e-02
6.111091229701086647e+00 2.909165562436520289e-02
6.120712255227306997e+00 2.903931886527708409e-02
6.130333280753527347e+00 2.898920049891091921e-02
6.139954306279747698e+00 2.894248403824224020e-02
6.149575331805969824e+00 2.890024813283121122e-02
6.159196357332190175e+00 2.886280582557739990e-02
6.168817382858410525e+00 2.883013065606776157e-02
6.178438408384630876e+00 2.880219463901525362e-02
6.188059433910851226e+00 2.877896978913286469e-02
6.197680459437073353e+00 2.876008808908352490e-02
6.207301484963293703e+00 2.874340813133563488e-02
6.216922510489514053e+00 2.872621224975621668e-02
6.226543536015734404e+00 2.870578247222346085e-02
6.236164561541956530e+00 2.867940103807804786e-02
6.245785587068176881e+00 2.864569597549278604e-02
6.255406612594397231e+00 2.860783460874375544e-02
6.265027638120617581e+00 2.856994033127783703e-02
6.274648663646837932e+00 2.853613653654188398e-02
6.284269689173060058e+00 2.851052694570642768e-02
6.293890714699280409e+00 2.849453072751615204e-02
6.303511740225500759e+00 2.848418105163890574e-02
6.313132765751721109e+00 2.847486754106857629e-02
6.322753791277941460e+00 2.846197981879911021e-02
6.332374816804163586e+00 2.844105057106681780e-02
6.341995842330383937e+00 2.841172549074920048e-02
6.351616867856604287e+00 2.837827990573481979e-02
6.361237893382824637e+00 2.834523598652271756e-02
6.370858918909046764e+00 2.831711590361191480e-02
6.380479944435267114e+00 2.829806075798114301e-02
6.390100969961487465e+00 2.828835482935689385e-02
6.399721995487707815e+00 2.828604172707826353e-02
6.409343021013928166e+00 2.828913741489068323e-02
6.418964046540150292e+00 2.829565785653958068e-02
6.428585072066370643e+00 2.830361901577036973e-02
6.438206097592590993e+00 2.831103685632848158e-02
6.447827123118811343e+00 2.831592734195935088e-02
6.457448148645033470e+00 2.831630643640837414e-02
6.467069174171253820e+00 2.831022148258187376e-02
6.476690199697474171e+00 2.829799045474161445e-02
6.486311225223694521e+00 2.828369405606038361e-02
6.495932250749914871e+00 2.827176686600493469e-02
6.505553276276136998e+00 2.826664346404198294e-02
6.515174301802357348e+00 2.827232189949560950e-02
6.524795327328577699e+00 2.828757618195039750e-02
6.534416352854798049e+00 2.830773765966158872e-02
6.544037378381018399e+00 2.832807696508437417e-02
6.553658403907240526e+00 2.834386481182583212e-02
6.563279429433460876e+00 2.835172277026169751e-02
6.572900454959681227e+00 2.835305500048570723e-02
6.582521480485901577e+00 2.835032357400725511e-02
6.592142506012123704e+00 2.834599056233574194e-02
6.601763531538344054e+00 2.834251559529824341e-02
6.611384557064564405e+00 2.834228782698433591e-02
6.621005582590784755e+00 2.834761692454971713e-02
6.630626608117005105e+00 2.836080830304507985e-02
6.640247633643227232e+00 2.838416737752111341e-02
6.649868659169447582e+00 2.841903761935378123e-02
6.659489684695667933e+00 2.846152015252387257e-02
6.669110710221888283e+00 2.850593901076359238e-02
6.678731735748108633e+00 2.854661679623626824e-02
6.688352761274330760e+00 2.857796005794022154e-02
6.697973786800551110e+00 2.859827513638578747e-02
6.707594812326771461e+00 2.861133670234222021e-02
6.717215837852991811e+00 2.862132836261214661e-02
6.726836863379213938e+00 2.863243372399826639e-02
6.736457888905434288e+00 2.864828366704052359e-02
6.746078914431654638e+00 2.866926972650776437e-02
6.755699939957874989e+00 2.869460696813174935e-02
6.765320965484095339e+00 2.872350879404696536e-02
6.774941991010317466e+00 2.875518860638789573e-02
6.784563016536537816e+00 2.878885980728899951e-02
6.794184042062758166e+00 2.882373579888474618e-02
6.803805067588978517e+00 2.885902998330963642e-02
6.813426093115200644e+00 2.889395576269813970e-02
6.823047118641420994e+00 2.892820264087563042e-02
6.832668144167641344e+00 2.896357485448617861e-02
6.842289169693861695e+00 2.900246358524421336e-02
6.851910195220082045e+00 2.904726003736785717e-02
6.861531220746304172e+00 2.910014046014647998e-02
6.871152246272524522e+00 2.915937178149709957e-02
6.880773271798744872e+00 2.921981237142878135e-02
6.890394297324965223e+00 2.927620638799131175e-02
6.900015322851185573e+00 2.932330653989806413e-02
6.909636348377407700e+00 2.935874663390761891e-02
6.919257373903628050e+00 2.938721515972701065e-02
6.928878399429848400e+00 2.941446047938243297e-02
6.938499424956068751e+00 2.944623095490004477e-02
6.948120450482290877e+00 2.948736498435392678e-02
6.957741476008511228e+00 2.953615151787842424e-02
6.967362501534731578e+00 2.958801141363702827e-02
6.976983527060951928e+00 2.963835338405874584e-02
6.986604552587172279e+00 2.968274292635484507e-02
6.996225578113394405e+00 2.972079970596522985e-02
7.005846603639614756e+00 2.975646333883415554e-02
7.015467629165835106e+00 2.979388344934047472e-02
7.025088654692055457e+00 2.983720393655653336e-02
7.034709680218275807e+00 2.988869007113303944e-02
7.044330705744497934e+00 2.994602943943948728e-02
7.053951731270718284e+00 3.000622558901182638e-02
7.063572756796938634e+00 3.006628206738602704e-02
7.073193782323158985e+00 3.012365201658493558e-02
7.082814807849381111e+00 3.017831792082233469e-02
7.092435833375601462e+00 3.023114607263690037e-02
7.102056858901821812e+00 3.028300369033787298e-02
7.111677884428042162e+00 3.033475799223444430e-02
7.121298909954262513e+00 3.038727619663582000e-02
7.130919935480484639e+00 3.044142552185124390e-02
7.140540961006704990e+00 3.049807318618989044e-02
7.150161986532925340e+00 3.055805928711198896e-02
7.159783012059145690e+00 3.062115646396942545e-02
7.169404037585366041e+00 3.068574304319607315e-02
7.179025063111588167e+00 3.075010339371857943e-02
7.188646088637808518e+00 3.081252701861141377e-02
7.198267114164028868e+00 3.087255310945247883e-02
7.207888139690249218e+00 3.093259276322869039e-02
7.217509165216471345e+00 3.099545897411263087e-02
7.227130190742691696e+00 3.106396473616962473e-02
7.236751216268912046e+00 3.113981819579685409e-02
7.246372241795132396e+00 3.122036888799260487e-02
7.255993267321352747e+00 3.130189168132704869e-02
7.265614292847574873e+00 3.138066144437033633e-02
7.275235318373795224e+00 3.145347543338617574e-02
7.284856343900015574e+00 3.152050061522786856e-02
7.294477369426235924e+00 3.158324146249940484e-02
7.304098394952458051e+00 3.164320582665258730e-02
7.313719420478678401e+00 3.170190155913914926e-02
7.323340446004898752e+00 3.176083651141088648e-02
7.332961471531119102e+00 3.182151853491956700e-02
7.342582497057339452e+00 3.188545548111698658e-02
7.352203522583561579e+00 3.195406309900866021e-02
7.361824548109781929e+00 3.202730921699811772e-02
7.371445573636002280e+00 3.210401024022890154e-02
7.381066599162222630e+00 3.218295074850769516e-02
7.390687624688442980e+00 3.226293551484565175e-02
7.400308650214665107e+00 3.234324875576877201e-02
7.409929675740885457e+00 3.242366261563799784e-02
7.419550701267105808e+00 3.250397112904659935e-02
7.429171726793326158e+00 3.258396833058778419e-02
7.438792752319548285e+00 3.266344825485482245e-02
7.448413777845768635e+00 3.274220493644092872e-02
7.458034803371988986e+00 3.282003240993933840e-02
7.467655828898209336e+00 3.289672842418090576e-02
7.477276854424429686e+00 3.297226512426893602e-02
7.486897879950651813e+00 3.304686027274063992e-02
7.496518905476872163e+00 3.312075011630893212e-02
7.506139931003092514e+00 3.319417690339572513e-02
7.515760956529312864e+00 3.326772834042281135e-02
7.525381982055533214e+00 3.334251933867243833e-02
7.535003007581755341e+00 3.341970920909402565e-02
7.544624033107975691e+00 3.350043922394446705e-02
7.554245058634196042e+00 3.358473914361696094e-02
7.563866084160416392e+00 3.367089888771471889e-02
7.573487109686638519e+00 3.375705670772950057e-02
7.583108135212858869e+00 3.384137588551844322e-02
7.592729160739079219e+00 3.392344615889362341e-02
7.602350186265299570e+00 3.400502599255574021e-02
7.611971211791519920e+00 3.408805555284503963e-02
7.621592237317742047e+00 3.417444920728242297e-02
7.631213262843962397e+00 3.426492698655467933e-02
7.640834288370182747e+00 3.435853661485987337e-02
7.650455313896403098e+00 3.445420101521826789e-02
7.660076339422623448e+00 3.455083984496147564e-02
7.669697364948845575e+00 3.464726110957787319e-02
7.679318390475065925e+00 3.474213605403950189e-02
7.688939416001286276e+00 3.483412757103358792e-02
7.698560441527506626e+00 3.492196226998383474e-02
7.708181467053728753e+00 3.500588385911442002e-02
7.717802492579949103e+00 3.508768238619683344e-02
7.727423518106169453e+00 3.516921746455661107e-02
7.737044543632389804e+00 3.525234870751925431e-02
7.746665569158610154e+00 3.533893572841027841e-02
7.756286594684832281e+00 3.543083814055518477e-02
7.765907620211052631e+00 3.552991555727947476e-02
7.775528645737272981e+00 3.563759476058109277e-02
7.785149671263493332e+00 3.575068503734609576e-02
7.794770696789715458e+00 3.586320220099612627e-02
7.804391722315935809e+00 3.596912317606956733e-02
7.814012747842156159e+00 3.606318961148807789e-02
7.823633773368376509e+00 3.614548302448316458e-02
7.833254798894596860e+00 3.621836144645770861e-02
7.842875824420818986e+00 3.628419136830075137e-02
7.852496849947039337e+00 3.634661088527684630e-02
7.862117875473259687e+00 3.641493689482233620e-02
7.871738900999480038e+00 3.650007094230773436e-02
7.881359926525700388e+00 3.661290328759500556e-02
7.890980952051922515e+00 3.675642861853813809e-02
7.900601977578142865e+00 3.691195195981177013e-02
7.910223003104363215e+00 3.705708658564981633e-02
7.919844028630583566e+00 3.716965869145759382e-02
7.929465054156805692e+00 3.724288819347363472e-02
7.939086079683026043e+00 3.729549672203526234e-02
7.948707105209246393e+00 3.734860334169236989e-02
7.958328130735466743e+00 3.742265732719870369e-02
7.967949156261687094e+00 3.752324562821706538e-02
7.977570181787909220e+00 3.764138833440813098e-02
7.987191207314129571e+00 3.776749484612375307e-02
7.996812232840349921e+00 3.789258157038008501e-02
8.006433258366570271e+00 3.801342721188714219e-02
8.016054283892790622e+00 3.812999355549034908e-02
8.025675309419012748e+00 3.824227587503900572e-02
8.035296334945233099e+00 3.835026944438229418e-02
8.044917360471453449e+00 3.845396953736951451e-02
8.054538385997673799e+00 3.855337142784989735e-02
8.064159411523895926e+00 3.864847038967271498e-02
8.073780437050116277e+00 3.873926169668717723e-02
8.083401462576336627e+00 3.882574062274257720e-02
8.093022488102556977e+00 3.890790244168813167e-02
8.102643513628777328e+00 3.898585284851432270e-02
8.112264539154999454e+00 3.906254745187807964e-02
8.121885564681219805e+00 3.914397558201162391e-02
8.131506590207440155e+00 3.923627379689387934e-02
8.141127615733660505e+00 3.934451454000819498e-02
8.150748641259882632e+00 3.946480792078303768e-02
8.160369666786102982e+00 3.958877330671657646e-02
8.169990692312323333e+00 3.970799692793090807e-02
8.179611717838543683e+00 3.981645231122244583e-02
8.189232743364764033e+00 3.991609444887345148e-02
8.198853768890986160e+00 4.001054437734595515e-02
8.208474794417206510e+00 4.010341230967158499e-02
8.218095819943426861e+00 4.019782178432398934e-02
8.227716845469647211e+00 4.029622311447246530e-02
8.237337870995867561e+00 4.040101724387973325e-02
8.246958896522089688e+00 4.051424680530068406e-02
8.256579922048310038e+00 4.063435911645060794e-02
8.266200947574530389e+00 4.075772673990005895e-02
8.275821973100750739e+00 4.088069728767349670e-02
8.285442998626972866e+00 4.100046506458408097e-02
8.295064024153193216e+00 4.111709054136258867e-02
8.304685049679413567e+00 4.123124007271061764e-02
8.314306075205633917e+00 4.134358001332971017e-02
8.323927100731854267e+00 4.145477671792142937e-02
8.333548126258076394e+00 4.156549654118733145e-02
8.343169151784296744e+00 4.167640583782895175e-02
8.352790177310517095e+00 4.178796999101523635e-02
8.362411202836737445e+00 4.189915588103373945e-02
8.372032228362957795e+00 4.200825355547740253e-02
8.381653253889179922e+00 4.211356052371923592e-02
8.391274279415400272e+00 4.221595404550110286e-02
8.400895304941620623e+00 4.232222035701403012e-02
8.410516330467840973e+00 4.243996951486294494e-02
8.420137355994063100e+00 4.257608804341767028e-02
8.429758381520283450e+00 4.272658983316726666e-02
8.439379407046503800e+00 4.287909518006306070e-02
8.449000432572724151e+00 4.302100711850403991e-02
8.458621458098944501e+00 4.314290413373707972e-02
8.468242483625166628e+00 4.324725988133283627e-02
8.477863509151386978e+00 4.333933280485141593e-02
8.487484534677607328e+00 4.342438134785290421e-02
8.497105560203827679e+00 4.350766395389747687e-02
8.506726585730048029e+00 4.359443906654519862e-02
8.516347611256270156e+00 4.368996512935624521e-02
8.525968636782490506e+00 4.379784342979210765e-02
8.535589662308710857e+00 4.391301185797692741e-02
8.545210687834931207e+00 4.402758662745363122e-02
8.554831713361153334e+00 4.413379429999075149e-02
8.564452738887373684e+00 4.422886126961828035e-02
8.574073764413594034e+00 4.431691237064371014e-02
8.583694789939814385e+00 4.440257641940517641e-02
8.593315815466034735e+00 4.449048223224084941e-02
8.602936840992256862e+00 4.458525862548887858e-02
8.612557866518477212e+00 4.469153441548742028e-02
8.622178892044697562e+00 4.481383311524853030e-02
8.631799917570917913e+00 4.495109166731520861e-02
8.641420943097140039e+00 4.509398420161912086e-02
8.651041968623360390e+00 4.523251845823452605e-02
8.660662994149580740e+00 4.535840795337969800e-02
8.670284019675801090e+00 4.547385237892202087e-02
8.679905045202021441e+00 4.558503336079174767e-02
8.689526070728243567e+00 4.569804848195084535e-02
8.699147096254463918e+00 4.581495431604320351e-02
8.708768121780684268e+00 4.593226467064356194e-02
8.718389147306904619e+00 4.604609186702195850e-02
8.728010172833124969e+00 4.615356419721326764e-02
8.737631198359347096e+00 4.625708040548923150e-02
8.747252223885567446e+00 4.636074303417311165e-02
8.756873249411787796e+00 4.646857986850787270e-02
8.766494274938009923e+00 4.658251703428303858e-02
8.776115300464230273e+00 4.670215535253214451e-02
8.785736325990450624e+00 4.682697515536664301e-02
8.795357351516670974e+00 4.695608212145731264e-02
8.804978377042891324e+00 4.708717833486861931e-02
8.814599402569113451e+00 4.721763724757183783e-02
8.824220428095333801e+00 4.734493111750731620e-02
8.833841453621554152e+00 4.746803822450892940e-02
8.843462479147774502e+00 4.758711046289473834e-02
8.853083504673996629e+00 4.770233075266847728e-02
8.862704530200216979e+00 4.781388201383381803e-02
8.872325555726437329e+00 4.792194716639452262e-02
8.881946581252657680e+00 4.802670913035431838e-02
8.891567606778878030e+00 4.812878482853034240e-02
8.901188632305100157e+00 4.823220755679970967e-02
8.910809657831320507e+00 4.834262754818227648e-02
8.920430683357540858e+00 4.846554987414902066e-02
8.930051708883761208e+00 4.860016103089069561e-02
8.939672734409981558e+00 4.873726150997417794e-02
8.949293759936203685e+00 4.886707309697679164e-02
8.958914785462424035e+00 4.898269429946704168e-02
8.968535810988644386e+00 4.908820577527131523e-02
8.978156836514864736e+00 4.919030846520999062e-02
8.987777862041086863e+00 4.929540440935506473e-02
8.997398887567307213e+00 4.940622223268210239e-02
9.007019913093527563e+00 4.952302272314787479e-02
9.016640938619747914e+00 4.964599977061051606e-02
9.026261964145968264e+00 4.977370498960920209e-02
9.035882989672190391e+00 4.990190231968293783e-02
9.045504015198410741e+00 5.002608518047804015e-02
9.055125040724631091e+00 5.014322700282115852e-02
9.064746066250851442e+00 5.025698826093578930e-02
9.074367091777071792e+00 5.037291714918678415e-02
9.083988117303293919e+00 5.049620738251019147e-02
9.093609142829514269e+00 5.062735110600721788e-02
9.103230168355734619e+00 5.076350725982310685e-02
9.112851193881954970e+00 5.090176405613335009e-02
9.122472219408177097e+00 5.103920970711353644e-02
9.132093244934397447e+00 5.117293242493912986e-02
9.141714270460617797e+00 5.130002042268020507e-02
9.151335295986838148e+00 5.141856491971311810e-02
9.160956321513058498e+00 5.153055388120421354e-02
9.170577347039280625e+00 5.163892146233099029e-02
9.180198372565500975e+00 5.174622302895024589e-02
9.189819398091721325e+00 5.185131745380810314e-02
9.199440423617941676e+00 5.195097650560859259e-02
9.209061449144162026e+00 5.204228332299651316e-02
9.218682474670384153e+00 5.213305956163649668e-02
9.228303500196604503e+00 5.224388368577968789e-02
9.237924525722824853e+00 5.239602921074788117e-02
9.247545551249045204e+00 5.259381345576846778e-02
9.257166576775267330e+00 5.279956718998025239e-02
9.266787602301487681e+00 5.296923480753849139e-02
9.276408627827708031e+00 5.306878953422188017e-02
9.286029653353928381e+00 5.311790650496760191e-02
9.295650678880148732e+00 5.315416064288238512e-02
9.305271704406370858e+00 5.321287420515340844e-02
9.314892729932591209e+00 5.330183702348494784e-02
9.324513755458811559e+00 5.341048808541397352e-02
9.334134780985031909e+00 5.352805962940380968e-02
9.343755806511254036e+00 5.364825880084579668e-02
9.353376832037474387e+00 5.377035914659112487e-02
9.362997857563694737e+00 5.389398241192018546e-02
9.372618883089915087e+00 5.401875034211330723e-02
9.382239908616135438e+00 5.414428468245085363e-02
9.391860934142357564e+00 5.427020717821321588e-02
9.401481959668577915e+00 5.439596084019247824e-02
9.411102985194798265e+00 5.452021295803938239e-02
9.420724010721018615e+00 5.464142042526260595e-02
9.430345036247238966e+00 5.475829186939737414e-02
9.439966061773461092e+00 5.487160790380141845e-02
9.449587087299681443e+00 5.498316754564205877e-02
9.459208112825901793e+00 5.509477339200519880e-02
9.468829138352122143e+00 5.520816935468838421e-02
9.478450163878344270e+00 5.532505064411656626e-02
9.488071189404564620e+00 5.544706548362616366e-02
9.497692214930784971e+00 5.557394014238459246e-02
9.507313240457005321e+00 5.570281211547594563e-02
9.516934265983225671e+00 5.583063630175913450e-02
9.526555291509447798e+00 5.595436760009310506e-02
9.536176317035668148e+00 5.607096090933669230e-02
9.545797342561888499e+00 5.617737135977282636e-02
9.555418368088108849e+00 5.627316349102579746e-02
9.565039393614329200e+00 5.636697874252562246e-02
9.574660419140551326e+00 5.646943094900579163e-02
9.584281444666771677e+00 5.658905046951326345e-02
9.593902470192992027e+00 5.672282052068906150e-02
9.603523495719212377e+00 5.686374654005885848e-02
9.613144521245434504e+00 5.700483026985651153e-02
9.622765546771654854e+00 5.713907345231572510e-02
9.632386572297875205e+00 5.725947782967034938e-02
9.642007597824095555e+00 5.735995053734196936e-02
9.651628623350315905e+00 5.744729562428626396e-02
9.661249648876538032e+00 5.753792271038293826e-02
9.670870674402758382e+00 5.764774392724985458e-02
9.680491699928978733e+00 5.777493602179373938e-02
9.690112725455199083e+00 5.789935297249988039e-02
9.699733750981419433e+00 5.800042334007232681e-02
9.709354776507641560e+00 5.807688702056201802e-02
9.718975802033861910e+00 5.815448072628654624e-02
9.728596827560082261e+00 5.826076870515852629e-02
9.738217853086302611e+00 5.840443721065329691e-02
9.747838878612524738e+00 5.855912228603717129e-02
9.757459904138745088e+00 5.869469490829636038e-02
9.767080929664965439e+00 5.879564514014957305e-02
9.776701955191185789e+00 5.888193946146610264e-02
9.786322980717406139e+00 5.897881724459666519e-02
9.795944006243628266e+00 5.910233197112756132e-02
9.805565031769848616e+00 5.923988087499437727e-02
9.815186057296068967e+00 5.937328885127309691e-02
9.824807082822289317e+00 5.948880602034272574e-02
9.834428108348511444e+00 5.959006965710887671e-02
9.844049133874731794e+00 5.968498677381207235e-02
9.853670159400952144e+00 5.978146438269280744e-02
9.863291184927172495e+00 5.988740949599164615e-02
9.872912210453392845e+00 6.001072912594907632e-02
9.882533235979614972e+00 6.015666809582095875e-02
9.892154261505835322e+00 6.031510247660169105e-02
9.901775287032055672e+00 6.047040533254720990e-02
9.911396312558276023e+00 6.060894512158917363e-02
9.921017338084496373e+00 6.073059398119632496e-02
9.930638363610718500e+00 6.084080432742543232e-02
9.940259389136938850e+00 6.094482332499065458e-02
9.949880414663159200e+00 6.104618499377425372e-02
9.959501440189379551e+00 6.114762901223678299e-02
9.969122465715601678e+00 6.125145912763625689e-02
9.978743491241822028e+00 6.135629534848471150e-02
9.988364516768042378e+00 6.145889129163357306e-02
9.997985542294262729e+00 6.155669544663674997e-02
1.000760656782048308e+01 6.165370012299672964e-02
1.001722759334670521e+01 6.175743021620087869e-02
1.002684861887292556e+01 6.187438123288877684e-02
1.003646964439914591e+01 6.200074282352448229e-02
1.004609066992536626e+01 6.212691928471009151e-02
1.005571169545158661e+01 6.224406683035031002e-02
1.006533272097780873e+01 6.235140294907944719e-02
1.007495374650402908e+01 6.245274057658869310e-02
1.008457477203024943e+01 6.255194612003653343e-02
1.009419579755646978e+01 6.265288598658151631e-02
1.010381682308269191e+01 6.275942658338215518e-02
1.011343784860891226e+01 6.287461185070100655e-02
1.012305887413513261e+01 6.299375394420132779e-02
1.013267989966135296e+01 6.310792716068472363e-02
1.014230092518757331e+01 6.320954231809840229e-02
1.015192195071379544e+01 6.330313712803767312e-02
1.016154297624001579e+01 6.339954285601914763e-02
1.017116400176623614e+01 6.350808215245132282e-02
1.018078502729245649e+01 6.362557970549405362e-02
1.019040605281867862e+01 6.374286269354108303e-02
1.020002707834489897e+01 6.385209610602864128e-02
1.020964810387111932e+01 6.395522197549373400e-02
1.021926912939733967e+01 6.405841625670828654e-02
1.022889015492356002e+01 6.416676556679928867e-02
1.023851118044978215e+01 6.427853087079579697e-02
1.024813220597600250e+01 6.438937256112346741e-02
1.025775323150222285e+01 6.449557297714611503e-02
1.026737425702844320e+01 6.459670011675626433e-02
1.027699528255466355e+01 6.469339447973956880e-02
1.028661630808088567e+01 6.478662241583342529e-02
1.029623733360710602e+01 6.487876647022905452e-02
1.030585835913332637e+01 6.497259453784946792e-02
1.031547938465954672e+01 6.507087452162142738e-02
1.032510041018576885e+01 6.517637432447186130e-02
1.033472143571198920e+01 6.529185834382177089e-02
1.034434246123820955e+01 6.541715656040858473e-02
1.035396348676442990e+01 6.554383736193032661e-02
1.036358451229065025e+01 6.566205296700966532e-02
1.037320553781687238e+01 6.576745080344170713e-02
1.038282656334309273e+01 6.586780909560627228e-02
1.039244758886931308e+01 6.597245077732764862e-02
1.040206861439553343e+01 6.608461284038778805e-02
1.041168963992175378e+01 6.619713152348657981e-02
1.042131066544797591e+01 6.630196549667397021e-02
1.043093169097419626e+01 6.639660657049357984e-02
1.044055271650041661e+01 6.648577318776838219e-02
1.045017374202663696e+01 6.657467069096828505e-02
1.045979476755285908e+01 6.666850442256315457e-02
1.046941579307907944e+01 6.677247972502288464e-02
1.047903681860529979e+01 6.689092877637736745e-02
1.048865784413152014e+01 6.701624159165714412e-02
1.049827886965774049e+01 6.713215756920330735e-02
1.050789989518396261e+01 6.722422267075399416e-02
1.051752092071018296e+01 6.729555970167769297e-02
1.052714194623640331e+01 6.735841441934724283e-02
1.053676297176262366e+01 6.742511017561819697e-02
1.054638399728884401e+01 6.750797032234615025e-02
1.055600502281506614e+01 6.761931817183397531e-02
1.056562604834128649e+01 6.776399990232295778e-02
1.057524707386750684e+01 6.791850210304824220e-02
1.058486809939372719e+01 6.805263017866507169e-02
1.059448912491994932e+01 6.815074497605386195e-02
1.060411015044616967e+01 6.823313394628885420e-02
1.061373117597239002e+01 6.832531273982898889e-02
1.062335220149861037e+01 6.843822027764634441e-02
1.063297322702483072e+01 6.855926410815291194e-02
1.064259425255105285e+01 6.867412508056282283e-02
1.065221527807727320e+01 6.877892441036508042e-02
1.066183630360349355e+01 6.888080103056669345e-02
1.067145732912971390e+01 6.898676074625470500e-02
1.068107835465593602e+01 6.909559013573951525e-02
1.069069938018215637e+01 6.920050062917390554e-02
1.070032040570837673e+01 6.929574502491821220e-02
1.070994143123459708e+01 6.938344208635570387e-02
1.071956245676081743e+01 6.946900959059180980e-02
1.072918348228703955e+01 6.955694825329288011e-02
1.073880450781325990e+01 6.964811644698352955e-02
1.074842553333948025e+01 6.974247937548508358e-02
1.075804655886570060e+01 6.984000224261896483e-02
1.076766758439192095e+01 6.994065025220649878e-02
1.077728860991814308e+01 7.004430432200206558e-02
1.078690963544436343e+01 7.014743793590053067e-02
1.079653066097058378e+01 7.024202100048497488e-02
1.080615168649680413e+01 7.032035265169522820e-02
1.081577271202302626e+01 7.038437687457319014e-02
1.082539373754924661e+01 7.044351216197174137e-02
1.083501476307546696e+01 7.050736970279690430e-02
1.084463578860168731e+01 7.058554286056012428e-02
1.085425681412790766e+01 7.068761710298981926e-02
1.086387783965412979e+01 7.081763419602711551e-02
1.087349886518035014e+01 7.095914148075595229e-02
1.088311989070657049e+01 7.109102092254813987e-02
1.089274091623279084e+01 7.120048782257554221e-02
1.090236194175901119e+01 7.129089791609195814e-02
1.091198296728523331e+01 7.136745966765853377e-02
1.092160399281145367e+01 7.143549263280200845e-02
1.093122501833767402e+01 7.150043264868125026e-02
1.094084604386389437e+01 7.156744100452937241e-02
1.095046706939011649e+01 7.163898835361104389e-02
1.096008809491633684e+01 7.171604469887568611e-02
1.096970912044255719e+01 7.179956375486039322e-02
1.097933014596877754e+01 7.189049923610224546e-02
1.098895117149499789e+01 7.198979048295046923e-02
1.099857219702122002e+01 7.209590655773445711e-02
1.100819322254744037e+01 7.220206456474731471e-02
1.101781424807366072e+01 7.230097882881500460e-02
1.102743527359988107e+01 7.238974547211105004e-02
1.103705629912610142e+01 7.247013217498060600e-02
1.104667732465232355e+01 7.254475447145806999e-02
1.105629835017854390e+01 7.262180927007694242e-02
1.106591937570476425e+01 7.271244556668658710e-02
1.107554040123098460e+01 7.282219173154233505e-02
1.108516142675720673e+01 7.293474827359992807e-02
1.109478245228342708e+01 7.302871667065834183e-02
1.110440347780964743e+01 7.309740882674450879e-02
1.111402450333586778e+01 7.315981450458090840e-02
1.112364552886208813e+01 7.323652067912046759e-02
1.113326655438831025e+01 7.333168002792270213e-02
1.114288757991453060e+01 7.343587372373415467e-02
1.115250860544075096e+01 7.354013392383634828e-02
1.116212963096697131e+01 7.364067855243371097e-02
1.117175065649319343e+01 7.373566464160197231e-02
1.118137168201941378e+01 7.382325259081122526e-02
1.119099270754563413e+01 7.390160279953164602e-02
1.120061373307185448e+01 7.396914622310565846e-02
1.121023475859807483e+01 7.403174371149834343e-02
1.121985578412429696e+01 7.410342578069573083e-02
1.122947680965051731e+01 7.419593852093073205e-02
1.123909783517673766e+01 7.429921736876306249e-02
1.124871886070295801e+01 7.439266082916151657e-02
1.125833988622917836e+01 7.446342771440757347e-02
1.126796091175540049e+01 7.452273977833705210e-02
1.127758193728162084e+01 7.458620696922270421e-02
1.128720296280784119e+01 7.466138470316809050e-02
1.129682398833406154e+01 7.474564016610836525e-02
1.130644501386028367e+01 7.483568661158825075e-02
1.131606603938650402e+01 7.492823729315239989e-02
1.132568706491272437e+01 7.502000589803478614e-02
1.133530809043894472e+01 7.510915059109965486e-02
1.134492911596516507e+01 7.519849381621496187e-02
1.135455014149138719e+01 7.529169803211141487e-02
1.136417116701760754e+01 7.538880382876197994e-02
1.137379219254382789e+01 7.548528815135883974e-02
1.138341321807004825e+01 7.557633675753037961e-02
1.139303424359626860e+01 7.565713540490502653e-02
1.140265526912249072e+01 7.572287457618309681e-02
1.141227629464871107e+01 7.577367301927369347e-02
1.142189732017493142e+01 7.582390325019400246e-02
1.143151834570115177e+01 7.589012332205777311e-02
1.144113937122737390e+01 7.597872614385771384e-02
1.145076039675359425e+01 7.608502344321629862e-02
1.146038142227981460e+01 7.620066065940081512e-02
1.147000244780603495e+01 7.629644756951738105e-02
1.147962347333225530e+01 7.633478580981574446e-02
1.148924449885847743e+01 7.631210780265067217e-02
1.149886552438469778e+01 7.630085653919356503e-02
1.150848654991091813e+01 7.637854214421166410e-02
1.151810757543713848e+01 7.653627608443630548e-02
1.152772860096336061e+01 7.669415835196000120e-02
1.153734962648958096e+01 7.678834651821801749e-02
1.154697065201580131e+01 7.683792361566457729e-02
1.155659167754202166e+01 7.688528546463686830e-02
1.156621270306824201e+01 7.695382734826307358e-02
1.157583372859446413e+01 7.703821211173859929e-02
1.158545475412068448e+01 7.713071339762263279e-02
1.159507577964690483e+01 7.722360484847444473e-02
1.160469680517312518e+01 7.730916126011401490e-02
1.161431783069934554e+01 7.738036731872581508e-02
1.162393885622556766e+01 7.743212472193622409e-02
1.163355988175178801e+01 7.746082311034753476e-02
1.164318090727800836e+01 7.748561386364744008e-02
1.165280193280422871e+01 7.754634500362299343e-02
1.166242295833045084e+01 7.766843434996964501e-02
1.167204398385667119e+01 7.780577119666035046e-02
1.168166500938289154e+01 7.789216220547776071e-02
1.169128603490911189e+01 7.790931645186469079e-02
1.170090706043533224e+01 7.790806951471920816e-02
1.171052808596155437e+01 7.793874415854602777e-02
1.172014911148777472e+01 7.800521625373547929e-02
1.172977013701399507e+01 7.808939286149056691e-02
1.173939116254021542e+01 7.817741399440471251e-02
1.174901218806643577e+01 7.826499614605990363e-02
1.175863321359265790e+01 7.834926001582032118e-02
1.176825423911887825e+01 7.842905246784528939e-02
1.177787526464509860e+01 7.850442550920848361e-02
1.178749629017131895e+01 7.857545577405844472e-02
1.179711731569754107e+01 7.864221989654376910e-02
1.180673834122376142e+01 7.870479451081292821e-02
1.181635936674998177e+01 7.876325625101458783e-02
1.182598039227620212e+01 7.881768175129728882e-02
1.183560141780242247e+01 7.886959828139429585e-02
1.184522244332864460e+01 7.892703115359150923e-02
1.185484346885486495e+01 7.899939631110519667e-02
1.186446449438108530e+01 7.908082563970682266e-02
1.187408551990730565e+01 7.914634830435211821e-02
1.188370654543352600e+01 7.917611736249409449e-02
1.189332757095974813e+01 7.918754104132036398e-02
1.190294859648596848e+01 7.921133663258411728e-02
1.191256962201218883e+01 7.926167627664382209e-02
1.192219064753840918e+01 7.932718545312938963e-02
1.193181167306463131e+01 7.939559620127543960e-02
1.194143269859085166e+01 7.946406778983153285e-02
1.195105372411707201e+01 7.953393194144868505e-02
1.196067474964329236e+01 7.960521671043560565e-02
1.197029577516951271e+01 7.967556108617443456e-02
1.197991680069573484e+01 7.974235308020759250e-02
1.198953782622195519e+01 7.980298070407743083e-02
1.199915885174817554e+01 7.985486826708589059e-02
1.200877987727439589e+01 7.990038523442184737e-02
1.201840090280061801e+01 7.995181818566243770e-02
1.202802192832683836e+01 8.002030294274048439e-02
1.203764295385305871e+01 8.009500480439579739e-02
1.204726397937927906e+01 8.015312060919591031e-02
1.205688500490549941e+01 8.018532673907932673e-02
1.206650603043172154e+01 8.021096617532469386e-02
1.207612705595794189e+01 8.025118778860138025e-02
1.208574808148416224e+01 8.030950611243069248e-02
1.209536910701038259e+01 8.037955474093204378e-02
1.210499013253660294e+01 8.045485840671889877e-02
1.211461115806282507e+01 8.052894184240473596e-02
1.212423218358904542e+01 8.059562875927830938e-02
1.213385320911526577e+01 8.065151595708953958e-02
1.214347423464148612e+01 8.069472179799870581e-02
1.215309526016770825e+01 8.072566811703496548e-02
1.216271628569392860e+01 8.074928903625823440e-02
1.217233731122014895e+01 8.077104665613152323e-02
1.218195833674636930e+01 8.079640307711774549e-02
1.219157936227258965e+01 8.083082039967984245e-02
1.220120038779881178e+01 8.087976072428076924e-02
1.221082141332503213e+01 8.094868615138348100e-02
1.222044243885125248e+01 8.104021427340159234e-02
1.223006346437747283e+01 8.113686084999159609e-02
1.223968448990369318e+01 8.121277011749358787e-02
1.224930551542991530e+01 8.125787727270847305e-02
1.225892654095613565e+01 8.128577934141476002e-02
1.226854756648235600e+01 8.131094017642813421e-02
1.227816859200857635e+01 8.134175035046926905e-02
1.228778961753479848e+01 8.138421107522979259e-02
1.229741064306101883e+01 8.143596703219257993e-02
1.230703166858723918e+01 8.148454679815028689e-02
1.231665269411345953e+01 8.152007100503350090e-02
1.232627371963967988e+01 8.154650183523112772e-02
1.233589474516590201e+01 8.157143666927600678e-02
1.234551577069212236e+01 8.160026852636410866e-02
1.235513679621834271e+01 8.163632827031280792e-02
1.236475782174456306e+01 8.168286750033257326e-02
1.237437884727078341e+01 8.174313781563390113e-02
1.238399987279700554e+01 8.181930092412212363e-02
1.239362089832322589e+01 8.189969804511872120e-02
1.240324192384944624e+01 8.196322272903509842e-02
1.241286294937566659e+01 8.199758583839061865e-02
1.242248397490188871e+01 8.201010176161392662e-02
1.243210500042810907e+01 8.201202411214189580e-02
1.244172602595432942e+01 8.202536663373913295e-02
1.245134705148054977e+01 8.207673764755971102e-02
1.246096807700677012e+01 8.216576861295261935e-02
1.247058910253299224e+01 8.225245304778916466e-02
1.248021012805921259e+01 8.230288396888910118e-02
1.248983115358543294e+01 8.232844605008103611e-02
1.249945217911165329e+01 8.235336944657786762e-02
1.250907320463787542e+01 8.238111018128800589e-02
1.251869423016409577e+01 8.239525921296714239e-02
1.252831525569031612e+01 8.238674353328830080e-02
1.253793628121653647e+01 8.237027284457744403e-02
1.254755730674275682e+01 8.236488139881660564e-02
1.255717833226897895e+01 8.238960344798773594e-02
1.256679935779519930e+01 8.246314265386676945e-02
1.257642038332141965e+01 8.257767623671645463e-02
1.258604140884764000e+01 8.267987208396238019e-02
1.259566243437386035e+01 8.272423175627105496e-02
1.260528345990008248e+01 8.273241396940526904e-02
1.261490448542630283e+01 8.274775573431387976e-02
1.262452551095252318e+01 8.278851487745843285e-02
1.263414653647874353e+01 8.284805966702732394e-02
1.264376756200496565e+01 8.291333854523645630e-02
1.265338858753118600e+01 8.295601384566000935e-02
1.266300961305740636e+01 8.295041848533352136e-02
1.267263063858362671e+01 8.292123683444421745e-02
1.268225166410984706e+01 8.292003559984577332e-02
1.269187268963606918e+01 8.296527815696534691e-02
1.270149371516228953e+01 8.302561307613222363e-02
1.271111474068850988e+01 8.307202648689843150e-02
1.272073576621473023e+01 8.310345882563295594e-02
1.273035679174095058e+01 8.312647475270586173e-02
1.273997781726717271e+01 8.314763909995308289e-02
1.274959884279339306e+01 8.317347000297206638e-02
1.275921986831961341e+01 8.320356883987914398e-02
1.276884089384583376e+01 8.322336197929966484e-02
1.277846191937205589e+01 8.322165476355232461e-02
1.278808294489827624e+01 8.321791030334808881e-02
1.279770397042449659e+01 8.324176460258983501e-02
1.280732499595071694e+01 8.329625275373221671e-02
1.281694602147693729e+01 8.335828442492651535e-02
1.282656704700315942e+01 8.341018765331641160e-02
1.283618807252937977e+01 8.345097658701444709e-02
1.284580909805560012e+01 8.348229766289891329e-02
1.285543012358182047e+01 8.350579731784814330e-02
1.286505114910804259e+01 8.352310415164754254e-02
1.287467217463426294e+01 8.353532934444492242e-02
1.288429320016048329e+01 8.354299945356961909e-02
1.289391422568670365e+01 8.354704806302321041e-02
1.290353525121292400e+01 8.354967458848787387e-02
1.291315627673914612e+01 8.355330553111257885e-02
1.292277730226536647e+01 8.356036739204619757e-02
1.293239832779158682e+01 8.357327052938054446e-02
1.294201935331780717e+01 8.359391297643227470e-02
1.295164037884402752e+01 8.362358513065194787e-02
1.296126140437024965e+01 8.366120338234105114e-02
1.297088242989647000e+01 8.369883641577632871e-02
1.298050345542269035e+01 8.372920804683907370e-02
1.299012448094891070e+01 8.376012191769616200e-02
1.299974550647513283e+01 8.380579295281781471e-02
1.300936653200135318e+01 8.385840825800795761e-02
1.301898755752757353e+01 8.388539331199701410e-02
1.302860858305379388e+01 8.387272553622367177e-02
1.303822960858001423e+01 8.385947401580788607e-02
1.304785063410623636e+01 8.388527017695707189e-02
1.305747165963245671e+01 8.393312068993079300e-02
1.306709268515867706e+01 8.396336981375558672e-02
1.307671371068489741e+01 8.396281969425468950e-02
1.308633473621111776e+01 8.394407970886465231e-02
1.309595576173733988e+01 8.392082543262316396e-02
1.310557678726356023e+01 8.390673244056787161e-02
1.311519781278978058e+01 8.391237952102373332e-02
1.312481883831600094e+01 8.393162931043397779e-02
1.313443986384222306e+01 8.395335672572434849e-02
1.314406088936844341e+01 8.397576326572168959e-02
1.315368191489466376e+01 8.400408914140665428e-02
1.316330294042088411e+01 8.403515613118942018e-02
1.317292396594710446e+01 8.405144499369671118e-02
1.318254499147332659e+01 8.404247657533388260e-02
1.319216601699954694e+01 8.402992970166661690e-02
1.320178704252576729e+01 8.403978230655421988e-02
1.321140806805198764e+01 8.406607231651676282e-02
1.322102909357820799e+01 8.408590647616401292e-02
1.323065011910443012e+01 8.409406204387827322e-02
1.324027114463065047e+01 8.410600724349315271e-02
1.324989217015687082e+01 8.413159203525155672e-02
1.325951319568309117e+01 8.416387730072598383e-02
1.326913422120931330e+01 8.419336949025273131e-02
1.327875524673553365e+01 8.421057505416808253e-02
1.328837627226175400e+01 8.420721657934261695e-02
1.329799729778797435e+01 8.419222825471303628e-02
1.330761832331419470e+01 8.418685775162930429e-02
1.331723934884041682e+01 8.418788727569657959e-02
1.332686037436663717e+01 8.415493741971255548e-02
1.333648139989285752e+01 8.407318748380117335e-02
1.334610242541907787e+01 8.401791702591583644e-02
1.335572345094530000e+01 8.406345773961240719e-02
1.336534447647152035e+01 8.415448903396130498e-02
1.337496550199774070e+01 8.418589597915485112e-02
1.338458652752396105e+01 8.414531079738302166e-02
1.339420755305018140e+01 8.409921183666908828e-02
1.340382857857640353e+01 8.408945450973435987e-02
1.341344960410262388e+01 8.411273979832649406e-02
1.342307062962884423e+01 8.415966898258206430e-02
1.343269165515506458e+01 8.421465094806852847e-02
1.344231268068128493e+01 8.426078927034534594e-02
1.345193370620750706e+01 8.428118752497204547e-02
1.346155473173372741e+01 8.426045918666072443e-02
1.347117575725994776e+01 8.420907008093297952e-02
1.348079678278616811e+01 8.415902934029474702e-02
1.349041780831239024e+01 8.413241391815909354e-02
1.350003883383861059e+01 8.413458709608814812e-02
1.350965985936483094e+01 8.416265602098108034e-02
1.351928088489105129e+01 8.419303725186692844e-02
1.352890191041727164e+01 8.420219220284937134e-02
1.353852293594349376e+01 8.419098028759280927e-02
1.354814396146971411e+01 8.416951487768227491e-02
1.355776498699593446e+01 8.414792700947260062e-02
1.356738601252215481e+01 8.413614257422842579e-02
1.357700703804837516e+01 8.413632100899390287e-02
1.358662806357459729e+01 8.414066105207824997e-02
1.359624908910081764e+01 8.414316138238765730e-02
1.360587011462703799e+01 8.414357089874364981e-02
1.361549114015325834e+01 8.414246087949660280e-02
1.362511216567948047e+01 8.414040260299676666e-02
1.363473319120570082e+01 8.413796734759447504e-02
1.364435421673192117e+01 8.413572639164006162e-02
1.365397524225814152e+01 8.413381735946603990e-02
1.366359626778436187e+01 8.412397775556552937e-02
1.367321729331058400e+01 8.409065364442265544e-02
1.368283831883680435e+01 8.403754276167522963e-02
1.369245934436302470e+01 8.399886292204415683e-02
1.370208036988924505e+01 8.399346393252379861e-02
1.371170139541546540e+01 8.399043370080942761e-02
1.372132242094168753e+01 8.396091840627321889e-02
1.373094344646790788e+01 8.392919381881518148e-02
1.374056447199412823e+01 8.393166743445103217e-02
1.375018549752034858e+01 8.396212045811690672e-02
1.375980652304657070e+01 8.399169542837446600e-02
1.376942754857279105e+01 8.400674385908402098e-02
1.377904857409901140e+01 8.400783105451188615e-02
1.378866959962523175e+01 8.399605149535327442e-02
1.379829062515145210e+01 8.397249966230338480e-02
1.380791165067767423e+01 8.393827003605754122e-02
1.381753267620389458e+01 8.389445709731097045e-02
1.382715370173011493e+01 8.384405373116531057e-02
1.383677472725633528e+01 8.379838937637158758e-02
1.384639575278255741e+01 8.377108116295800544e-02
1.385601677830877776e+01 8.377574628371262100e-02
1.386563780383499811e+01 8.382316604099566970e-02
1.387525882936121846e+01 8.388334550973941539e-02
1.388487985488743881e+01 8.389714116388934106e-02
1.389450088041366094e+01 8.384962538133361454e-02
1.390412190593988129e+01 8.377895039768798457e-02
1.391374293146610164e+01 8.371592486729860505e-02
1.392336395699232199e+01 8.367191102313460693e-02
1.393298498251854234e+01 8.365211172349501512e-02
1.394260600804476447e+01 8.364963018695063812e-02
1.395222703357098482e+01 8.365530921520356045e-02
1.396184805909720517e+01 8.365999160995581108e-02
1.397146908462342552e+01 8.365452017290944675e-02
1.398109011014964764e+01 8.362973770576652421e-02
1.399071113567586799e+01 8.357851927628363875e-02
1.400033216120208834e+01 8.352272228187876402e-02
1.400995318672830869e+01 8.350375501107674958e-02
1.401957421225452904e+01 8.350531302507176179e-02
1.402919523778075117e+01 8.344697320505581328e-02
1.403881626330697152e+01 8.331837004446047967e-02
1.404843728883319187e+01 8.323178905656258841e-02
1.405805831435941222e+01 8.325728757625099063e-02
1.406767933988563257e+01 8.332898115577556941e-02
1.407730036541185470e+01 8.337474213557244385e-02
1.408692139093807505e+01 8.337990872922119989e-02
1.409654241646429540e+01 8.334645371600973851e-02
1.410616344199051575e+01 8.329266815548638792e-02
1.411578446751673788e+01 8.324285666759378977e-02
1.412540549304295823e+01 8.322133331538536516e-02
1.413502651856917858e+01 8.324832916686986106e-02
1.414464754409539893e+01 8.328136018762020976e-02
1.415426856962161928e+01 8.323213667261976367e-02
1.416388959514784140e+01 8.310361438930014000e-02
1.417351062067406176e+01 8.300046413178806259e-02
1.418313164620028211e+01 8.297611307725383245e-02
1.419275267172650246e+01 8.299565005733042233e-02
1.420237369725272458e+01 8.302467776379690578e-02
1.421199472277894493e+01 8.304690206666581753e-02
1.422161574830516528e+01 8.304845016993026019e-02
1.423123677383138563e+01 8.301544927758341963e-02
1.424085779935760598e+01 8.294207721366887720e-02
1.425047882488382811e+01 8.285892828324550874e-02
1.426009985041004846e+01 8.280179772522375248e-02
1.426972087593626881e+01 8.277347563407030928e-02
1.427934190146248916e+01 8.276359112274789265e-02
1.428896292698870951e+01 8.276173915753315402e-02
1.429858395251493164e+01 8.275785518851089262e-02
1.430820497804115199e+01 8.274667918115891085e-02
1.431782600356737234e+01 8.272646663184879401e-02
1.432744702909359269e+01 8.269466305040565346e-02
1.433706805461981482e+01 8.264815091041703699e-02
1.434668908014603517e+01 8.259601756088572055e-02
1.435631010567225552e+01 8.256292561679602626e-02
1.436593113119847587e+01 8.255073825691865153e-02
1.437555215672469622e+01 8.252072860839015922e-02
1.438517318225091834e+01 8.244877615796031289e-02
1.439479420777713869e+01 8.235242809839539435e-02
1.440441523330335905e+01 8.225490413735721262e-02
1.441403625882957940e+01 8.217942398013848571e-02
1.442365728435579975e+01 8.214320634638370977e-02
1.443327830988202187e+01 8.213999229107296629e-02
1.444289933540824222e+01 8.215778215041590060e-02
1.445252036093446257e+01 8.218457626062224131e-02
1.446214138646068292e+01 8.220773827534420819e-02
1.447176241198690505e+01 8.221033258294656310e-02
1.448138343751312540e+01 8.217713621648933819e-02
1.449100446303934575e+01 8.212400536449999955e-02
1.450062548856556610e+01 8.208035875903228751e-02
1.451024651409178645e+01 8.204319993887024265e-02
1.451986753961800858e+01 8.198951230211359853e-02
1.452948856514422893e+01 8.191699141682595720e-02
1.453910959067044928e+01 8.184036771408641220e-02
1.454873061619666963e+01 8.177485899486920673e-02
1.455835164172288998e+01 8.173516700949264024e-02
1.456797266724911211e+01 8.171920205003169180e-02
1.457759369277533246e+01 8.170498393613689903e-02
1.458721471830155281e+01 8.167925656041917504e-02
1.459683574382777316e+01 8.164304746184322670e-02
1.460645676935399528e+01 8.159849567450087882e-02
1.461607779488021563e+01 8.154774023248399784e-02
1.462569882040643598e+01 8.149292016988439469e-02
1.463531984593265634e+01 8.143618460261790870e-02
1.464494087145887669e+01 8.138319669065649520e-02
1.465456189698509881e+01 8.134826875616613107e-02
1.466418292251131916e+01 8.133734888922737605e-02
1.467380394803753951e+01 8.132808306875359550e-02
1.468342497356375986e+01 8.130031465524500955e-02
1.469304599908998199e+01 8.125930413745888203e-02
1.470266702461620234e+01 8.121580521282162346e-02
1.471228805014242269e+01 8.118057157875968599e-02
1.472190907566864304e+01 8.116158556892856535e-02
1.473153010119486339e+01 8.115367763419470415e-02
1.474115112672108552e+01 8.114737027669145786e-02
1.475077215224730587e+01 8.113092776836315634e-02
1.476039317777352622e+01 8.109184246416291375e-02
1.477001420329974657e+01 8.101760604728694415e-02
1.477963522882596692e+01 8.090283960545770203e-02
1.478925625435218905e+01 8.079390192314013508e-02
1.479887727987840940e+01 8.075043444111000557e-02
1.480849830540462975e+01 8.075327090650469275e-02
1.481811933093085010e+01 8.074848605153553405e-02
1.482774035645707222e+01 8.072119902799110291e-02
1.483736138198329257e+01 8.067804941389215834e-02
1.484698240750951292e+01 8.062589643563829178e-02
1.485660343303573327e+01 8.057159931962898369e-02
1.486622445856195363e+01 8.052201729226383942e-02
1.487584548408817575e+01 8.048326078849139809e-02
1.488546650961439610e+01 8.045149674002337326e-02
1.489508753514061645e+01 8.041627409574675367e-02
1.490470856066683680e+01 8.037346200851774869e-02
1.491432958619305715e+01 8.032386033037158812e-02
1.492395061171927928e+01 8.026839288320276877e-02
1.493357163724549963e+01 8.020798348890585683e-02
1.494319266277171998e+01 8.014355596937536297e-02
1.495281368829794033e+01 8.007633435275808564e-02
1.496243471382416246e+01 8.001333369004787199e-02
1.497205573935038281e+01 7.996564855543465689e-02
1.498167676487660316e+01 7.992064199172561889e-02
1.499129779040282351e+01 7.984554540355517926e-02
1.500091881592904386e+01 7.976033163472881493e-02
1.501053984145526599e+01 7.973398194447771370e-02
1.502016086698148634e+01 7.975812975772189617e-02
1.502978189250770669e+01 7.974665761856117308e-02
1.503940291803392704e+01 7.966606298840309131e-02
1.504902394356014739e+01 7.954069544762736033e-02
1.505864496908636951e+01 7.939896843244925728e-02
1.506826599461258986e+01 7.927077775176982755e-02
1.507788702013881021e+01 7.918608898819323727e-02
1.508750804566503056e+01 7.917301559104031328e-02
1.509712907119125269e+01 7.921243354236492951e-02
1.510675009671747304e+01 7.923716677659907448e-02
1.511637112224369339e+01 7.922610569592447582e-02
1.512599214776991374e+01 7.920810864483690539e-02
1.513561317329613409e+01 7.918775000090304272e-02
1.514523419882235622e+01 7.914282962968659241e-02
1.515485522434857657e+01 7.907523521950768353e-02
1.516447624987479692e+01 7.901215025265757863e-02
1.517409727540101727e+01 7.896599657924510685e-02
1.518371830092723940e+01 7.893326801501582279e-02
1.519333932645345975e+01 7.890976677024044705e-02
1.520296035197968010e+01 7.889127405972182205e-02
1.521258137750590045e+01 7.887314299590902911e-02
1.522220240303212080e+01 7.885032698342130109e-02
1.523182342855834293e+01 7.881776411870063115e-02
1.524144445408456328e+01 7.877039249818910960e-02
1.525106547961078363e+01 7.870315021832879898e-02
1.526068650513700398e+01 7.861262409878191915e-02
1.527030753066322433e+01 7.852170370069888605e-02
1.527992855618944645e+01 7.847085282161285480e-02
1.528954958171566680e+01 7.844980204943222124e-02
1.529917060724188715e+01 7.841324739775588915e-02
1.530879163276810750e+01 7.836249499563099907e-02
1.531841265829432963e+01 7.832689875413614833e-02
1.532803368382054998e+01 7.827371877077254902e-02
1.533765470934677033e+01 7.813999541540662952e-02
1.534727573487299068e+01 7.797315065586730987e-02
1.535689676039921103e+01 7.787676643789820385e-02
1.536651778592543316e+01 7.786030630754817161e-02
1.537613881145165351e+01 7.788147359109540147e-02
1.538575983697787386e+01 7.789745136888449883e-02
1.539538086250409421e+01 7.787209386744178841e-02
1.540500188803031456e+01 7.781785180558402348e-02
1.541462291355653669e+01 7.776368154263807453e-02
1.542424393908275704e+01 7.770664703036177234e-02
1.543386496460897739e+01 7.763406259841672263e-02
1.544348599013519774e+01 7.754913014726771969e-02
1.545310701566141987e+01 7.746153560417826101e-02
1.546272804118764022e+01 7.738561800927627743e-02
1.547234906671386057e+01 7.733712638964820862e-02
1.548197009224008092e+01 7.733180952307661116e-02
1.549159111776630127e+01 7.736980197195988951e-02
1.550121214329252339e+01 7.739488306393738082e-02
1.551083316881874374e+01 7.735828204214327541e-02
1.552045419434496409e+01 7.727341712417296060e-02
1.553007521987118444e+01 7.716565742795424010e-02
1.553969624539740657e+01 7.706037207141493151e-02
1.554931727092362692e+01 7.698293017248289405e-02
1.555893829644984727e+01 7.695835760763274080e-02
1.556855932197606762e+01 7.697418380551372674e-02
1.557818034750228797e+01 7.694811953014667194e-02
1.558780137302851010e+01 7.685019738530929345e-02
1.559742239855473045e+01 7.674549914262195072e-02
1.560704342408095080e+01 7.667267971982727470e-02
1.561666444960717115e+01 7.662344218916404548e-02
1.562628547513339150e+01 7.658619628160115433e-02
1.563590650065961363e+01 7.654974707928546840e-02
1.564552752618583398e+01 7.651104284586737747e-02
1.565514855171205433e+01 7.647437712064136806e-02
1.566476957723827468e+01 7.643973123744134124e-02
1.567439060276449680e+01 7.640349832154333387e-02
1.568401162829071716e+01 7.636197681795804659e-02
1.569363265381693751e+01 7.631146517169608290e-02
1.570325367934315786e+01 7.624826182776808792e-02
1.571287470486937821e+01 7.617050546652250065e-02
1.572249573039560033e+01 7.608892587406550223e-02
1.573211675592182068e+01 7.601952409261038268e-02
1.574173778144804103e+01 7.597831902002692706e-02
1.575135880697426138e+01 7.596941049130673251e-02
1.576097983250048173e+01 7.594746376478046790e-02
1.577060085802670386e+01 7.587950043577124104e-02
1.578022188355292421e+01 7.581344105497567210e-02
1.578984290907914456e+01 7.578752800720618688e-02
1.579946393460536491e+01 7.577542387917135525e-02
1.580908496013158704e+01 7.575194999764864323e-02
1.581870598565780739e+01 7.571342865630011076e-02
1.582832701118402774e+01 7.565865094936741198e-02
1.583794803671024809e+01 7.558666174091775714e-02
1.584756906223646844e+01 7.550454996982700062e-02
1.585719008776269057e+01 7.542835771425863978e-02
1.586681111328891092e+01 7.536376030086001931e-02
1.587643213881513127e+01 7.530649689213046727e-02
1.588605316434135162e+01 7.525315367393742294e-02
1.589567418986757197e+01 7.520118187393462494e-02
1.590529521539379409e+01 7.514805110196809412e-02
1.591491624092001445e+01 7.509123096788396234e-02
1.592453726644623480e+01 7.502819108152826433e-02
1.593415829197245515e+01 7.495817718066535851e-02
1.594377931749867727e+01 7.488895434206473134e-02
1.595340034302489762e+01 7.482914738440901714e-02
1.596302136855111797e+01 7.478149950232813870e-02
1.597264239407733832e+01 7.474747621205542203e-02
1.598226341960355867e+01 7.472847654051453792e-02
1.599188444512978080e+01 7.471910443380286315e-02
1.600150547065599937e+01 7.470160401617018109e-02
1.601112649618222150e+01 7.466613713102825123e-02
1.602074752170844008e+01 7.461552590518863437e-02
1.603036854723466220e+01 7.455350248791345336e-02
1.603998957276088433e+01 7.448376859115872495e-02
1.604961059828710290e+01 7.440959667541645339e-02
1.605923162381332503e+01 7.433394166083290289e-02
1.606885264933954360e+01 7.425975101081055962e-02
1.607847367486576573e+01 7.418997218875181265e-02
1.608809470039198786e+01 7.412755265805913429e-02
1.609771572591820643e+01 7.407461863656493450e-02
1.610733675144442856e+01 7.402982524527629282e-02
1.611695777697064713e+01 7.399091069618497774e-02
1.612657880249686926e+01 7.395561319590399085e-02
1.613619982802309138e+01 7.392167095104636154e-02
1.614582085354930996e+01 7.388682216822509141e-02
1.615544187907553209e+01 7.384880505405319595e-02
1.616506290460175421e+01 7.380557351209948713e-02
1.617468393012797279e+01 7.376004898758189987e-02
1.618430495565419491e+01 7.371957484407044847e-02
1.619392598118041349e+01 7.368451720071284017e-02
1.620354700670663561e+01 7.365018579426406420e-02
1.621316803223285774e+01 7.361178529925831160e-02
1.622278905775907631e+01 7.356452039022978728e-02
1.623241008328529844e+01 7.350359613459712949e-02
1.624203110881151702e+01 7.342765690980528059e-02
1.625165213433773914e+01 7.334715801268633373e-02
1.626127315986396127e+01 7.327508807861557449e-02
1.627089418539017984e+01 7.322420940027032921e-02
1.628051521091640197e+01 7.319423490346710359e-02
1.629013623644262054e+01 7.316538231632808975e-02
1.629975726196884267e+01 7.312680498735507628e-02
1.630937828749506480e+01 7.307875630689049384e-02
1.631899931302128337e+01 7.302315687455107618e-02
1.632862033854750550e+01 7.296274928169775575e-02
1.633824136407372407e+01 7.290037379814448548e-02
1.634786238959994620e+01 7.283890838277516655e-02
1.635748341512616832e+01 7.278123052890854427e-02
1.636710444065238690e+01 7.272916122013792228e-02
1.637672546617860903e+01 7.268132866099924483e-02
1.638634649170482760e+01 7.263576028751220215e-02
1.639596751723104973e+01 7.259048353569644285e-02
1.640558854275727185e+01 7.254352584157161554e-02
1.641520956828349043e+01 7.249291464115739658e-02
1.642483059380971255e+01 7.243667737047333743e-02
1.643445161933593468e+01 7.237385400766674359e-02
1.644407264486215325e+01 7.231276789014290385e-02
1.645369367038837538e+01 7.226421468538828108e-02
1.646331469591459395e+01 7.222541781447597287e-02
1.647293572144081608e+01 7.219059949903890161e-02
1.648255674696703821e+01 7.215918883881805579e-02
1.649217777249325678e+01 7.213168130983096948e-02
1.650179879801947891e+01 7.210840159190333443e-02
1.651141982354569748e+01 7.208327847666698429e-02
1.652104084907191961e+01 7.204277586587189142e-02
1.653066187459814174e+01 7.198429663634042797e-02
1.654028290012436031e+01 7.191456920762435978e-02
1.654990392565058244e+01 7.184059230420311581e-02
1.655952495117680101e+01 7.176936465055623604e-02
1.656914597670302314e+01 7.170788259004702569e-02
1.657876700222924526e+01 7.166067135259672483e-02
1.658838802775546384e+01 7.162511329286530559e-02
1.659800905328168596e+01 7.159730772205567806e-02
1.660763007880790454e+01 7.157340518850099920e-02
1.661725110433412667e+01 7.155090180345846651e-02
1.662687212986034879e+01 7.152873919839816685e-02
1.663649315538656737e+01 7.150593026556233134e-02
1.664611418091278949e+01 7.148148789719314944e-02
1.665573520643901162e+01 7.145442498553285227e-02
1.666535623196523019e+01 7.142375442282358766e-02
1.667497725749145232e+01 7.138848910130760061e-02
1.668459828301767089e+01 7.134764191322710836e-02
1.669421930854389302e+01 7.130022575082427261e-02
1.670384033407011515e+01 7.124525350634131060e-02
1.671346135959633372e+01 7.118173807202046732e-02
1.672308238512255585e+01 7.110869234010389062e-02
1.673270341064877442e+01 7.102665230170654431e-02
1.674232443617499655e+01 7.094729217692841150e-02
1.675194546170121868e+01 7.088723240715227858e-02
1.676156648722743725e+01 7.086299765969600317e-02
1.677118751275365938e+01 7.086620688688637093e-02
1.678080853827987795e+01 7.083434336925913122e-02
1.679042956380610008e+01 7.074985721590798526e-02
1.680005058933231865e+01 7.066090060264387795e-02
1.680967161485854078e+01 7.058887034388207360e-02
1.681929264038476290e+01 7.053141756513045535e-02
1.682891366591098148e+01 7.048560052543503818e-02
1.683853469143720361e+01 7.044847748384171215e-02
1.684815571696342218e+01 7.041710669939652001e-02
1.685777674248964431e+01 7.038854643114544896e-02
1.686739776801586643e+01 7.035989719532724507e-02
1.687701879354208501e+01 7.032959808526986767e-02
1.688663981906830713e+01 7.029766907954769495e-02
1.689626084459452571e+01 7.026422129647581782e-02
1.690588187012074783e+01 7.022944722208160351e-02
1.691550289564696996e+01 7.019403258464400330e-02
1.692512392117318853e+01 7.015884799112265258e-02
1.693474494669941066e+01 7.012475827926144267e-02
1.694436597222563279e+01 7.009214414566725115e-02
1.695398699775185136e+01 7.006055846528226605e-02
1.696360802327807349e+01 7.002947301853577888e-02
1.697322904880429206e+01 6.999835958585720608e-02
1.698285007433051419e+01 6.996668994767589467e-02
1.699247109985673632e+01 6.993393588442120556e-02
1.700209212538295489e+01 6.989956917652249968e-02
1.701171315090917702e+01 6.986306160440915181e-02
1.702133417643539559e+01 6.982390053671753971e-02
1.703095520196161772e+01 6.978213556501400294e-02
1.704057622748783984e+01 6.973852227056406838e-02
1.705019725301405842e+01 6.969386104433812623e-02
1.705981827854028055e+01 6.964895227730656668e-02
1.706943930406649912e+01 6.960459619041677037e-02
1.707906032959272125e+01 6.956138995317455442e-02
1.708868135511894337e+01 6.951933429733064829e-02
1.709830238064516195e+01 6.947832099952834517e-02
1.710792340617138407e+01 6.943824183641095216e-02
1.711754443169760265e+01 6.939898858462179021e-02
1.712716545722382477e+01 6.936045302080418029e-02
1.713678648275004690e+01 6.932252692160140173e-02
1.714640750827626547e+01 6.928510206365684487e-02
1.715602853380248760e+01 6.924805171356100686e-02
1.716564955932870618e+01 6.920970409945559343e-02
1.717527058485492830e+01 6.916570244373225484e-02
1.718489161038115043e+01 6.911142140224697805e-02
1.719451263590736900e+01 6.904337459472013883e-02
1.720413366143359113e+01 6.896712342714481081e-02
1.721375468695981326e+01 6.889254495356190999e-02
1.722337571248603183e+01 6.882954283164706422e-02
1.723299673801225396e+01 6.878802071907581805e-02
1.724261776353847253e+01 6.877788227352371608e-02
1.725223878906469466e+01 6.880903115266631676e-02
1.726185981459091678e+01 6.888100368565103215e-02
1.727148084011713536e+01 6.890947762574047009e-02
1.728110186564335748e+01 6.881274968845874085e-02
1.729072289116957606e+01 6.866884704689663055e-02
1.730034391669579819e+01 6.855291619724648844e-02
1.730996494222202031e+01 6.846830879233054001e-02
1.731958596774823889e+01 6.841091421998322930e-02
1.732920699327446101e+01 6.837662186803888931e-02
1.733882801880067959e+01 6.836132112433195018e-02
1.734844904432690171e+01 6.836090137669680045e-02
1.735807006985312384e+01 6.837125201296787025e-02
1.736769109537934241e+01 6.838826242097949260e-02
1.737731212090556454e+01 6.840782198856611152e-02
1.738693314643178311e+01 6.842582010356208777e-02
1.739655417195800524e+01 6.843858160801330470e-02
1.740617519748422737e+01 6.844524359127589219e-02
1.741579622301044594e+01 6.844606058041505237e-02
1.742541724853666807e+01 6.844128994314693792e-02
1.743503827406289020e+01 6.843118904718772932e-02
1.744465929958910877e+01 6.841601526025359314e-02
1.745428032511533090e+01 6.839602595006068209e-02
1.746390135064154947e+01 6.837147848432517661e-02
1.747352237616777160e+01 6.834263023076318777e-02
1.748314340169399372e+01 6.830973855709096543e-02
1.749276442722021230e+01 6.827306083102459289e-02
1.750238545274643442e+01 6.823285442028027836e-02
1.751200647827265300e+01 6.818937669257418843e-02
1.752162750379887513e+01 6.814288501562246192e-02
1.753124852932509725e+01 6.809363675714127928e-02
1.754086955485131583e+01 6.804188928484682097e-02
1.755049058037753795e+01 6.798789996645521194e-02
1.756011160590375653e+01 6.793201430227770177e-02
1.756973263142997865e+01 6.787600628125206592e-02
1.757935365695620078e+01 6.782280853514369157e-02
1.758897468248241935e+01 6.777538711646786951e-02
1.759859570800864148e+01 6.773670807773976565e-02
1.760821673353486005e+01 6.770957698762779253e-02
1.761783775906108218e+01 6.769162789045385376e-02
1.762745878458730431e+01 6.767433630212368878e-02
1.763707981011352288e+01 6.764881796679084180e-02
1.764670083563974501e+01 6.760920949861970453e-02
1.765632186116596358e+01 6.756137961875066655e-02
1.766594288669218571e+01 6.751404477159828055e-02
1.767556391221840784e+01 6.747553494620701919e-02
1.768518493774462641e+01 6.744823247943669553e-02
1.769480596327084854e+01 6.742985523824586436e-02
1.770442698879707066e+01 6.741799603139544961e-02
1.771404801432328924e+01 6.741024766764636134e-02
1.772366903984951136e+01 6.740420295575953735e-02
1.773329006537572994e+01 6.739745470449585996e-02
1.774291109090195206e+01 6.738781660410810004e-02
1.775253211642817419e+01 6.737485463941153552e-02
1.776215314195439277e+01 6.735896965412682680e-02
1.777177416748061489e+01 6.734056761443463213e-02
1.778139519300683347e+01 6.732005448651573465e-02
1.779101621853305559e+01 6.729783623655077873e-02
1.780063724405927772e+01 6.727431883072054752e-02
1.781025826958549629e+01 6.724990823520574090e-02
1.781987929511171842e+01 6.722501041618704487e-02
1.782950032063793699e+01 6.720003133984522870e-02
1.783912134616415912e+01 6.717537697236096450e-02
1.784874237169038125e+01 6.715145327991500768e-02
1.785836339721659982e+01 6.712866622868805810e-02
1.786798442274282195e+01 6.710742049433034151e-02
1.787760544826904052e+01 6.708791418211776381e-02
1.788722647379526265e+01 6.706991374373591497e-02
1.789684749932148478e+01 6.705313150274919143e-02
1.790646852484770335e+01 6.703727978272197574e-02
1.791608955037392548e+01 6.702207090721862270e-02
1.792571057590014760e+01 6.700721719980354263e-02
1.793533160142636618e+01 6.699243098404111807e-02
1.794495262695258830e+01 6.697742458349570382e-02
1.795457365247880688e+01 6.696191032173171021e-02
1.796419467800502900e+01 6.694560052231346425e-02
1.797381570353125113e+01 6.692820750880541791e-02
1.798343672905746971e+01 6.690944360477192598e-02
1.799305775458369183e+01 6.688902113377732939e-02
1.800267878010991041e+01 6.686665241938605231e-02
1.801229980563613253e+01 6.684204978516244955e-02
1.802192083116235466e+01 6.681492555467090366e-02
1.803154185668857323e+01 6.678499205147585271e-02
1.804116288221479536e+01 6.675196159914158212e-02
1.805078390774101393e+01 6.671596828432388437e-02
1.806040493326723606e+01 6.668086837890720153e-02
1.807002595879345819e+01 6.665245664217901711e-02
1.807964698431967676e+01 6.663640716705605815e-02
1.808926800984589889e+01 6.663323299254304832e-02
1.809888903537211746e+01 6.663684428576970020e-02
1.810851006089833959e+01 6.664072044401558870e-02
1.811813108642456172e+01 6.663982731434558993e-02
1.812775211195078029e+01 6.663393132114071860e-02
1.813737313747700242e+01 6.662376619384413612e-02
1.814699416300322099e+01 6.661006566189904554e-02
1.815661518852944312e+01 6.659356345474864991e-02
1.816623621405566524e+01 6.657499330183612452e-02
1.817585723958188382e+01 6.655508893260465852e-02
1.818547826510810594e+01 6.653458407649744111e-02
1.819509929063432807e+01 6.651421246295767531e-02
1.820472031616054664e+01 6.649470766490510332e-02
1.821434134168676877e+01 6.647661942165336568e-02
1.822396236721298735e+01 6.645995849141014822e-02
1.823358339273920947e+01 6.644463736526609599e-02
1.824320441826543160e+01 6.643056853431186792e-02
1.825282544379165017e+01 6.641766448963813685e-02
1.826244646931787230e+01 6.640583772233557558e-02
1.827206749484409087e+01 6.639500072349485693e-02
1.828168852037031300e+01 6.638506598420663984e-02
1.829130954589653513e+01 6.637594599556163877e-02
1.830093057142275370e+01 6.636755324865045713e-02
1.831055159694897583e+01 6.635980023456380938e-02
1.832017262247519440e+01 6.635259944439235447e-02
1.832979364800141653e+01 6.634586336922675132e-02
1.833941467352763866e+01 6.633950450015765887e-02
1.834903569905385723e+01 6.633343532827580546e-02
1.835865672458007936e+01 6.632756834467178064e-02
1.836827775010629793e+01 6.632181604043631273e-02
1.837789877563252006e+01 6.631609090666003292e-02
1.838751980115874218e+01 6.631030543443365566e-02
1.839714082668496076e+01 6.630437211484779825e-02
1.840676185221118288e+01 6.629820343899317514e-02
1.841638287773740501e+01 6.629171189796043140e-02
1.842600390326362358e+01 6.628480998284025372e-02
1.843562492878984571e+01 6.627741018472328716e-02
1.844524595431606429e+01 6.626942499470021841e-02
1.845486697984228641e+01 6.626076690386169254e-02
1.846448800536850854e+01 6.625134840329842401e-02
1.847410903089472711e+01 6.624108268163281243e-02
1.848373005642094924e+01 6.623022118684444848e-02
1.849335108194716781e+01 6.621989652921261849e-02
1.850297210747338994e+01 6.621138298320408677e-02
1.851259313299961207e+01 6.620573497100740168e-02
1.852221415852583064e+01 6.620275347663784338e-02
1.853183518405205277e+01 6.620179593965067055e-02
1.854145620957827134e+01 6.620221928510958143e-02
1.855107723510449347e+01 6.620338043807845463e-02
1.856069826063071559e+01 6.620463632362105777e-02
1.857031928615693417e+01 6.620535005566242914e-02
1.857994031168315630e+01 6.620516658739662719e-02
1.858956133720937487e+01 6.620412281948105659e-02
1.859918236273559700e+01 6.620228461663994757e-02
1.860880338826181912e+01 6.619971784359747480e-02
1.861842441378803770e+01 6.619648836507782685e-02
1.862804543931425982e+01 6.619266204580517843e-02
1.863766646484047840e+01 6.618830475050373197e-02
1.864728749036670052e+01 6.618348234389773155e-02
1.865690851589292265e+01 6.617826069071131023e-02
1.866652954141914122e+01 6.617270565566868434e-02
1.867615056694536335e+01 6.616688310349401470e-02
1.868577159247158548e+01 6.616085889891151761e-02
1.869539261799780405e+01 6.615469890664540942e-02
1.870501364352402618e+01 6.614846899141985093e-02
1.871463466905024475e+01 6.614223501795901683e-02
1.872425569457646688e+01 6.613606285098715121e-02
1.873387672010268901e+01 6.613001835522840099e-02
1.874349774562890758e+01 6.612416739540698252e-02
1.875311877115512971e+01 6.611857583624707047e-02
1.876273979668134828e+01 6.611330954247288116e-02
1.877236082220757041e+01 6.610843437880858930e-02
1.878198184773379253e+01 6.610401620997838346e-02
1.879160287326001111e+01 6.610012090070646606e-02
1.880122389878623324e+01 6.609681431571703958e-02
1.881084492431245181e+01 6.609416231973426481e-02
1.882046594983867394e+01 6.609223077748235808e-02
1.883008697536489606e+01 6.609108555368550797e-02
1.883970800089111464e+01 6.609079251306793079e-02
1.884932902641733676e+01 6.609141752035375961e-02
1.885895005194355534e+01 6.609302644026722462e-02
1.886857107746977746e+01 6.609568513753248664e-02
1.887819210299599959e+01 6.609945947687381751e-02
1.888781312852221816e+01 6.610441532301532253e-02
1.889743415404844029e+01 6.611061854068124577e-02
1.890705517957466242e+01 6.611813499459573418e-02
1.891667620510088099e+01 6.612703054948301795e-02
1.892629723062710312e+01 6.613736525492376617e-02
1.893591825615332169e+01 6.614892263142581330e-02
1.894553928167954382e+01 6.616109470649658708e-02
1.895516030720576595e+01 6.617324448446071372e-02
1.896478133273198452e+01 6.618491226853330522e-02
1.897440235825820665e+01 6.619605416442091161e-02
1.898402338378442522e+01 6.620668581285997500e-02
1.899364440931064735e+01 6.621682285458692363e-02
1.900326543483686947e+01 6.622648093033824124e-02
1.901288646036308805e+01 6.623567568085031443e-02
1.902250748588931017e+01 6.624442274685958532e-02
1.903212851141552875e+01 6.625273776910256540e-02
1.904174953694175088e+01 6.626063638831564129e-02
1.905137056246797300e+01 6.626813424523526896e-02
1.906099158799419158e+01 6.627524698059786279e-02
1.907061261352041370e+01 6.628199023513992039e-02
1.908023363904663228e+01 6.628837964959782836e-02
1.908985466457285440e+01 6.629443086470804269e-02
1.909947569009907653e+01 6.630015952120701939e-02
1.910909671562529510e+01 6.630558125983120055e-02
1.911871774115151723e+01 6.631071172131704217e-02
1.912833876667773936e+01 6.631556654640091697e-02
1.913795979220395793e+01 6.632016137581935034e-02
1.914758081773018006e+01 6.632451185030875662e-02
1.915720184325639863e+01 6.632863361060552243e-02
1.916682286878262076e+01 6.633254229744618702e-02
1.917644389430884289e+01 6.633625355156712311e-02
1.918606491983506146e+01 6.633978301370480057e-02
1.919568594536128359e+01 6.634314632459563377e-02
1.920530697088750216e+01 6.634635912497612031e-02
1.921492799641372429e+01 6.634943705558263294e-02
1.922454902193994641e+01 6.635239575715164151e-02
1.923417004746616499e+01 6.635525087041961589e-02
1.924379107299238711e+01 6.635801803612295657e-02
1.925341209851860569e+01 6.636071289499811954e-02
1.926303312404482782e+01 6.636335108778154690e-02
1.927265414957104994e+01 6.636594825520970853e-02
1.928227517509726852e+01 6.636852003801899103e-02
1.929189620062349064e+01 6.637108207694589201e-02
1.930151722614970922e+01 6.637365001272679810e-02
1.931113825167593134e+01 6.637623948609819302e-02
1.932075927720215347e+01 6.637886613779651890e-02
1.933038030272837204e+01 6.638154560855819009e-02
1.934000132825459417e+01 6.638429353911963482e-02
1.934962235378081274e+01 6.638712557021737848e-02
1.935924337930703487e+01 6.639005734258776603e-02
1.936886440483325700e+01 6.639310449696729510e-02
1.937848543035947557e+01 6.639628267409238005e-02
1.938810645588569770e+01 6.639960751469949074e-02
1.939772748141191983e+01 6.640309465952504153e-02
1.940734850693813840e+01 6.640675974930550229e-02
1.941696953246436053e+01 6.641061842477728738e-02
1.942659055799057910e+01 6.641468632667685279e-02
1.943621158351680123e+01 6.641897909574064063e-02
1.944583260904302335e+01 6.642351237270509301e-02
1.945545363456924193e+01 6.642830179830662429e-02
1.946507466009546405e+01 6.643336301328170435e-02
1.947469568562168263e+01 6.643871165836678916e-02
1.948431671114790475e+01 6.644436337429827921e-02
1.949393773667412688e+01 6.645033380181265825e-02
1.950355876220034546e+01 6.645663858164632676e-02
1.951317978772656758e+01 6.646329335453576848e-02
1.952280081325278616e+01 6.647031376121738389e-02
1.953242183877900828e+01 6.647771544242764286e-02
1.954204286430523041e+01 6.648551403890302913e-02
1.955166388983144898e+01 6.649372519137985993e-02
1.956128491535767111e+01 6.650236454059468838e-02
1.957090594088388968e+01 6.651144772728392884e-02
1.958052696641011181e+01 6.652099039218399568e-02
1.959014799193633394e+01 6.653100817603135875e-02
1.959976901746255251e+01 6.654151671956246017e-02
1.960939004298877464e+01 6.655253166351371430e-02
1.961901106851499677e+01 6.656406864862160488e-02
1.962863209404121534e+01 6.657614331562251853e-02
1.963825311956743747e+01 6.658877130525295285e-02
1.964787414509365604e+01 6.660196825824932221e-02
1.965749517061987817e+01 6.661574981534805484e-02
1.966711619614610029e+01 6.663013161728562062e-02
1.967673722167231887e+01 6.664512930479846164e-02
1.968635824719854099e+01 6.666075851862297841e-02
1.969597927272475957e+01 6.667703489949564077e-02
1.970560029825098169e+01 6.669397408815291861e-02
1.971522132377720382e+01 6.671159172533124015e-02
1.972484234930342240e+01 6.672990345176699201e-02
1.973446337482964452e+01 6.674892490819668567e-02
1.974408440035586310e+01 6.676867173535670774e-02
1.975370542588208522e+01 6.678915957398354197e-02
1.976332645140830735e+01 6.681040406481364435e-02
1.977294747693452592e+01 6.683242084858338761e-02
1.978256850246074805e+01 6.685522556602928324e-02
1.979218952798696662e+01 6.687883385788771784e-02
