7.618010371223582489e-01 2.011311419981048065e-01
7.714220626485789323e-01 2.041606615632615696e-01
7.810430881747997267e-01 2.071395725952436262e-01
7.906641137010204101e-01 2.100681099560627874e-01
8.002851392272412046e-01 2.129465012156304959e-01
8.099061647534618880e-01 2.157749666784169185e-01
8.195271902796826824e-01 2.185537194080274526e-01
8.291482158059033658e-01 2.212829652496947630e-01
8.387692413321241602e-01 2.239629028506736896e-01
8.483902668583448436e-01 2.265937236785367792e-01
8.580112923845655271e-01 2.291756120373574790e-01
8.676323179107863215e-01 2.317087450817746086e-01
8.772533434370071159e-01 2.341932928289220117e-01
8.868743689632277993e-01 2.366294181682186415e-01
8.964953944894484827e-01 2.390172768689968752e-01
9.061164200156692772e-01 2.413570175859629241e-01
9.157374455418899606e-01 2.436487818624683555e-01
9.253584710681107550e-01 2.458927041315776552e-01
9.349794965943314384e-01 2.480889117149124579e-01
9.446005221205522329e-01 2.502375248192546531e-01
9.542215476467729163e-01 2.523386565308841645e-01
9.638425731729935997e-01 2.543924128076305857e-01
9.734635986992143941e-01 2.563988924686152471e-01
9.830846242254351885e-01 2.583581871816527653e-01
9.927056497516558720e-01 2.602703814482898448e-01
1.002326675277876555e+00 2.621355525864477731e-01
1.011947700804097350e+00 2.639537707106371922e-01
1.021568726330317922e+00 2.657250987097120598e-01
1.031189751856538717e+00 2.674495922221252209e-01
1.040810777382759511e+00 2.691272996086468972e-01
1.050431802908980305e+00 2.707582619225065712e-01
1.060052828435201100e+00 2.723425128769100256e-01
1.069673853961421672e+00 2.738800788098892935e-01
1.079294879487642467e+00 2.753709786464325626e-01
1.088915905013863261e+00 2.768152238578400204e-01
1.098536930540083834e+00 2.782128184182504071e-01
1.108157956066304628e+00 2.795637587582779360e-01
1.117778981592525422e+00 2.808680337156915230e-01
1.127400007118746217e+00 2.821256244830712134e-01
1.137021032644966789e+00 2.833365045523647541e-01
1.146642058171187584e+00 2.845006396562679840e-01
1.156263083697408378e+00 2.856179877063429462e-01
1.165884109223628951e+00 2.866884987277864005e-01
1.175505134749849745e+00 2.877121147907503729e-01
1.185126160276070539e+00 2.886887699381141537e-01
1.194747185802291334e+00 2.896183901095984448e-01
1.204368211328512128e+00 2.905008930621038044e-01
1.213989236854732701e+00 2.913361882861500440e-01
1.223610262380953495e+00 2.921241769182821857e-01
1.233231287907174067e+00 2.928647516493019798e-01
1.242852313433394862e+00 2.935577966281710527e-01
1.252473338959615656e+00 2.942031873614258664e-01
1.262094364485836451e+00 2.948007906079286866e-01
1.271715390012057245e+00 2.953504642687710402e-01
1.281336415538277818e+00 2.958520572721310971e-01
1.290957441064498612e+00 2.963054094528750348e-01
1.300578466590719184e+00 2.967103514266770103e-01
1.310199492116939979e+00 2.970667044584184291e-01
1.319820517643160773e+00 2.973742803352008024e-01
1.329441543169381568e+00 2.976331445946161502e-01
1.339062568695602362e+00 2.978442994299999036e-01
1.348683594221823157e+00 2.980089481143047281e-01
1.358304619748043729e+00 2.981282826861298418e-01
1.367925645274264523e+00 2.982034847589795645e-01
1.377546670800485096e+00 2.982357263039857043e-01
1.387167696326705890e+00 2.982261704069685271e-01
1.396788721852926685e+00 2.981759720006531555e-01
1.406409747379147479e+00 2.980862785727924624e-01
1.416030772905368273e+00 2.979582308508966770e-01
1.425651798431588846e+00 2.977929634642132450e-01
1.435272823957809640e+00 2.975916055835483021e-01
1.444893849484030213e+00 2.973552815394745474e-01
1.454514875010251007e+00 2.970851114194175135e-01
1.464135900536471802e+00 2.967822116440736457e-01
1.473756926062692596e+00 2.964476955235622047e-01
1.483377951588913390e+00 2.960826737936779196e-01
1.492998977115133963e+00 2.956882551325654140e-01
1.502620002641354757e+00 2.952655466581018406e-01
1.512241028167575330e+00 2.948156544062335849e-01
1.521862053693796124e+00 2.943396837904780905e-01
1.531483079220016918e+00 2.938386633689226146e-01
1.541104104746237713e+00 2.933130879976480476e-01
1.550725130272458507e+00 2.927632243746213225e-01
1.560346155798679302e+00 2.921893366014083893e-01
1.569967181324899874e+00 2.915916871114246356e-01
1.579588206851120669e+00 2.909705367696429068e-01
1.589209232377341241e+00 2.903261449708595676e-01
1.598830257903562035e+00 2.896587697365597402e-01
1.608451283429782830e+00 2.889686678104276818e-01
1.618072308956003624e+00 2.882560947525403261e-01
1.627693334482224419e+00 2.875213050322837915e-01
1.637314360008444991e+00 2.867645521200303249e-01
1.646935385534665786e+00 2.859860885776117634e-01
1.656556411060886358e+00 2.851861661476207677e-01
1.666177436587107152e+00 2.843650358415760748e-01
1.675798462113327947e+00 2.835229480269778612e-01
1.685419487639548741e+00 2.826601525132871884e-01
1.695040513165769536e+00 2.817768986368519024e-01
1.704661538691990108e+00 2.808734353364799041e-01
1.714282564218210902e+00 2.799500054702688256e-01
1.723903589744431475e+00 2.790068359592068892e-01
1.733524615270652269e+00 2.780441512372394119e-01
1.743145640796873064e+00 2.770621760477826045e-01
1.752766666323093858e+00 2.760611355165947800e-01
1.762387691849314653e+00 2.750412552230492302e-01
1.772008717375535225e+00 2.740027612697477633e-01
1.781629742901756019e+00 2.729458803504127284e-01
1.791250768427976814e+00 2.718708398159916939e-01
1.800871793954197386e+00 2.707778677389061639e-01
1.810492819480418181e+00 2.696671929753688968e-01
1.820113845006638975e+00 2.685390452256988247e-01
1.829734870532859770e+00 2.673936550925494204e-01
1.839355896059080342e+00 2.662312541369734609e-01
1.848976921585301136e+00 2.650520749322373137e-01
1.858597947111521931e+00 2.638563511153001473e-01
1.868218972637742725e+00 2.626443183344548959e-01
1.877839998163963298e+00 2.614163503964065938e-01
1.887461023690184092e+00 2.601731061035746362e-01
1.897082049216404886e+00 2.589152827619228825e-01
1.906703074742625459e+00 2.576435815032179777e-01
1.916324100268846253e+00 2.563587074498091534e-01
1.925945125795067048e+00 2.550613698730799794e-01
1.935566151321287842e+00 2.537522823454049226e-01
1.945187176847508415e+00 2.524321628854345745e-01
1.954808202373729209e+00 2.511017340965135403e-01
1.964429227899950003e+00 2.497617232980238189e-01
1.974050253426170798e+00 2.484128626494269410e-01
1.983671278952391370e+00 2.470558892667672757e-01
1.993292304478612165e+00 2.456915453313809894e-01
2.002913330004832737e+00 2.443205781905402052e-01
2.012534355531053532e+00 2.429437404497476749e-01
2.022155381057274326e+00 2.415617900563809817e-01
2.031776406583495120e+00 2.401754903743702207e-01
2.041397432109715915e+00 2.387856102495761745e-01
2.051018457635936265e+00 2.373929240655262562e-01
2.060639483162157504e+00 2.359982117891388509e-01
2.070260508688377854e+00 2.346022590060660717e-01
2.079881534214599093e+00 2.332058569452525876e-01
2.089502559740819443e+00 2.318098024923089806e-01
2.099123585267040237e+00 2.304148981912655658e-01
2.108744610793261032e+00 2.290219522342722691e-01
2.118365636319481382e+00 2.276317784387787146e-01
2.127986661845702621e+00 2.262451962117227322e-01
2.137607687371922971e+00 2.248630305002322360e-01
2.147228712898144209e+00 2.234861117283276633e-01
2.156849738424364560e+00 2.221152725020900387e-01
2.166470763950585354e+00 2.207508342501615095e-01
2.176091789476806149e+00 2.193920389885158084e-01
2.185712815003026943e+00 2.180379878804581395e-01
2.195333840529247738e+00 2.166877763364621901e-01
2.204954866055468088e+00 2.153404941020082286e-01
2.214575891581689326e+00 2.139952253223128542e-01
2.224196917107909677e+00 2.126510485825759689e-01
2.233817942634130471e+00 2.113070369223105371e-01
2.243438968160351266e+00 2.099622578222652969e-01
2.253059993686572060e+00 2.086157731623969058e-01
2.262681019212792854e+00 2.072666391492912208e-01
2.272302044739013205e+00 2.059139062113863605e-01
2.281923070265234443e+00 2.045566188603007707e-01
2.291544095791454794e+00 2.031939268087117889e-01
2.301165121317675588e+00 2.018264144325316867e-01
2.310786146843896383e+00 2.004556742575195616e-01
2.320407172370117177e+00 1.990833298473281276e-01
2.330028197896337971e+00 1.977110156938791941e-01
2.339649223422558322e+00 1.963403773401839192e-01
2.349270248948779560e+00 1.949730714561770106e-01
2.358891274474999911e+00 1.936107658654816766e-01
2.368512300001220705e+00 1.922551395209640135e-01
2.378133325527441500e+00 1.909078824268789498e-01
2.387754351053662294e+00 1.895706955053479137e-01
2.397375376579883088e+00 1.882452904048498021e-01
2.406996402106103439e+00 1.869333892483399651e-01
2.416617427632324677e+00 1.856365182678767489e-01
2.426238453158545028e+00 1.843546304749045794e-01
2.435859478684765822e+00 1.830869436721726251e-01
2.445480504210986616e+00 1.818326643348884553e-01
2.455101529737207411e+00 1.805909916675847438e-01
2.464722555263428205e+00 1.793611176995406897e-01
2.474343580789648556e+00 1.781422273685077662e-01
2.483964606315869794e+00 1.769334985925087311e-01
2.493585631842090145e+00 1.757341023295135307e-01
2.503206657368311383e+00 1.745432026248321111e-01
2.512827682894531733e+00 1.733599566461145047e-01
2.522448708420752528e+00 1.721835147058924931e-01
2.532069733946973322e+00 1.710130163797222713e-01
2.541690759473193673e+00 1.698475287666769140e-01
2.551311784999414911e+00 1.686860605226511156e-01
2.560932810525635261e+00 1.675276173955647097e-01
2.570553836051856500e+00 1.663712042027147009e-01
2.580174861578076850e+00 1.652158248725320022e-01
2.589795887104297645e+00 1.640604822805484253e-01
2.599416912630518439e+00 1.629041778681517283e-01
2.609037938156739234e+00 1.617459110324399318e-01
2.618658963682960028e+00 1.605846782750377788e-01
2.628279989209180378e+00 1.594194720970596446e-01
2.637901014735401617e+00 1.582492796264699797e-01
2.647522040261621967e+00 1.570735181770141486e-01
2.657143065787842762e+00 1.558940392623392734e-01
2.666764091314063556e+00 1.547135471085059333e-01
2.676385116840284351e+00 1.535347591862548100e-01
2.686006142366505145e+00 1.523604071882952715e-01
2.695627167892725495e+00 1.511932382640370776e-01
2.705248193418946734e+00 1.500360156508930287e-01
2.714869218945167084e+00 1.488915186619151065e-01
2.724490244471387879e+00 1.477625419878020596e-01
2.734111269997608673e+00 1.466518942698772365e-01
2.743732295523829467e+00 1.455623958995185263e-01
2.753353321050050262e+00 1.444965639718742978e-01
2.762974346576271056e+00 1.434535790922145393e-01
2.772595372102491407e+00 1.424305844374952057e-01
2.782216397628712201e+00 1.414246782368109578e-01
2.791837423154932996e+00 1.404329446371418988e-01
2.801458448681153790e+00 1.394524558746454146e-01
2.811079474207374584e+00 1.384802740047634262e-01
2.820700499733595379e+00 1.375134521624508388e-01
2.830321525259816173e+00 1.365490353232547138e-01
2.839942550786036524e+00 1.355840605353799411e-01
2.849563576312257318e+00 1.346155565922856345e-01
2.859184601838478113e+00 1.336411015747032416e-01
2.868805627364698907e+00 1.326611711520451209e-01
2.878426652890919701e+00 1.316771840665010851e-01
2.888047678417140496e+00 1.306905638163810002e-01
2.897668703943361290e+00 1.297027386367168855e-01
2.907289729469582085e+00 1.287151419043248424e-01
2.916910754995802435e+00 1.277292124796793049e-01
2.926531780522023229e+00 1.267463949815761659e-01
2.936152806048244024e+00 1.257681399904906627e-01
2.945773831574464818e+00 1.247959041764623023e-01
2.955394857100685613e+00 1.238311503472692698e-01
2.965015882626906407e+00 1.228753474125754419e-01
2.974636908153127202e+00 1.219299702596506468e-01
2.984257933679347552e+00 1.209964995361690471e-01
2.993878959205568346e+00 1.200764213354862386e-01
3.003499984731789141e+00 1.191712267796686403e-01
3.013121010258009935e+00 1.182824114954060674e-01
3.022742035784230730e+00 1.174114749777654815e-01
3.032363061310451524e+00 1.165599198365455808e-01
3.041984086836672319e+00 1.157292509197513225e-01
3.051605112362892669e+00 1.149208957135374465e-01
3.061226137889113463e+00 1.141340494192191052e-01
3.070847163415334258e+00 1.133654039937722069e-01
3.080468188941555052e+00 1.126115100934118179e-01
3.090089214467775847e+00 1.118689103448264333e-01
3.099710239993996641e+00 1.111341405157285217e-01
3.109331265520217435e+00 1.104037300798870330e-01
3.118952291046438230e+00 1.096742021449168686e-01
3.128573316572658580e+00 1.089420727098817099e-01
3.138194342098879375e+00 1.082038492185616180e-01
3.147815367625100169e+00 1.074563984735013439e-01
3.157436393151320964e+00 1.067002735022090087e-01
3.167057418677541758e+00 1.059381522784293012e-01
3.176678444203762552e+00 1.051727430512584688e-01
3.186299469729983347e+00 1.044067610208233576e-01
3.195920495256203697e+00 1.036429297623822077e-01
3.205541520782424492e+00 1.028839819820483170e-01
3.215162546308645286e+00 1.021326595647307489e-01
3.224783571834866081e+00 1.013917128742362617e-01
3.234404597361086875e+00 1.006638878129126335e-01
3.244025622887307669e+00 9.995047163765811982e-02
3.253646648413528464e+00 9.924986546102869400e-02
3.263267673939748814e+00 9.856012698792411542e-02
3.272888699465969609e+00 9.787930917012674370e-02
3.282509724992190403e+00 9.720546152229100900e-02
3.292130750518411197e+00 9.653663104368749581e-02
3.301751776044631992e+00 9.587086272678266297e-02
3.311372801570852786e+00 9.520619963421408927e-02
3.320993827097073581e+00 9.454068255937819742e-02
3.330614852623293931e+00 9.387298124524227905e-02
3.340235878149514726e+00 9.320401159331336005e-02
3.349856903675735520e+00 9.253519019557099323e-02
3.359477929201956314e+00 9.186793571859455665e-02
3.369098954728177109e+00 9.120366941947856410e-02
3.378719980254397903e+00 9.054381545503342732e-02
3.388341005780618698e+00 8.988980097418168558e-02
3.397962031306839492e+00 8.924305598275368567e-02
3.407583056833059842e+00 8.860501284715363579e-02
3.417204082359280637e+00 8.797671722388801518e-02
3.426825107885501431e+00 8.735796444505702918e-02
3.436446133411722226e+00 8.674829635454103793e-02
3.446067158937943020e+00 8.614725195724383389e-02
3.455688184464163815e+00 8.555436742217356616e-02
3.465309209990384609e+00 8.496917608265297517e-02
3.474930235516604959e+00 8.439120843368067004e-02
3.484551261042825754e+00 8.381999212646334962e-02
3.494172286569046548e+00 8.325505092329911483e-02
3.503793312095267343e+00 8.269584169740791524e-02
3.513414337621488137e+00 8.214172073354164549e-02
3.523035363147708932e+00 8.159203859780934931e-02
3.532656388673929726e+00 8.104614968956463938e-02
3.542277414200150076e+00 8.050341262135395082e-02
3.551898439726370871e+00 7.996319036603469210e-02
3.561519465252591665e+00 7.942485016309462631e-02
3.571140490778812460e+00 7.888776317617378353e-02
3.580761516305033254e+00 7.835138177682493543e-02
3.590382541831254049e+00 7.781575575623657370e-02
3.600003567357474843e+00 7.728120931075654898e-02
3.609624592883695637e+00 7.674806707777746817e-02
3.619245618409915988e+00 7.621665274774951093e-02
3.628866643936136782e+00 7.568728915413854008e-02
3.638487669462357577e+00 7.516029836080267978e-02
3.648108694988578371e+00 7.463600174687148869e-02
3.657729720514799165e+00 7.411472008920474974e-02
3.667350746041019960e+00 7.359677364249324338e-02
3.676971771567240754e+00 7.308248221705450354e-02
3.686592797093461105e+00 7.257216525436434307e-02
3.696213822619681899e+00 7.206614190035258438e-02
3.705834848145902694e+00 7.156473107647939869e-02
3.715455873672123488e+00 7.106825154859484905e-02
3.725076899198344282e+00 7.057702199357147876e-02
3.734697924724565077e+00 7.009135785133935315e-02
3.744318950250785871e+00 6.961126748972151779e-02
3.753939975777006222e+00 6.913620196470132706e-02
3.763561001303227016e+00 6.866555289658629602e-02
3.773182026829447810e+00 6.819871142084574234e-02
3.782803052355668605e+00 6.773506791689509754e-02
3.792424077881889399e+00 6.727401122015162771e-02
3.802045103408110194e+00 6.681492728940398307e-02
3.811666128934330988e+00 6.635720018307715573e-02
3.821287154460551783e+00 6.590047988990613281e-02
3.830908179986772133e+00 6.544490519177278975e-02
3.840529205512992927e+00 6.499066696104188745e-02
3.850150231039213722e+00 6.453795859097023746e-02
3.859771256565434516e+00 6.408697771360122308e-02
3.869392282091655311e+00 6.363792746956102586e-02
3.879013307617876105e+00 6.319101730767126557e-02
3.888634333144096900e+00 6.274646892521362762e-02
3.898255358670317250e+00 6.230468854674646451e-02
3.907876384196538044e+00 6.186629552786474667e-02
3.917497409722758839e+00 6.143192123391415932e-02
3.927118435248979633e+00 6.100219685720909696e-02
3.936739460775200428e+00 6.057775347429824458e-02
3.946360486301421222e+00 6.015922206837824582e-02
3.955981511827642016e+00 5.974723351522137627e-02
3.965602537353862367e+00 5.934233038961587298e-02
3.975223562880083161e+00 5.894427403028303092e-02
3.984844588406303956e+00 5.855241720932487931e-02
3.994465613932524750e+00 5.816610857658982559e-02
4.004086639458745545e+00 5.778469626916086371e-02
4.013707664984966783e+00 5.740752794760346084e-02
4.023328690511187133e+00 5.703395080988366700e-02
4.032949716037407484e+00 5.666331158196438039e-02
4.042570741563627834e+00 5.629495648405440783e-02
4.052191767089849073e+00 5.592823117145430400e-02
4.061812792616070311e+00 5.556248064891785438e-02
4.071433818142290662e+00 5.519704915742774248e-02
4.081054843668511012e+00 5.483128003227231290e-02
4.090675869194732250e+00 5.446451553130460255e-02
4.100296894720953489e+00 5.409609663226879611e-02
4.109917920247173839e+00 5.372555653333007525e-02
4.119538945773394190e+00 5.335396240657434841e-02
4.129159971299614540e+00 5.298311317852324315e-02
4.138780996825835778e+00 5.261481448474338019e-02
4.148402022352057017e+00 5.225087453158466788e-02
4.158023047878277367e+00 5.189310419978780675e-02
4.167644073404497718e+00 5.154331692005920118e-02
4.177265098930718068e+00 5.120326903487436992e-02
4.186886124456939307e+00 5.087328188837100112e-02
4.196507149983160545e+00 5.055219750456209360e-02
4.206128175509380895e+00 5.023878778026929365e-02
4.215749201035601246e+00 4.993182228944611362e-02
4.225370226561822484e+00 4.963006848878222244e-02
4.234991252088043723e+00 4.933229190058915914e-02
4.244612277614264073e+00 4.903725627255962893e-02
4.254233303140484423e+00 4.874372371390146147e-02
4.263854328666704774e+00 4.845045480725229670e-02
4.273475354192926012e+00 4.815620869568805473e-02
4.283096379719147251e+00 4.785974314404594504e-02
4.292717405245367601e+00 4.755981457369513887e-02
4.302338430771587952e+00 4.725517806980661373e-02
4.311959456297809190e+00 4.694459852389582660e-02
4.321580481824029540e+00 4.662799991600043159e-02
4.331201507350250779e+00 4.630746480095511430e-02
4.340822532876471129e+00 4.598531368200160091e-02
4.350443558402691480e+00 4.566387015862270748e-02
4.360064583928912718e+00 4.534546089420583154e-02
4.369685609455133957e+00 4.503241550385142511e-02
4.379306634981354307e+00 4.472704522221383761e-02
4.388927660507574657e+00 4.443027573077686782e-02
4.398548686033795008e+00 4.414081207369862508e-02
4.408169711560016246e+00 4.385716248814629237e-02
4.417790737086237485e+00 4.357783807005936871e-02
4.427411762612457835e+00 4.330135193098624130e-02
4.437032788138678185e+00 4.302621774340224109e-02
4.446653813664899424e+00 4.275099477910124235e-02
4.456274839191120662e+00 4.247542728106252358e-02
4.465895864717341013e+00 4.220050552485095363e-02
4.475516890243561363e+00 4.192727780833059581e-02
4.485137915769781713e+00 4.165679306451319092e-02
4.494758941296002952e+00 4.139010039301327382e-02
4.504379966822224191e+00 4.112824593200439111e-02
4.514000992348444541e+00 4.087211469489255428e-02
4.523622017874664891e+00 4.062121057832641935e-02
4.533243043400885242e+00 4.037431494706435892e-02
4.542864068927106480e+00 4.013021494565556513e-02
4.552485094453327719e+00 3.988771430326620154e-02
4.562106119979548069e+00 3.964563332315872157e-02
4.571727145505768419e+00 3.940280480407702679e-02
4.581348171031989658e+00 3.915851192320205648e-02
4.590969196558210896e+00 3.891337590279163317e-02
4.600590222084431247e+00 3.866826056767278669e-02
4.610211247610651597e+00 3.842402698536877964e-02
4.619832273136871947e+00 3.818153800032084155e-02
4.629453298663093186e+00 3.794165900152077220e-02
4.639074324189314424e+00 3.770521494423204056e-02
4.648695349715534775e+00 3.747226778214279158e-02
4.658316375241755125e+00 3.724219691824277867e-02
4.667937400767975475e+00 3.701435929772337041e-02
4.677558426294196714e+00 3.678811732688488934e-02
4.687179451820417952e+00 3.656284097328327265e-02
4.696800477346638303e+00 3.633790806427660003e-02
4.706421502872858653e+00 3.611292361931264100e-02
4.716042528399079892e+00 3.588819695318830327e-02
4.725663553925301130e+00 3.566417379467139853e-02
4.735284579451521481e+00 3.544129743567044771e-02
4.744905604977741831e+00 3.522000972225364929e-02
4.754526630503962181e+00 3.500075182018407699e-02
4.764147656030184308e+00 3.478396474561058077e-02
4.773768681556404658e+00 3.457008965080339558e-02
4.783389707082625009e+00 3.435956785422790427e-02
4.793010732608845359e+00 3.415284060383287634e-02
4.802631758135065709e+00 3.395034856220952024e-02
4.812252783661287836e+00 3.375253100228401554e-02
4.821873809187508186e+00 3.355980860474647859e-02
4.831494834713728537e+00 3.337196069264378173e-02
4.841115860239948887e+00 3.318793024805055669e-02
4.850736885766169237e+00 3.300660692737905633e-02
4.860357911292391364e+00 3.282688509155936435e-02
4.869978936818611714e+00 3.264766414131179545e-02
4.879599962344832065e+00 3.246784957893643353e-02
4.889220987871052415e+00 3.228688067833759140e-02
4.898842013397274542e+00 3.210546514534537432e-02
4.908463038923494892e+00 3.192449300965981979e-02
4.918084064449715243e+00 3.174485203806628325e-02
4.927705089975935593e+00 3.156742802308105944e-02
4.937326115502155943e+00 3.139310381001896022e-02
4.946947141028378070e+00 3.122234017437844691e-02
4.956568166554598420e+00 3.105406998771225585e-02
4.966189192080818771e+00 3.088688364979706724e-02
4.975810217607039121e+00 3.071938043579312480e-02
4.985431243133259471e+00 3.055016736102972308e-02
4.995052268659481598e+00 3.037785495800459160e-02
5.004673294185701948e+00 3.020157479600056594e-02
5.014294319711922299e+00 3.002283967346552548e-02
5.023915345238142649e+00 2.984384033587909879e-02
5.033536370764364776e+00 2.966677372048691363e-02
5.043157396290585126e+00 2.949384611651387905e-02
5.052778421816805476e+00 2.932727091842417949e-02
5.062399447343025827e+00 2.916865329849612984e-02
5.072020472869246177e+00 2.901679971676181247e-02
5.081641498395468304e+00 2.886971231005466126e-02
5.091262523921688654e+00 2.872539757488210693e-02
5.100883549447909004e+00 2.858187061005876620e-02
5.110504574974129355e+00 2.843715473163432178e-02
5.120125600500351482e+00 2.828987821642628755e-02
5.129746626026571832e+00 2.814093874298837297e-02
5.139367651552792182e+00 2.799176661886029066e-02
5.148988677079012533e+00 2.784379262294108676e-02
5.158609702605232883e+00 2.769845045190141852e-02
5.168230728131455010e+00 2.755717500067689230e-02
5.177851753657675360e+00 2.742083304219739351e-02
5.187472779183895710e+00 2.728882790091303676e-02
5.197093804710116061e+00 2.716032922386098919e-02
5.206714830236336411e+00 2.703450706862896291e-02
5.216335855762558538e+00 2.691053376244104123e-02
5.225956881288778888e+00 2.678758505276319229e-02
5.235577906814999238e+00 2.666484052704979485e-02
5.245198932341219589e+00 2.654148328112877070e-02
5.254819957867441715e+00 2.641669881551207688e-02
5.264440983393662066e+00 2.628967313643489762e-02
5.274062008919882416e+00 2.615959003346375600e-02
5.283683034446102766e+00 2.602572734271102126e-02
5.293304059972323117e+00 2.588885329605523922e-02
5.302925085498545243e+00 2.575089167024888562e-02
5.312546111024765594e+00 2.561380442566358120e-02
5.322167136550985944e+00 2.547956491766120019e-02
5.331788162077206294e+00 2.535015654217851952e-02
5.341409187603426645e+00 2.522710232590120311e-02
5.351030213129648772e+00 2.510951564398057959e-02
5.360651238655869122e+00 2.499572788481869631e-02
5.370272264182089472e+00 2.488406974500925392e-02
5.379893289708309823e+00 2.477287482096460908e-02
5.389514315234531949e+00 2.466049129008321059e-02
5.399135340760752300e+00 2.454631587529386080e-02
5.408756366286972650e+00 2.443158494868067840e-02
5.418377391813193000e+00 2.431772196061013011e-02
5.427998417339413351e+00 2.420615378759952488e-02
5.437619442865635477e+00 2.409831173664372245e-02
5.447240468391855828e+00 2.399544490164099569e-02
5.456861493918076178e+00 2.389698967750068098e-02
5.466482519444296528e+00 2.380135566205350203e-02
5.476103544970518655e+00 2.370693966236711234e-02
5.485724570496739005e+00 2.361213826141729186e-02
5.495345596022959356e+00 2.351535105580985704e-02
5.504966621549179706e+00 2.341575208087302504e-02
5.514587647075400056e+00 2.331425073034372117e-02
5.524208672601622183e+00 2.321199270374345314e-02
5.533829698127842533e+00 2.311012567416052474e-02
5.543450723654062884e+00 2.300980010043182991e-02
5.553071749180283234e+00 2.291207230245201343e-02
5.562692774706503585e+00 2.281711119407303298e-02
5.572313800232725711e+00 2.272460834906674110e-02
5.581934825758946062e+00 2.263425016231740763e-02
5.591555851285166412e+00 2.254572248379260388e-02
5.601176876811386762e+00 2.245871227543548912e-02
5.610797902337608889e+00 2.237300917726946226e-02
5.620418927863829239e+00 2.228856709553254586e-02
5.630039953390049590e+00 2.220535441398744855e-02
5.639660978916269940e+00 2.212333928869348459e-02
5.649282004442490290e+00 2.204248965392199833e-02
5.658903029968712417e+00 2.196277320327134214e-02
5.668524055494932767e+00 2.188415734540240937e-02
5.678145081021153118e+00 2.180660913387508573e-02
5.687766106547373468e+00 2.173009517067987784e-02
5.697387132073593818e+00 2.165458148322690207e-02
5.707008157599815945e+00 2.158001111478206197e-02
5.716629183126036295e+00 2.150604621011221324e-02
5.726250208652256646e+00 2.143215724208471368e-02
5.735871234178476996e+00 2.135781108546548970e-02
5.745492259704699123e+00 2.128247485840969663e-02
5.755113285230919473e+00 2.120563076288682625e-02
5.764734310757139824e+00 2.112741686553990320e-02
5.774355336283360174e+00 2.104887488361154718e-02
5.783976361809580524e+00 2.097111421228732564e-02
5.793597387335802651e+00 2.089524620550450157e-02
5.803218412862023001e+00 2.082238295046588347e-02
5.812839438388243352e+00 2.075321119150743895e-02
5.822460463914463702e+00 2.068734184715924698e-02
5.832081489440684052e+00 2.062421782055109953e-02
5.841702514966906179e+00 2.056328096541705161e-02
5.851323540493126529e+00 2.050397224420376710e-02
5.860944566019346880e+00 2.044579859964793314e-02
5.870565591545567230e+00 2.038854933518079171e-02
5.880186617071789357e+00 2.033208820670854775e-02
5.889807642598009707e+00 2.027627843634540947e-02
5.899428668124230057e+00 2.022098266188736976e-02
5.909049693650450408e+00 2.016606284579497074e-02
5.918670719176670758e+00 2.011138014253691791e-02
5.928291744702892885e+00 2.005679472375394498e-02
5.937912770229113235e+00 2.000216556085893105e-02
5.947533795755333585e+00 1.994735016491616664e-02
5.957154821281553936e+00 1.989225090263780846e-02
5.966775846807776063e+00 1.983716409055557087e-02
5.976396872333996413e+00 1.978258661898897597e-02
5.986017897860216763e+00 1.972901966384518757e-02
5.995638923386437114e+00 1.967696754555704405e-02
6.005259948912657464e+00 1.962689189402657547e-02
6.014880974438879591e+00 1.957879768964921122e-02
6.024501999965099941e+00 1.953242658730729164e-02
6.034123025491320291e+00 1.948751723316440032e-02
6.043744051017540642e+00 1.944380839973932143e-02
6.053365076543760992e+00 1.940103896775929176e-02
6.062986102069983119e+00 1.935894790441423582e-02
6.072607127596203469e+00 1.931727423792181306e-02
6.082228153122423819e+00 1.927575702832592594e-02
6.091849178648644170e+00 1.923413533446719989e-02
6.101470204174866296e+00 1.919218283609134060e-02
6.111091229701086647e+00 1.914999147995049417e-02
6.120712255227306997e+00 1.910782275578862266e-02
6.130333280753527347e+00 1.906593708385747460e-02
6.139954306279747698e+00 1.902459179975589040e-02
6.149575331805969824e+00 1.898406324328885328e-02
6.159196357332190175e+00 1.894479134360830055e-02
6.168817382858410525e+00 1.890729051499876953e-02
6.178438408384630876e+00 1.887207746899004224e-02
6.188059433910851226e+00 1.883967140721426806e-02
6.197680459437073353e+00 1.881031837475489327e-02
6.207301484963293703e+00 1.878282842102905331e-02
6.216922510489514053e+00 1.875554849007674343e-02
6.226543536015734404e+00 1.872682992594397466e-02
6.236164561541956530e+00 1.869502822211951965e-02
6.245785587068176881e+00 1.865923562009370873e-02
6.255406612594397231e+00 1.862101740789734450e-02
6.265027638120617581e+00 1.858245286515217837e-02
6.274648663646837932e+00 1.854561370244293614e-02
6.284269689173060058e+00 1.851255480651471316e-02
6.293890714699280409e+00 1.848424345078172534e-02
6.303511740225500759e+00 1.845948932860781364e-02
6.313132765751721109e+00 1.843686270631964344e-02
6.322753791277941460e+00 1.841495377271110817e-02
6.332374816804163586e+00 1.839239754649293554e-02
6.341995842330383937e+00 1.836868414881909217e-02
6.351616867856604287e+00 1.834425008202973661e-02
6.361237893382824637e+00 1.831957236692582924e-02
6.370858918909046764e+00 1.829512135477838128e-02
6.380479944435267114e+00 1.827132617882998994e-02
6.390100969961487465e+00 1.824828398489851400e-02
6.399721995487707815e+00 1.822590317315547076e-02
6.409343021013928166e+00 1.820409375360256335e-02
6.418964046540150292e+00 1.818277362536363864e-02
6.428585072066370643e+00 1.816187129215798141e-02
6.438206097592590993e+00 1.814132731184385158e-02
6.447827123118811343e+00 1.812109448261192690e-02
6.457448148645033470e+00 1.810113676977214564e-02
6.467069174171253820e+00 1.808143052504394138e-02
6.476690199697474171e+00 1.806221247965153834e-02
6.486311225223694521e+00 1.804413574560937567e-02
6.495932250749914871e+00 1.802788065879629142e-02
6.505553276276136998e+00 1.801411633568949372e-02
6.515174301802357348e+00 1.800341878012846550e-02
6.524795327328577699e+00 1.799539538377617834e-02
6.534416352854798049e+00 1.798902983803434344e-02
6.544037378381018399e+00 1.798331106437391080e-02
6.553658403907240526e+00 1.797724551046404537e-02
6.563279429433460876e+00 1.797001490158250253e-02
6.572900454959681227e+00 1.796137161645682337e-02
6.582521480485901577e+00 1.795118569066125533e-02
6.592142506012123704e+00 1.793932016645531993e-02
6.601763531538344054e+00 1.792565420210731966e-02
6.611384557064564405e+00 1.791068844843381538e-02
6.621005582590784755e+00 1.789562434719655509e-02
6.630626608117005105e+00 1.788169324257801035e-02
6.640247633643227232e+00 1.787011564583556797e-02
6.649868659169447582e+00 1.786188589364165122e-02
6.659489684695667933e+00 1.785684155326194150e-02
6.669110710221888283e+00 1.785445506224364598e-02
6.678731735748108633e+00 1.785423256431555722e-02
6.688352761274330760e+00 1.785570727200191943e-02
6.697973786800551110e+00 1.785824685440728574e-02
6.707594812326771461e+00 1.786094991913898464e-02
6.717215837852991811e+00 1.786287609454333819e-02
6.726836863379213938e+00 1.786307042618600488e-02
6.736457888905434288e+00 1.786074898138357431e-02
6.746078914431654638e+00 1.785620250360795899e-02
6.755699939957874989e+00 1.785011699044718181e-02
6.765320965484095339e+00 1.784318405898268831e-02
6.774941991010317466e+00 1.783610188759968823e-02
6.784563016536537816e+00 1.782957611545650176e-02
6.794184042062758166e+00 1.782432014834940334e-02
6.803805067588978517e+00 1.782105487972083027e-02
6.813426093115200644e+00 1.782050783751354048e-02
6.823047118641420994e+00 1.782320283635683081e-02
6.832668144167641344e+00 1.782873399051249780e-02
6.842289169693861695e+00 1.783642664273371939e-02
6.851910195220082045e+00 1.784559405703325594e-02
6.861531220746304172e+00 1.785553785737226118e-02
6.871152246272524522e+00 1.786558898658658148e-02
6.880773271798744872e+00 1.787512481437380021e-02
6.890394297324965223e+00 1.788354628004203833e-02
6.900015322851185573e+00 1.789027803267899397e-02
6.909636348377407700e+00 1.789527202984109513e-02
6.919257373903628050e+00 1.789972794110144400e-02
6.928878399429848400e+00 1.790501811837701476e-02
6.938499424956068751e+00 1.791250178376925170e-02
6.948120450482290877e+00 1.792320072005219173e-02
6.957741476008511228e+00 1.793579694894163398e-02
6.967362501534731578e+00 1.794795919160169922e-02
6.976983527060951928e+00 1.795736483582311555e-02
6.986604552587172279e+00 1.796180216795386850e-02
6.996225578113394405e+00 1.796158939382532654e-02
7.005846603639614756e+00 1.795972680800980020e-02
7.015467629165835106e+00 1.795933703290812991e-02
7.025088654692055457e+00 1.796353068459035154e-02
7.034709680218275807e+00 1.797402927975747314e-02
7.044330705744497934e+00 1.798918686120919846e-02
7.053951731270718284e+00 1.800685964336780354e-02
7.063572756796938634e+00 1.802491006770928425e-02
7.073193782323158985e+00 1.804151271940290444e-02
7.082814807849381111e+00 1.805656648167993858e-02
7.092435833375601462e+00 1.807057053451980103e-02
7.102056858901821812e+00 1.808402309180643860e-02
7.111677884428042162e+00 1.809742089098520523e-02
7.121298909954262513e+00 1.811125927783285502e-02
7.130919935480484639e+00 1.812603225667233989e-02
7.140540961006704990e+00 1.814223250651553904e-02
7.150161986532925340e+00 1.816033368672790096e-02
7.159783012059145690e+00 1.818011254520343623e-02
7.169404037585366041e+00 1.820043701655060103e-02
7.179025063111588167e+00 1.822011438510240389e-02
7.188646088637808518e+00 1.823795573846438353e-02
7.198267114164028868e+00 1.825354846913810822e-02
7.207888139690249218e+00 1.826826189329432484e-02
7.217509165216471345e+00 1.828371245691332372e-02
7.227130190742691696e+00 1.830151399491656075e-02
7.236751216268912046e+00 1.832279291707788332e-02
7.246372241795132396e+00 1.834676502644876084e-02
7.255993267321352747e+00 1.837218304904484831e-02
7.265614292847574873e+00 1.839780874455821877e-02
7.275235318373795224e+00 1.842254147387093269e-02
7.284856343900015574e+00 1.844612047733588944e-02
7.294477369426235924e+00 1.846861301536770888e-02
7.304098394952458051e+00 1.849008262964047314e-02
7.313719420478678401e+00 1.851058910341175576e-02
7.323340446004898752e+00 1.853018893076223070e-02
7.332961471531119102e+00 1.854893546165374899e-02
7.342582497057339452e+00 1.856687873011443612e-02
7.352203522583561579e+00 1.858410151950131567e-02
7.361824548109781929e+00 1.860125833063568795e-02
7.371445573636002280e+00 1.861946378224971568e-02
7.381066599162222630e+00 1.863985115405595097e-02
7.390687624688442980e+00 1.866351612100694210e-02
7.400308650214665107e+00 1.869051979190419766e-02
7.409929675740885457e+00 1.871986467219570807e-02
7.419550701267105808e+00 1.875050261203596233e-02
7.429171726793326158e+00 1.878138246621560703e-02
7.438792752319548285e+00 1.881145011433137115e-02
7.448413777845768635e+00 1.883964823072139388e-02
7.458034803371988986e+00 1.886491580691039907e-02
7.467655828898209336e+00 1.888621948329643682e-02
7.477276854424429686e+00 1.890402805340789943e-02
7.486897879950651813e+00 1.892093990434796230e-02
7.496518905476872163e+00 1.893973029465960065e-02
7.506139931003092514e+00 1.896315491806643133e-02
7.515760956529312864e+00 1.899197171484359736e-02
7.525381982055533214e+00 1.902387020967852629e-02
7.535003007581755341e+00 1.905627092997481953e-02
7.544624033107975691e+00 1.908661204899847821e-02
7.554245058634196042e+00 1.911393178417534686e-02
7.563866084160416392e+00 1.913978421996559431e-02
7.573487109686638519e+00 1.916594770652003607e-02
7.583108135212858869e+00 1.919418977461057746e-02
7.592729160739079219e+00 1.922531376716842336e-02
7.602350186265299570e+00 1.925864887152452590e-02
7.611971211791519920e+00 1.929339793623142257e-02
7.621592237317742047e+00 1.932876342416682894e-02
7.631213262843962397e+00 1.936405836517305842e-02
7.640834288370182747e+00 1.939875470120885556e-02
7.650455313896403098e+00 1.943233888286344593e-02
7.660076339422623448e+00 1.946431865986953530e-02
7.669697364948845575e+00 1.949483635235168405e-02
7.679318390475065925e+00 1.952480924488879041e-02
7.688939416001286276e+00 1.955520162397497014e-02
7.698560441527506626e+00 1.958695180386320345e-02
7.708181467053728753e+00 1.962038727758989159e-02
7.717802492579949103e+00 1.965521204018763970e-02
7.727423518106169453e+00 1.969110030229695441e-02
7.737044543632389804e+00 1.972772448031515774e-02
7.746665569158610154e+00 1.976475507305335347e-02
7.756286594684832281e+00 1.980186040552028501e-02
7.765907620211052631e+00 1.983870624897251383e-02
7.775528645737272981e+00 1.987503979720191619e-02
7.785149671263493332e+00 1.991150924951810494e-02
7.794770696789715458e+00 1.994931845926889782e-02
7.804391722315935809e+00 1.998969180366974921e-02
7.814012747842156159e+00 2.003336187781623590e-02
7.823633773368376509e+00 2.007756262756366095e-02
7.833254798894596860e+00 2.011802888530328168e-02
7.842875824420818986e+00 2.015048469970572714e-02
7.852496849947039337e+00 2.017251081894136724e-02
7.862117875473259687e+00 2.018999267853436100e-02
7.871738900999480038e+00 2.021112841667545984e-02
7.881359926525700388e+00 2.024410190799653605e-02
7.890980952051922515e+00 2.029293924640040644e-02
7.900601977578142865e+00 2.035028136020479439e-02
7.910223003104363215e+00 2.040686097383699951e-02
7.919844028630583566e+00 2.045351838185458307e-02
7.929465054156805692e+00 2.048677348772894036e-02
7.939086079683026043e+00 2.051252169768395112e-02
7.948707105209246393e+00 2.053752774869484557e-02
7.958328130735466743e+00 2.056834821169703162e-02
7.967949156261687094e+00 2.060707132012224579e-02
7.977570181787909220e+00 2.065141380485244899e-02
7.987191207314129571e+00 2.069891738984688465e-02
7.996812232840349921e+00 2.074726873775803102e-02
8.006433258366570271e+00 2.079542678961651334e-02
8.016054283892790622e+00 2.084304875643881727e-02
8.025675309419012748e+00 2.088979772037835234e-02
8.035296334945233099e+00 2.093533554643070907e-02
8.044917360471453449e+00 2.097932309985782104e-02
8.054538385997673799e+00 2.102142041811720652e-02
8.064159411523895926e+00 2.106128683832410309e-02
8.073780437050116277e+00 2.109858108117371872e-02
8.083401462576336627e+00 2.113296129214796773e-02
8.093022488102556977e+00 2.116408504072594607e-02
8.102643513628777328e+00 2.119171160012276942e-02
8.112264539154999454e+00 2.121824062361905502e-02
8.121885564681219805e+00 2.124888331795821844e-02
8.131506590207440155e+00 2.128898793832496861e-02
8.141127615733660505e+00 2.134283391358040780e-02
8.150748641259882632e+00 2.140569732909218537e-02
8.160369666786102982e+00 2.146834206777323631e-02
8.169990692312323333e+00 2.152149682788749921e-02
8.179611717838543683e+00 2.155920200974068349e-02
8.189232743364764033e+00 2.158658619537812129e-02
8.198853768890986160e+00 2.161110462781567695e-02
8.208474794417206510e+00 2.164014780996636328e-02
8.218095819943426861e+00 2.167762290839109554e-02
8.227716845469647211e+00 2.172260523774011826e-02
8.237337870995867561e+00 2.177381048970169694e-02
8.246958896522089688e+00 2.182983338584699312e-02
8.256579922048310038e+00 2.188808630593851515e-02
8.266200947574530389e+00 2.194530317451716048e-02
8.275821973100750739e+00 2.199821544530146736e-02
8.285442998626972866e+00 2.204462130577570372e-02
8.295064024153193216e+00 2.208591093903796571e-02
8.304685049679413567e+00 2.212423172978904284e-02
8.314306075205633917e+00 2.216172940386067561e-02
8.323927100731854267e+00 2.220054824688233799e-02
8.333548126258076394e+00 2.224283115272515307e-02
8.343169151784296744e+00 2.229071950023471180e-02
8.352790177310517095e+00 2.234572392627403453e-02
8.362411202836737445e+00 2.240466529245454391e-02
8.372032228362957795e+00 2.246225086490343317e-02
8.381653253889179922e+00 2.251319626561109483e-02
8.391274279415400272e+00 2.255547271869759104e-02
8.400895304941620623e+00 2.259449951231041337e-02
8.410516330467840973e+00 2.263672958986029035e-02
8.420137355994063100e+00 2.268816581175875716e-02
8.429758381520283450e+00 2.274815475864518100e-02
8.439379407046503800e+00 2.281091804483747695e-02
8.449000432572724151e+00 2.287056128822818890e-02
8.458621458098944501e+00 2.292265111239978614e-02
8.468242483625166628e+00 2.296817226719556973e-02
8.477863509151386978e+00 2.300937108321844671e-02
8.487484534677607328e+00 2.304848960812061129e-02
8.497105560203827679e+00 2.308776773217973560e-02
8.506726585730048029e+00 2.312944431413541113e-02
8.516347611256270156e+00 2.317575732545440470e-02
8.525968636782490506e+00 2.322820125077577902e-02
8.535589662308710857e+00 2.328439125499344800e-02
8.545210687834931207e+00 2.334068158694314887e-02
8.554831713361153334e+00 2.339347585382595129e-02
8.564452738887373684e+00 2.344126705214626821e-02
8.574073764413594034e+00 2.348542726291201477e-02
8.583694789939814385e+00 2.352753772403957944e-02
8.593315815466034735e+00 2.356917891945159785e-02
8.602936840992256862e+00 2.361193068441503479e-02
8.612557866518477212e+00 2.365737190914356247e-02
8.622178892044697562e+00 2.370705723156020517e-02
8.631799917570917913e+00 2.376133934591634009e-02
8.641420943097140039e+00 2.381879722849549255e-02
8.651041968623360390e+00 2.387787052301544241e-02
8.660662994149580740e+00 2.393701554787380087e-02
8.670284019675801090e+00 2.399476874764764484e-02
8.679905045202021441e+00 2.404969534925991900e-02
8.689526070728243567e+00 2.410038911271402892e-02
8.699147096254463918e+00 2.414673865718136581e-02
8.708768121780684268e+00 2.419040978114880142e-02
8.718389147306904619e+00 2.423319748297754136e-02
8.728010172833124969e+00 2.427671565786336874e-02
8.737631198359347096e+00 2.432164081076488085e-02
8.747252223885567446e+00 2.436834743332419104e-02
8.756873249411787796e+00 2.441720090873856705e-02
8.766494274938009923e+00 2.446831861948346384e-02
8.776115300464230273e+00 2.452154740862703269e-02
8.785736325990450624e+00 2.457672587766091335e-02
8.795357351516670974e+00 2.463356247974268776e-02
8.804978377042891324e+00 2.469125548148354624e-02
8.814599402569113451e+00 2.474888114081054413e-02
8.824220428095333801e+00 2.480555692593808953e-02
8.833841453621554152e+00 2.486104830557646361e-02
8.843462479147774502e+00 2.491562652008772610e-02
8.853083504673996629e+00 2.496957688243776896e-02
8.862704530200216979e+00 2.502318555246997589e-02
8.872325555726437329e+00 2.507673942267326858e-02
8.881946581252657680e+00 2.513052575219441170e-02
8.891567606778878030e+00 2.518473315621284903e-02
8.901188632305100157e+00 2.523877503494522528e-02
8.910809657831320507e+00 2.529169832368839341e-02
8.920430683357540858e+00 2.534256887635173705e-02
8.930051708883761208e+00 2.539133051902475041e-02
8.939672734409981558e+00 2.543909777234790864e-02
8.949293759936203685e+00 2.548707204169017165e-02
8.958914785462424035e+00 2.553646911883046891e-02
8.968535810988644386e+00 2.558855177729590230e-02
8.978156836514864736e+00 2.564459758850806681e-02
8.987777862041086863e+00 2.570561908405953611e-02
8.997398887567307213e+00 2.576930157457058695e-02
9.007019913093527563e+00 2.583109437164081423e-02
9.016640938619747914e+00 2.588645172860451135e-02
9.026261964145968264e+00 2.593410446310204925e-02
9.035882989672190391e+00 2.597833702281718629e-02
9.045504015198410741e+00 2.602397077882863743e-02
9.055125040724631091e+00 2.607494410464225934e-02
9.064746066250851442e+00 2.613121001073646574e-02
9.074367091777071792e+00 2.619159659644431509e-02
9.083988117303293919e+00 2.625492945633921965e-02
9.093609142829514269e+00 2.632000271458713458e-02
9.103230168355734619e+00 2.638558879217553846e-02
9.112851193881954970e+00 2.645046067436002471e-02
9.122472219408177097e+00 2.651339248233958862e-02
9.132093244934397447e+00 2.657315927422489177e-02
9.141714270460617797e+00 2.662853655542661221e-02
9.151335295986838148e+00 2.667907738734181730e-02
9.160956321513058498e+00 2.672735593955085850e-02
9.170577347039280625e+00 2.677667967303793556e-02
9.180198372565500975e+00 2.682988106115190979e-02
9.189819398091721325e+00 2.688515634172649119e-02
9.199440423617941676e+00 2.693808477904855586e-02
9.209061449144162026e+00 2.698440985501020933e-02
9.218682474670384153e+00 2.702607663075845199e-02
9.228303500196604503e+00 2.707239777433996172e-02
9.237924525722824853e+00 2.713309714606485304e-02
9.247545551249045204e+00 2.721142425280001845e-02
9.257166576775267330e+00 2.729459919657815578e-02
9.266787602301487681e+00 2.736740747554498865e-02
9.276408627827708031e+00 2.741804950477728584e-02
9.286029653353928381e+00 2.745299548586797866e-02
9.295650678880148732e+00 2.748480640427440960e-02
9.305271704406370858e+00 2.752525183444543000e-02
9.314892729932591209e+00 2.757640439731545365e-02
9.324513755458811559e+00 2.763387248414196987e-02
9.334134780985031909e+00 2.769320378892536211e-02
9.343755806511254036e+00 2.775192996371751014e-02
9.353376832037474387e+00 2.781005000996973273e-02
9.362997857563694737e+00 2.786771837438133809e-02
9.372618883089915087e+00 2.792509137166888922e-02
9.382239908616135438e+00 2.798232688364358720e-02
9.391860934142357564e+00 2.803958300066863515e-02
9.401481959668577915e+00 2.809690609572979350e-02
9.411102985194798265e+00 2.815386531308036386e-02
9.420724010721018615e+00 2.820990468173854154e-02
9.430345036247238966e+00 2.826459131642525963e-02
9.439966061773461092e+00 2.831848747169125532e-02
9.449587087299681443e+00 2.837264886117040613e-02
9.459208112825901793e+00 2.842812536138382765e-02
9.468829138352122143e+00 2.848568245900546733e-02
9.478450163878344270e+00 2.854584469540810340e-02
9.488071189404564620e+00 2.860910512544462964e-02
9.497692214930784971e+00 2.867492329894778813e-02
9.507313240457005321e+00 2.874136466702453471e-02
9.516934265983225671e+00 2.880639632151743568e-02
9.526555291509447798e+00 2.886798564261711109e-02
9.536176317035668148e+00 2.892410050227088927e-02
9.545797342561888499e+00 2.897270950833530367e-02
9.555418368088108849e+00 2.901345561088502015e-02
9.565039393614329200e+00 2.905180437282137498e-02
9.574660419140551326e+00 2.909448649307887907e-02
9.584281444666771677e+00 2.914703729453015091e-02
9.593902470192992027e+00 2.920837143169150926e-02
9.603523495719212377e+00 2.927512357365217449e-02
9.613144521245434504e+00 2.934392784636270096e-02
9.622765546771654854e+00 2.941142000448069074e-02
9.632386572297875205e+00 2.947423611927668316e-02
9.642007597824095555e+00 2.952931706353928432e-02
9.651628623350315905e+00 2.957797541797272875e-02
9.661249648876538032e+00 2.962478751311275332e-02
9.670870674402758382e+00 2.967426904265200310e-02
9.680491699928978733e+00 2.972733935896024540e-02
9.690112725455199083e+00 2.978119583508529247e-02
9.699733750981419433e+00 2.983291834325097966e-02
9.709354776507641560e+00 2.988235990021219715e-02
9.718975802033861910e+00 2.993328760909923225e-02
9.728596827560082261e+00 2.998976816610031057e-02
9.738217853086302611e+00 3.005284195364399044e-02
9.747838878612524738e+00 3.011791300775967101e-02
9.757459904138745088e+00 3.017980579253020171e-02
9.767080929664965439e+00 3.023558874199347435e-02
9.776701955191185789e+00 3.028774387244129521e-02
9.786322980717406139e+00 3.033959003714237906e-02
9.795944006243628266e+00 3.039349320641645050e-02
9.805565031769848616e+00 3.044873450134822843e-02
9.815186057296068967e+00 3.050399248458059848e-02
9.824807082822289317e+00 3.055832783373425149e-02
9.834428108348511444e+00 3.061227022380636278e-02
9.844049133874731794e+00 3.066670939408693355e-02
9.853670159400952144e+00 3.072254275465319956e-02
9.863291184927172495e+00 3.078067773306333507e-02
9.872912210453392845e+00 3.084202629512515156e-02
9.882533235979614972e+00 3.090721152227833210e-02
9.892154261505835322e+00 3.097522533301234893e-02
9.901775287032055672e+00 3.104449510915854860e-02
9.911396312558276023e+00 3.111334867471485244e-02
9.921017338084496373e+00 3.117930983052437030e-02
9.930638363610718500e+00 3.123956553616744417e-02
9.940259389136938850e+00 3.129195559368583984e-02
9.949880414663159200e+00 3.133928637236246817e-02
9.959501440189379551e+00 3.138665836073390586e-02
9.969122465715601678e+00 3.143852639790931103e-02
9.978743491241822028e+00 3.149380772033204268e-02
9.988364516768042378e+00 3.154863414348726969e-02
9.997985542294262729e+00 3.159973757053421983e-02
1.000760656782048308e+01 3.164941105079924211e-02
1.001722759334670521e+01 3.170294034576071063e-02
1.002684861887292556e+01 3.176490576672941907e-02
1.003646964439914591e+01 3.183279661558835461e-02
1.004609066992536626e+01 3.190012848623682840e-02
1.005571169545158661e+01 3.196095846853256456e-02
1.006533272097780873e+01 3.201504347818413809e-02
1.007495374650402908e+01 3.206538680437200778e-02
1.008457477203024943e+01 3.211503162168877906e-02
1.009419579755646978e+01 3.216702229989568118e-02
1.010381682308269191e+01 3.222439582838647343e-02
1.011343784860891226e+01 3.228946095218245688e-02
1.012305887413513261e+01 3.235788310884708113e-02
1.013267989966135296e+01 3.242175022741514145e-02
1.014230092518757331e+01 3.247420059668974096e-02
1.015192195071379544e+01 3.251741479138767904e-02
1.016154297624001579e+01 3.255825357850356677e-02
1.017116400176623614e+01 3.260316348734125513e-02
1.018078502729245649e+01 3.265486085332575117e-02
1.019040605281867862e+01 3.271427989121546143e-02
1.020002707834489897e+01 3.278148188087267462e-02
1.020964810387111932e+01 3.285022142475417517e-02
1.021926912939733967e+01 3.291151074812968119e-02
1.022889015492356002e+01 3.295847444683402960e-02
1.023851118044978215e+01 3.299735085022464931e-02
1.024813220597600250e+01 3.303937164720222724e-02
1.025775323150222285e+01 3.309315324434560640e-02
1.026737425702844320e+01 3.315360388610360393e-02
1.027699528255466355e+01 3.321117823620214210e-02
1.028661630808088567e+01 3.325861680081976940e-02
1.029623733360710602e+01 3.329852992408958989e-02
1.030585835913332637e+01 3.333620427017409266e-02
1.031547938465954672e+01 3.337692438765695047e-02
1.032510041018576885e+01 3.342597542129421145e-02
1.033472143571198920e+01 3.348863422502014464e-02
1.034434246123820955e+01 3.356565894362357333e-02
1.035396348676442990e+01 3.364511336547179599e-02
1.036358451229065025e+01 3.371290438367894465e-02
1.037320553781687238e+01 3.376347752963288623e-02
1.038282656334309273e+01 3.381008520560255942e-02
1.039244758886931308e+01 3.386835169134544410e-02
1.040206861439553343e+01 3.394319042978114626e-02
1.041168963992175378e+01 3.402122220971370153e-02
1.042131066544797591e+01 3.408751796206279522e-02
1.043093169097419626e+01 3.413639876677290741e-02
1.044055271650041661e+01 3.417426082873204624e-02
1.045017374202663696e+01 3.420831344908176197e-02
1.045979476755285908e+01 3.424576883032584562e-02
1.046941579307907944e+01 3.429384315936301331e-02
1.047903681860529979e+01 3.435886716506825200e-02
1.048865784413152014e+01 3.443502522107495800e-02
1.049827886965774049e+01 3.450769812986521912e-02
1.050789989518396261e+01 3.456358213821228431e-02
1.051752092071018296e+01 3.460278461624931995e-02
1.052714194623640331e+01 3.463240593962431391e-02
1.053676297176262366e+01 3.465965048087050332e-02
1.054638399728884401e+01 3.469175893274049211e-02
1.055600502281506614e+01 3.473597463717896516e-02
1.056562604834128649e+01 3.479656145174050280e-02
1.057524707386750684e+01 3.486664707697702953e-02
1.058486809939372719e+01 3.493682524061587913e-02
1.059448912491994932e+01 3.500052750982550476e-02
1.060411015044616967e+01 3.505798976297273828e-02
1.061373117597239002e+01 3.511048856951295982e-02
1.062335220149861037e+01 3.515967338962957406e-02
1.063297322702483072e+01 3.520773784820197677e-02
1.064259425255105285e+01 3.525690737383306572e-02
1.065221527807727320e+01 3.530920873251024161e-02
1.066183630360349355e+01 3.536646159116427907e-02
1.067145732912971390e+01 3.543010503730571747e-02
1.068107835465593602e+01 3.549698214107371852e-02
1.069069938018215637e+01 3.556082184367129195e-02
1.070032040570837673e+01 3.561621656648396306e-02
1.070994143123459708e+01 3.566405684142159860e-02
1.071956245676081743e+01 3.570787345703941434e-02
1.072918348228703955e+01 3.575091878704166753e-02
1.073880450781325990e+01 3.579531780880327446e-02
1.074842553333948025e+01 3.584291889028638073e-02
1.075804655886570060e+01 3.589557013718991385e-02
1.076766758439192095e+01 3.595511926262682373e-02
1.077728860991814308e+01 3.602325299199167496e-02
1.078690963544436343e+01 3.609517232647543178e-02
1.079653066097058378e+01 3.615750775622724594e-02
1.080615168649680413e+01 3.619743007309501187e-02
1.081577271202302626e+01 3.621915191465855527e-02
1.082539373754924661e+01 3.624009731985836091e-02
1.083501476307546696e+01 3.627633875343873326e-02
1.084463578860168731e+01 3.633170274721692072e-02
1.085425681412790766e+01 3.640464888991393200e-02
1.086387783965412979e+01 3.649061592144361987e-02
1.087349886518035014e+01 3.657398963113525636e-02
1.088311989070657049e+01 3.663671686448700254e-02
1.089274091623279084e+01 3.667227520281800962e-02
1.090236194175901119e+01 3.669646504821882926e-02
1.091198296728523331e+01 3.672717094936368831e-02
1.092160399281145367e+01 3.677029436873599511e-02
1.093122501833767402e+01 3.681921245540647342e-02
1.094084604386389437e+01 3.686730081237702544e-02
1.095046706939011649e+01 3.691321008887250843e-02
1.096008809491633684e+01 3.695850824159057496e-02
1.096970912044255719e+01 3.700478536698406651e-02
1.097933014596877754e+01 3.705362606777430623e-02
1.098895117149499789e+01 3.710659938791874973e-02
1.099857219702122002e+01 3.716332981173309236e-02
1.100819322254744037e+01 3.721932241825288284e-02
1.101781424807366072e+01 3.726974165291004754e-02
1.102743527359988107e+01 3.731430771859168410e-02
1.103705629912610142e+01 3.735759553233825719e-02
1.104667732465232355e+01 3.740414855754625040e-02
1.105629835017854390e+01 3.745627107427473151e-02
1.106591937570476425e+01 3.751518395570666714e-02
1.107554040123098460e+01 3.758033907412017954e-02
1.108516142675720673e+01 3.764403319018553434e-02
1.109478245228342708e+01 3.769691254947780956e-02
1.110440347780964743e+01 3.773613201668137712e-02
1.111402450333586778e+01 3.777020957451805022e-02
1.112364552886208813e+01 3.780849392757002631e-02
1.113326655438831025e+01 3.785414081431696248e-02
1.114288757991453060e+01 3.790515459762645173e-02
1.115250860544075096e+01 3.795938101006109122e-02
1.116212963096697131e+01 3.801457127409394593e-02
1.117175065649319343e+01 3.806843093513721799e-02
1.118137168201941378e+01 3.811866090312802241e-02
1.119099270754563413e+01 3.816296187385337380e-02
1.120061373307185448e+01 3.819922816102861579e-02
1.121023475859807483e+01 3.823059485625271425e-02
1.121985578412429696e+01 3.826596802984347928e-02
1.122947680965051731e+01 3.831304725726595445e-02
1.123909783517673766e+01 3.836731147565136668e-02
1.124871886070295801e+01 3.841832965094684610e-02
1.125833988622917836e+01 3.845942349978175717e-02
1.126796091175540049e+01 3.849556393843668600e-02
1.127758193728162084e+01 3.853385072338676165e-02
1.128720296280784119e+01 3.857775736142754486e-02
1.129682398833406154e+01 3.862617415815938066e-02
1.130644501386028367e+01 3.867769978641232009e-02
1.131606603938650402e+01 3.873093632588837237e-02
1.132568706491272437e+01 3.878448954949357402e-02
1.133530809043894472e+01 3.883755444553359942e-02
1.134492911596516507e+01 3.889121828176156370e-02
1.135455014149138719e+01 3.894689910999575566e-02
1.136417116701760754e+01 3.900437351872686892e-02
1.137379219254382789e+01 3.906135898589586930e-02
1.138341321807004825e+01 3.911544882293985226e-02
1.139303424359626860e+01 3.916424403558012302e-02
1.140265526912249072e+01 3.920535300980637627e-02
1.141227629464871107e+01 3.923811794412598863e-02
1.142189732017493142e+01 3.926688690270616761e-02
1.143151834570115177e+01 3.929687151423540831e-02
1.144113937122737390e+01 3.933242465427982948e-02
1.145076039675359425e+01 3.937697276057783996e-02
1.146038142227981460e+01 3.943200506475427053e-02
1.147000244780603495e+01 3.948629014408391869e-02
1.147962347333225530e+01 3.952341595104700428e-02
1.148924449885847743e+01 3.953855348231177791e-02
1.149886552438469778e+01 3.955290980032165338e-02
1.150848654991091813e+01 3.958999746611574500e-02
1.151810757543713848e+01 3.965075134353941710e-02
1.152772860096336061e+01 3.971750525373816260e-02
1.153734962648958096e+01 3.977511524040442531e-02
1.154697065201580131e+01 3.982222711956476952e-02
1.155659167754202166e+01 3.986143525579624591e-02
1.156621270306824201e+01 3.989556471737919913e-02
1.157583372859446413e+01 3.992772732193521773e-02
1.158545475412068448e+01 3.996104928045934868e-02
1.159507577964690483e+01 3.999865667882843145e-02
1.160469680517312518e+01 4.004366909065310703e-02
1.161431783069934554e+01 4.009582492189427833e-02
1.162393885622556766e+01 4.014575299581597118e-02
1.163355988175178801e+01 4.018339274683183082e-02
1.164318090727800836e+01 4.021474319359056443e-02
1.165280193280422871e+01 4.026041363294019515e-02
1.166242295833045084e+01 4.033353312701540988e-02
1.167204398385667119e+01 4.040942488621067363e-02
1.168166500938289154e+01 4.045285726183160679e-02
1.169128603490911189e+01 4.045678941842782012e-02
1.170090706043533224e+01 4.045485625165130827e-02
1.171052808596155437e+01 4.047949490605045469e-02
1.172014911148777472e+01 4.052870215382048391e-02
1.172977013701399507e+01 4.058419689192187263e-02
1.173939116254021542e+01 4.063379190279566705e-02
1.174901218806643577e+01 4.067888339893741684e-02
1.175863321359265790e+01 4.072253446991478537e-02
1.176825423911887825e+01 4.076602928117072783e-02
1.177787526464509860e+01 4.080940857182641102e-02
1.178749629017131895e+01 4.085268640237096210e-02
1.179711731569754107e+01 4.089587566298921728e-02
1.180673834122376142e+01 4.093898788249716175e-02
1.181635936674998177e+01 4.098203272297235022e-02
1.182598039227620212e+01 4.102501716463761994e-02
1.183560141780242247e+01 4.106750838923194785e-02
1.184522244332864460e+01 4.110712456698290690e-02
1.185484346885486495e+01 4.114102265613614473e-02
1.186446449438108530e+01 4.116878557707331909e-02
1.187408551990730565e+01 4.119301376738859072e-02
1.188370654543352600e+01 4.121654963727967164e-02
1.189332757095974813e+01 4.124255613500394518e-02
1.190294859648596848e+01 4.127426123894237242e-02
1.191256962201218883e+01 4.131188315481170575e-02
1.192219064753840918e+01 4.135101292532037537e-02
1.193181167306463131e+01 4.138752874972689150e-02
1.194143269859085166e+01 4.142215078347934176e-02
1.195105372411707201e+01 4.145772980305686278e-02
1.196067474964329236e+01 4.149586389026011651e-02
1.197029577516951271e+01 4.153586319113668907e-02
1.197991680069573484e+01 4.157679382541119850e-02
1.198953782622195519e+01 4.161771970163702372e-02
1.199915885174817554e+01 4.165771222070830532e-02
1.200877987727439589e+01 4.169695614003136874e-02
1.201840090280061801e+01 4.173788004306395322e-02
1.202802192832683836e+01 4.178251861865434069e-02
1.203764295385305871e+01 4.182652309909998950e-02
1.204726397937927906e+01 4.186206828078722908e-02
1.205688500490549941e+01 4.188686920543013142e-02
1.206650603043172154e+01 4.191040386075402940e-02
1.207612705595794189e+01 4.194264324532245847e-02
1.208574808148416224e+01 4.198383025366737853e-02
1.209536910701038259e+01 4.202875304861215799e-02
1.210499013253660294e+01 4.207214021053923281e-02
1.211461115806282507e+01 4.210872048028535541e-02
1.212423218358904542e+01 4.213402082644725211e-02
1.213385320911526577e+01 4.215097584135852476e-02
1.214347423464148612e+01 4.216651898698896977e-02
1.215309526016770825e+01 4.218545852230324439e-02
1.216271628569392860e+01 4.220833692079780514e-02
1.217233731122014895e+01 4.223519806147849054e-02
1.218195833674636930e+01 4.226608825697251992e-02
1.219157936227258965e+01 4.230105751808173331e-02
1.220120038779881178e+01 4.234015988781499734e-02
1.221082141332503213e+01 4.238345283964249643e-02
1.222044243885125248e+01 4.243058302483874306e-02
1.223006346437747283e+01 4.247827913870205058e-02
1.223968448990369318e+01 4.252202977898025121e-02
1.224930551542991530e+01 4.255848586787898402e-02
1.225892654095613565e+01 4.258605874289189686e-02
1.226854756648235600e+01 4.260443971291072440e-02
1.227816859200857635e+01 4.261968838823528005e-02
1.228778961753479848e+01 4.263994937869583501e-02
1.229741064306101883e+01 4.266831988780031559e-02
1.230703166858723918e+01 4.270178179163060944e-02
1.231665269411345953e+01 4.273717456505195939e-02
1.232627371963967988e+01 4.277234590520018892e-02
1.233589474516590201e+01 4.280551010708422144e-02
1.234551577069212236e+01 4.283644374441763353e-02
1.235513679621834271e+01 4.286637085908590050e-02
1.236475782174456306e+01 4.289656917661174157e-02
1.237437884727078341e+01 4.292831336374468287e-02
1.238399987279700554e+01 4.296274019361904367e-02
1.239362089832322589e+01 4.299929052701240845e-02
1.240324192384944624e+01 4.303623726014026846e-02
1.241286294937566659e+01 4.307048236524055329e-02
1.242248397490188871e+01 4.309602291856658857e-02
1.243210500042810907e+01 4.310852905574429766e-02
1.244172602595432942e+01 4.311962002624952078e-02
1.245134705148054977e+01 4.314817309443836485e-02
1.246096807700677012e+01 4.319754410927247046e-02
1.247058910253299224e+01 4.324825877014516068e-02
1.248021012805921259e+01 4.328300121935986511e-02
1.248983115358543294e+01 4.330390524483870157e-02
1.249945217911165329e+01 4.331902026604742689e-02
1.250907320463787542e+01 4.333564997252687540e-02
1.251869423016409577e+01 4.336035704989629758e-02
1.252831525569031612e+01 4.339640605769288367e-02
1.253793628121653647e+01 4.343755920958563416e-02
1.254755730674275682e+01 4.347588184843112491e-02
1.255717833226897895e+01 4.350347161440703408e-02
1.256679935779519930e+01 4.351259646237679718e-02
1.257642038332141965e+01 4.350863284665643094e-02
1.258604140884764000e+01 4.351951431699940809e-02
1.259566243437386035e+01 4.356756356095543153e-02
1.260528345990008248e+01 4.363213861127986093e-02
1.261490448542630283e+01 4.367920018305173485e-02
1.262452551095252318e+01 4.370017551997490424e-02
1.263414653647874353e+01 4.371167110424287877e-02
1.264376756200496565e+01 4.372616401930227298e-02
1.265338858753118600e+01 4.374134051717287058e-02
1.266300961305740636e+01 4.375307945922587982e-02
1.267263063858362671e+01 4.376431499975663025e-02
1.268225166410984706e+01 4.378170666047180581e-02
1.269187268963606918e+01 4.380633926170746789e-02
1.270149371516228953e+01 4.383091435413129927e-02
1.271111474068850988e+01 4.384943617805339006e-02
1.272073576621473023e+01 4.386456062622961366e-02
1.273035679174095058e+01 4.388129996572773250e-02
1.273997781726717271e+01 4.390466368727177077e-02
1.274959884279339306e+01 4.393961431324761718e-02
1.275921986831961341e+01 4.398472589818316208e-02
1.276884089384583376e+01 4.402549441400680635e-02
1.277846191937205589e+01 4.404933487213722604e-02
1.278808294489827624e+01 4.406469638947824174e-02
1.279770397042449659e+01 4.408723239250763454e-02
1.280732499595071694e+01 4.411948475675972481e-02
1.281694602147693729e+01 4.415111954944331285e-02
1.282656704700315942e+01 4.417509488056226702e-02
1.283618807252937977e+01 4.419418071939384268e-02
1.284580909805560012e+01 4.421269410521195403e-02
1.285543012358182047e+01 4.423495140668400050e-02
1.286505114910804259e+01 4.426499927063862194e-02
1.287467217463426294e+01 4.429908085594903844e-02
1.288429320016048329e+01 4.432462279026288393e-02
1.289391422568670365e+01 4.433380215108057021e-02
1.290353525121292400e+01 4.433387417372208067e-02
1.291315627673914612e+01 4.433479774152866010e-02
1.292277730226536647e+01 4.434653040138061136e-02
1.293239832779158682e+01 4.437851399423940746e-02
1.294201935331780717e+01 4.442390151557970568e-02
1.295164037884402752e+01 4.445661351888140905e-02
1.296126140437024965e+01 4.446134685553568971e-02
1.297088242989647000e+01 4.445756590093118132e-02
1.298050345542269035e+01 4.446812831446032843e-02
1.299012448094891070e+01 4.449263987792782121e-02
1.299974550647513283e+01 4.451985332403330525e-02
1.300936653200135318e+01 4.454473757739408485e-02
1.301898755752757353e+01 4.456931187392585564e-02
1.302860858305379388e+01 4.459465520637765495e-02
1.303822960858001423e+01 4.461838153962770920e-02
1.304785063410623636e+01 4.463790618866758653e-02
1.305747165963245671e+01 4.465297796212414072e-02
1.306709268515867706e+01 4.466434202935827547e-02
1.307671371068489741e+01 4.467323402038569230e-02
1.308633473621111776e+01 4.468136370582332512e-02
1.309595576173733988e+01 4.469047094887169946e-02
1.310557678726356023e+01 4.470231144939446066e-02
1.311519781278978058e+01 4.471862594574654848e-02
1.312481883831600094e+01 4.474102091439377538e-02
1.313443986384222306e+01 4.477055497351938029e-02
1.314406088936844341e+01 4.480101431083306773e-02
1.315368191489466376e+01 4.482081400075623584e-02
1.316330294042088411e+01 4.482779832952252935e-02
1.317292396594710446e+01 4.483567157322302515e-02
1.318254499147332659e+01 4.485284537525876386e-02
1.319216601699954694e+01 4.486166312236062464e-02
1.320178704252576729e+01 4.484306806459523176e-02
1.321140806805198764e+01 4.482344661455488904e-02
1.322102909357820799e+01 4.485250426593027917e-02
1.323065011910443012e+01 4.493155211653913211e-02
1.324027114463065047e+01 4.500565066679713261e-02
1.324989217015687082e+01 4.503624762919272717e-02
1.325951319568309117e+01 4.503280377085958769e-02
1.326913422120931330e+01 4.501204291025237558e-02
1.327875524673553365e+01 4.499069957924464735e-02
1.328837627226175400e+01 4.498468031331286088e-02
1.329799729778797435e+01 4.499797765280492967e-02
1.330761832331419470e+01 4.502557980399932158e-02
1.331723934884041682e+01 4.505154119487853742e-02
1.332686037436663717e+01 4.504377237199540945e-02
1.333648139989285752e+01 4.499259759572574180e-02
1.334610242541907787e+01 4.496313032534734327e-02
1.335572345094530000e+01 4.502039843768322613e-02
1.336534447647152035e+01 4.512665848414126879e-02
1.337496550199774070e+01 4.520349075019916563e-02
1.338458652752396105e+01 4.522435873060726835e-02
1.339420755305018140e+01 4.520709067114032226e-02
1.340382857857640353e+01 4.517315272134088400e-02
1.341344960410262388e+01 4.514769280276510754e-02
1.342307062962884423e+01 4.514890553386734923e-02
1.343269165515506458e+01 4.517034140407186898e-02
1.344231268068128493e+01 4.520035529786259332e-02
1.345193370620750706e+01 4.522730161862940218e-02
1.346155473173372741e+01 4.524004157029445916e-02
1.347117575725994776e+01 4.523615320055439371e-02
1.348079678278616811e+01 4.522063573801974462e-02
1.349041780831239024e+01 4.520433693455189889e-02
1.350003883383861059e+01 4.520693510513385666e-02
1.350965985936483094e+01 4.523753482652465019e-02
1.351928088489105129e+01 4.527065471649326794e-02
1.352890191041727164e+01 4.527919586779435845e-02
1.353852293594349376e+01 4.526640078528566119e-02
1.354814396146971411e+01 4.524701674503985721e-02
1.355776498699593446e+01 4.523581324581347346e-02
1.356738601252215481e+01 4.524720724361992741e-02
1.357700703804837516e+01 4.528229473419299184e-02
1.358662806357459729e+01 4.532509454400776572e-02
1.359624908910081764e+01 4.536275170408704538e-02
1.360587011462703799e+01 4.539234835233436904e-02
1.361549114015325834e+01 4.541238708129259616e-02
1.362511216567948047e+01 4.542137001795795020e-02
1.363473319120570082e+01 4.541779866825057521e-02
1.364435421673192117e+01 4.540017372892206360e-02
1.365397524225814152e+01 4.536797872130410303e-02
1.366359626778436187e+01 4.533975264591808690e-02
1.367321729331058400e+01 4.535070313996685670e-02
1.368283831883680435e+01 4.540100953466066902e-02
1.369245934436302470e+01 4.543523971335459988e-02
1.370208036988924505e+01 4.541927367561696821e-02
1.371170139541546540e+01 4.539098236787461604e-02
1.372132242094168753e+01 4.539001305543222120e-02
1.373094344646790788e+01 4.540289234050672723e-02
1.374056447199412823e+01 4.540255683694605082e-02
1.375018549752034858e+01 4.538974347861938347e-02
1.375980652304657070e+01 4.537996028820483890e-02
1.376942754857279105e+01 4.537938519053223013e-02
1.377904857409901140e+01 4.538541137302287698e-02
1.378866959962523175e+01 4.539508855608466453e-02
1.379829062515145210e+01 4.540545672482099865e-02
1.380791165067767423e+01 4.541355190344244924e-02
1.381753267620389458e+01 4.541641079072424037e-02
1.382715370173011493e+01 4.541250140038098626e-02
1.383677472725633528e+01 4.540657173647129341e-02
1.384639575278255741e+01 4.540511318876689489e-02
1.385601677830877776e+01 4.541463179720198196e-02
1.386563780383499811e+01 4.544016175744246266e-02
1.387525882936121846e+01 4.546566746962787259e-02
1.388487985488743881e+01 4.546046247290648490e-02
1.389450088041366094e+01 4.542864566630420986e-02
1.390412190593988129e+01 4.541561098052532275e-02
1.391374293146610164e+01 4.544165763809622505e-02
1.392336395699232199e+01 4.547582395797301197e-02
1.393298498251854234e+01 4.549103787542901206e-02
1.394260600804476447e+01 4.548859390460072843e-02
1.395222703357098482e+01 4.547507075856990072e-02
1.396184805909720517e+01 4.545705357978024885e-02
1.397146908462342552e+01 4.544113885633455086e-02
1.398109011014964764e+01 4.543391840580770363e-02
1.399071113567586799e+01 4.544066583873648119e-02
1.400033216120208834e+01 4.544841537965269018e-02
1.400995318672830869e+01 4.543188608993446731e-02
1.401957421225452904e+01 4.539726475975124076e-02
1.402919523778075117e+01 4.538582056589793995e-02
1.403881626330697152e+01 4.541067148436837148e-02
1.404843728883319187e+01 4.543489166059336976e-02
1.405805831435941222e+01 4.543449673311765469e-02
1.406767933988563257e+01 4.542956978569642063e-02
1.407730036541185470e+01 4.543881833949373061e-02
1.408692139093807505e+01 4.544926758129843453e-02
1.409654241646429540e+01 4.544367242312218752e-02
1.410616344199051575e+01 4.542499877180098539e-02
1.411578446751673788e+01 4.540366020009802689e-02
1.412540549304295823e+01 4.539008257732905782e-02
1.413502651856917858e+01 4.539355352796191345e-02
1.414464754409539893e+01 4.540587115891603354e-02
1.415426856962161928e+01 4.540565242441308574e-02
1.416388959514784140e+01 4.538601597096522666e-02
1.417351062067406176e+01 4.535665233550264380e-02
1.418313164620028211e+01 4.532713878774927846e-02
1.419275267172650246e+01 4.530538878150010274e-02
1.420237369725272458e+01 4.529610363085034841e-02
1.421199472277894493e+01 4.529720191617805231e-02
1.422161574830516528e+01 4.530569853621908144e-02
1.423123677383138563e+01 4.531858706074400056e-02
1.424085779935760598e+01 4.533275370172588914e-02
1.425047882488382811e+01 4.534487969145577224e-02
1.426009985041004846e+01 4.535230065160392177e-02
1.426972087593626881e+01 4.535600509379427575e-02
1.427934190146248916e+01 4.535836498136684714e-02
1.428896292698870951e+01 4.536174962299094338e-02
1.429858395251493164e+01 4.536736198149510235e-02
1.430820497804115199e+01 4.535986865294941439e-02
1.431782600356737234e+01 4.531391776842377123e-02
1.432744702909359269e+01 4.525252375305675867e-02
1.433706805461981482e+01 4.524472962415982541e-02
1.434668908014603517e+01 4.529029201322599257e-02
1.435631010567225552e+01 4.529731281836327228e-02
1.436593113119847587e+01 4.522963383193023129e-02
1.437555215672469622e+01 4.515641238566642235e-02
1.438517318225091834e+01 4.512877414370307372e-02
1.439479420777713869e+01 4.513414238026134534e-02
1.440441523330335905e+01 4.515129972126005753e-02
1.441403625882957940e+01 4.515913404758229582e-02
1.442365728435579975e+01 4.514352037468594842e-02
1.443327830988202187e+01 4.511735423083385738e-02
1.444289933540824222e+01 4.510011539887145982e-02
1.445252036093446257e+01 4.511129999426740506e-02
1.446214138646068292e+01 4.516296305004147138e-02
1.447176241198690505e+01 4.521689212886152720e-02
1.448138343751312540e+01 4.522074133103910071e-02
1.449100446303934575e+01 4.518098516737593245e-02
1.450062548856556610e+01 4.513353089145469288e-02
1.451024651409178645e+01 4.509672585148962604e-02
1.451986753961800858e+01 4.507670470092609710e-02
1.452948856514422893e+01 4.507163811150644711e-02
1.453910959067044928e+01 4.507343415115803303e-02
1.454873061619666963e+01 4.507383445884393519e-02
1.455835164172288998e+01 4.506482813258828879e-02
1.456797266724911211e+01 4.504623181372836155e-02
1.457759369277533246e+01 4.502713877434422890e-02
1.458721471830155281e+01 4.501277368584831462e-02
1.459683574382777316e+01 4.500198286235975592e-02
1.460645676935399528e+01 4.499311421206259043e-02
1.461607779488021563e+01 4.498451468747151349e-02
1.462569882040643598e+01 4.497453128377977560e-02
1.463531984593265634e+01 4.496152232874001814e-02
1.464494087145887669e+01 4.494751644612758612e-02
1.465456189698509881e+01 4.494357793683009805e-02
1.466418292251131916e+01 4.495398987744524122e-02
1.467380394803753951e+01 4.495918513373617365e-02
1.468342497356375986e+01 4.494206325773078547e-02
1.469304599908998199e+01 4.490907875838835717e-02
1.470266702461620234e+01 4.487178892462911212e-02
1.471228805014242269e+01 4.484176701095064083e-02
1.472190907566864304e+01 4.482874685932999870e-02
1.473153010119486339e+01 4.483374196315734889e-02
1.474115112672108552e+01 4.485358085406795231e-02
1.475077215224730587e+01 4.487613271129982373e-02
1.476039317777352622e+01 4.488619321114251798e-02
1.477001420329974657e+01 4.486854899722221568e-02
1.477963522882596692e+01 4.481326051826695078e-02
1.478925625435218905e+01 4.474892676728167706e-02
1.479887727987840940e+01 4.471523409720806752e-02
1.480849830540462975e+01 4.470202527210034860e-02
1.481811933093085010e+01 4.467752202803928346e-02
1.482774035645707222e+01 4.463787528050185138e-02
1.483736138198329257e+01 4.459455988119390840e-02
1.484698240750951292e+01 4.455918602548164520e-02
1.485660343303573327e+01 4.454335277453418812e-02
1.486622445856195363e+01 4.455865470757846419e-02
1.487584548408817575e+01 4.461408807618379158e-02
1.488546650961439610e+01 4.468417672788903283e-02
1.489508753514061645e+01 4.472139576016874452e-02
1.490470856066683680e+01 4.471260931266590744e-02
1.491432958619305715e+01 4.467123327353992451e-02
1.492395061171927928e+01 4.461133528625034483e-02
1.493357163724549963e+01 4.454698737199921932e-02
1.494319266277171998e+01 4.449227325463409044e-02
1.495281368829794033e+01 4.446053365554225589e-02
1.496243471382416246e+01 4.445066734169556000e-02
1.497205573935038281e+01 4.444846688326905410e-02
1.498167676487660316e+01 4.443790776114064228e-02
1.499129779040282351e+01 4.440309864087121222e-02
1.500091881592904386e+01 4.435940862096954956e-02
1.501053984145526599e+01 4.435066294151327609e-02
1.502016086698148634e+01 4.437150741842566665e-02
1.502978189250770669e+01 4.436743524971670238e-02
1.503940291803392704e+01 4.432163568759828892e-02
1.504902394356014739e+01 4.425809359825017691e-02
1.505864496908636951e+01 4.419490481289094219e-02
1.506826599461258986e+01 4.414205028573086470e-02
1.507788702013881021e+01 4.410914768733621705e-02
1.508750804566503056e+01 4.410535928692331520e-02
1.509712907119125269e+01 4.412800566097568877e-02
1.510675009671747304e+01 4.416196825319551600e-02
1.511637112224369339e+01 4.419329280262562776e-02
1.512599214776991374e+01 4.421010657550536460e-02
1.513561317329613409e+01 4.420608180211944849e-02
1.514523419882235622e+01 4.418087746275527888e-02
1.515485522434857657e+01 4.414236622739537569e-02
1.516447624987479692e+01 4.410617089544348335e-02
1.517409727540101727e+01 4.407909404709742240e-02
1.518371830092723940e+01 4.405874582061442002e-02
1.519333932645345975e+01 4.404233441338213650e-02
1.520296035197968010e+01 4.402711875264070374e-02
1.521258137750590045e+01 4.401141832245410168e-02
1.522220240303212080e+01 4.399454458242613858e-02
1.523182342855834293e+01 4.397584919056802405e-02
1.524144445408456328e+01 4.395468468757272179e-02
1.525106547961078363e+01 4.393040159590453492e-02
1.526068650513700398e+01 4.390285533539528551e-02
1.527030753066322433e+01 4.388005327866997124e-02
1.527992855618944645e+01 4.387425310024112290e-02
1.528954958171566680e+01 4.386436507625353365e-02
1.529917060724188715e+01 4.381047766436109436e-02
1.530879163276810750e+01 4.375653925919786857e-02
1.531841265829432963e+01 4.379305695515729735e-02
1.532803368382054998e+01 4.386173271826278308e-02
1.533765470934677033e+01 4.382296361854588068e-02
1.534727573487299068e+01 4.370541799402705152e-02
1.535689676039921103e+01 4.362872163962001892e-02
1.536651778592543316e+01 4.361419783587739546e-02
1.537613881145165351e+01 4.362877491915780059e-02
1.538575983697787386e+01 4.363887365923654893e-02
1.539538086250409421e+01 4.361739782370297608e-02
1.540500188803031456e+01 4.358392303516608890e-02
1.541462291355653669e+01 4.357097690709813703e-02
1.542424393908275704e+01 4.356217516525367345e-02
1.543386496460897739e+01 4.352874634020464928e-02
1.544348599013519774e+01 4.348022345659099952e-02
1.545310701566141987e+01 4.343657801196666030e-02
1.546272804118764022e+01 4.340383578214178362e-02
1.547234906671386057e+01 4.338380303849116715e-02
1.548197009224008092e+01 4.337829369291913706e-02
1.549159111776630127e+01 4.338423751208775325e-02
1.550121214329252339e+01 4.338112277819456547e-02
1.551083316881874374e+01 4.335286393695914758e-02
1.552045419434496409e+01 4.330873767604607322e-02
1.553007521987118444e+01 4.326284146590239632e-02
1.553969624539740657e+01 4.322927611765324529e-02
1.554931727092362692e+01 4.322217932091274029e-02
1.555893829644984727e+01 4.325543225439418271e-02
1.556855932197606762e+01 4.331059973922520706e-02
1.557818034750228797e+01 4.330915924375849935e-02
1.558780137302851010e+01 4.322543023141539598e-02
1.559742239855473045e+01 4.312793528633226264e-02
1.560704342408095080e+01 4.306004989590205695e-02
1.561666444960717115e+01 4.301999301135204373e-02
1.562628547513339150e+01 4.300281138129997960e-02
1.563590650065961363e+01 4.300332169911479097e-02
1.564552752618583398e+01 4.301166824085424223e-02
1.565514855171205433e+01 4.301422971217261360e-02
1.566476957723827468e+01 4.300664520487762488e-02
1.567439060276449680e+01 4.299189448895480298e-02
1.568401162829071716e+01 4.297315015256558679e-02
1.569363265381693751e+01 4.295358109057761248e-02
1.570325367934315786e+01 4.293634549759779012e-02
1.571287470486937821e+01 4.292321965838593462e-02
1.572249573039560033e+01 4.290667500895925524e-02
1.573211675592182068e+01 4.287535934662375925e-02
1.574173778144804103e+01 4.281791282303198248e-02
1.575135880697426138e+01 4.273449300184607030e-02
1.576097983250048173e+01 4.267386372662890920e-02
1.577060085802670386e+01 4.267566701162796294e-02
1.578022188355292421e+01 4.270816764937398341e-02
1.578984290907914456e+01 4.273373242014801704e-02
1.579946393460536491e+01 4.273560355582847053e-02
1.580908496013158704e+01 4.270944343491713674e-02
1.581870598565780739e+01 4.266893624132945401e-02
1.582832701118402774e+01 4.262984247862541820e-02
1.583794803671024809e+01 4.260722539271786374e-02
1.584756906223646844e+01 4.259436746733600426e-02
1.585719008776269057e+01 4.256066750592078785e-02
1.586681111328891092e+01 4.250883546371635874e-02
1.587643213881513127e+01 4.247157682170130122e-02
1.588605316434135162e+01 4.245718210475264709e-02
1.589567418986757197e+01 4.245574920502711430e-02
1.590529521539379409e+01 4.245698320966741907e-02
1.591491624092001445e+01 4.245059359775033708e-02
1.592453726644623480e+01 4.242629727294087300e-02
1.593415829197245515e+01 4.237936362606095630e-02
1.594377931749867727e+01 4.233167878903785347e-02
1.595340034302489762e+01 4.230428496366520769e-02
1.596302136855111797e+01 4.228757531237749279e-02
1.597264239407733832e+01 4.226529460788717302e-02
1.598226341960355867e+01 4.222136360290619506e-02
1.599188444512978080e+01 4.215971160634041787e-02
1.600150547065599937e+01 4.212088949900348600e-02
1.601112649618222150e+01 4.212264354429644253e-02
1.602074752170844008e+01 4.214585216570131826e-02
1.603036854723466220e+01 4.216871796320307425e-02
1.603998957276088433e+01 4.217061735828626923e-02
1.604961059828710290e+01 4.214683542775671254e-02
1.605923162381332503e+01 4.210438740073354363e-02
1.606885264933954360e+01 4.205055262014772977e-02
1.607847367486576573e+01 4.199260494498836815e-02
1.608809470039198786e+01 4.193781691353347385e-02
1.609771572591820643e+01 4.189209852584435678e-02
1.610733675144442856e+01 4.185559777772723117e-02
1.611695777697064713e+01 4.182694000161830267e-02
1.612657880249686926e+01 4.180475006985621272e-02
1.613619982802309138e+01 4.178765248269922239e-02
1.614582085354930996e+01 4.177427138909508425e-02
1.615544187907553209e+01 4.176323054885534847e-02
1.616506290460175421e+01 4.175316747960673702e-02
1.617468393012797279e+01 4.174304727031605267e-02
1.618430495565419491e+01 4.173215795589248212e-02
1.619392598118041349e+01 4.171972971252109474e-02
1.620354700670663561e+01 4.170494251779974237e-02
1.621316803223285774e+01 4.168697602685859926e-02
1.622278905775907631e+01 4.166500967205621214e-02
1.623241008328529844e+01 4.163822118870381950e-02
1.624203110881151702e+01 4.160595354015402675e-02
1.625165213433773914e+01 4.156812844298057863e-02
1.626127315986396127e+01 4.152479807903976250e-02
1.627089418539017984e+01 4.147620183227043733e-02
1.628051521091640197e+01 4.143302186536456516e-02
1.629013623644262054e+01 4.142053899002500622e-02
1.629975726196884267e+01 4.143224334623921840e-02
1.630937828749506480e+01 4.142979303377032629e-02
1.631899931302128337e+01 4.140651227313653371e-02
1.632862033854750550e+01 4.137765857514708046e-02
1.633824136407372407e+01 4.134797519917342290e-02
1.634786238959994620e+01 4.131707337876566050e-02
1.635748341512616832e+01 4.128453398550516878e-02
1.636710444065238690e+01 4.125044020291693952e-02
1.637672546617860903e+01 4.121639274146250004e-02
1.638634649170482760e+01 4.118427828354050829e-02
1.639596751723104973e+01 4.115598363483978506e-02
1.640558854275727185e+01 4.113339497121796390e-02
1.641520956828349043e+01 4.111839680108832912e-02
1.642483059380971255e+01 4.111287063770521777e-02
1.643445161933593468e+01 4.111663915343113235e-02
1.644407264486215325e+01 4.111069726412923397e-02
1.645369367038837538e+01 4.107406575680049021e-02
1.646331469591459395e+01 4.102967438522463900e-02
1.647293572144081608e+01 4.100488062709049808e-02
1.648255674696703821e+01 4.099281482289304779e-02
1.649217777249325678e+01 4.097959971660353889e-02
1.650179879801947891e+01 4.095174958420424310e-02
1.651141982354569748e+01 4.091055005067485012e-02
1.652104084907191961e+01 4.087541297686336783e-02
1.653066187459814174e+01 4.085293289091454505e-02
1.654028290012436031e+01 4.083817039612819277e-02
1.654990392565058244e+01 4.082583032629594905e-02
1.655952495117680101e+01 4.081063306776679112e-02
1.656914597670302314e+01 4.078733095355085297e-02
1.657876700222924526e+01 4.075315538324620485e-02
1.658838802775546384e+01 4.071244140800073935e-02
1.659800905328168596e+01 4.067079037533447711e-02
1.660763007880790454e+01 4.063368272143656756e-02
1.661725110433412667e+01 4.060342240776519673e-02
1.662687212986034879e+01 4.057889733567097978e-02
1.663649315538656737e+01 4.055882689358263071e-02
1.664611418091278949e+01 4.054193041655824309e-02
1.665573520643901162e+01 4.052692715432710396e-02
1.666535623196523019e+01 4.051253619946331569e-02
1.667497725749145232e+01 4.049747637538993889e-02
1.668459828301767089e+01 4.048046608402109531e-02
1.669421930854389302e+01 4.046022311299452695e-02
1.670384033407011515e+01 4.043546440262767161e-02
1.671346135959633372e+01 4.040490577294642699e-02
1.672308238512255585e+01 4.036726161138903812e-02
1.673270341064877442e+01 4.032248272352340762e-02
1.674232443617499655e+01 4.027957751533003256e-02
1.675194546170121868e+01 4.025158669787683857e-02
1.676156648722743725e+01 4.025145924868266112e-02
1.677118751275365938e+01 4.027016141695912571e-02
1.678080853827987795e+01 4.025116070127937595e-02
1.679042956380610008e+01 4.018379433114389193e-02
1.680005058933231865e+01 4.012264893572924096e-02
1.680967161485854078e+01 4.008937841057525625e-02
1.681929264038476290e+01 4.007713117741650705e-02
1.682891366591098148e+01 4.007832633616535689e-02
1.683853469143720361e+01 4.008537438755141458e-02
1.684815571696342218e+01 4.009068355405429745e-02
1.685777674248964431e+01 4.008666336630142824e-02
1.686739776801586643e+01 4.006598337670873311e-02
1.687701879354208501e+01 4.002948224890143930e-02
1.688663981906830713e+01 3.998764555921947850e-02
1.689626084459452571e+01 3.995151615978678739e-02
1.690588187012074783e+01 3.993020449477655692e-02
1.691550289564696996e+01 3.992109768646415202e-02
1.692512392117318853e+01 3.991718783845490948e-02
1.693474494669941066e+01 3.991149365745982891e-02
1.694436597222563279e+01 3.989981445963249745e-02
1.695398699775185136e+01 3.988270522404492591e-02
1.696360802327807349e+01 3.986118712741311410e-02
1.697322904880429206e+01 3.983628230020241218e-02
1.698285007433051419e+01 3.980901423747355838e-02
1.699247109985673632e+01 3.978040792101363715e-02
1.700209212538295489e+01 3.975148965151074215e-02
1.701171315090917702e+01 3.972328659005786716e-02
1.702133417643539559e+01 3.969680307509575873e-02
1.703095520196161772e+01 3.967221542835155934e-02
1.704057622748783984e+01 3.964866012326423439e-02
1.705019725301405842e+01 3.962520744940895012e-02
1.705981827854028055e+01 3.960092825826964924e-02
1.706943930406649912e+01 3.957489452780867112e-02
1.707906032959272125e+01 3.954651626678083037e-02
1.708868135511894337e+01 3.951619459882728391e-02
1.709830238064516195e+01 3.948451135094184494e-02
1.710792340617138407e+01 3.945204816250352103e-02
1.711754443169760265e+01 3.941938666040978312e-02
1.712716545722382477e+01 3.938710859228632122e-02
1.713678648275004690e+01 3.935579591768696706e-02
1.714640750827626547e+01 3.932603085723034714e-02
1.715602853380248760e+01 3.929838659581023907e-02
1.716564955932870618e+01 3.927266001592204236e-02
1.717527058485492830e+01 3.924729854675742396e-02
1.718489161038115043e+01 3.922061235766802212e-02
1.719451263590736900e+01 3.919130188569958789e-02
1.720413366143359113e+01 3.916122111455085097e-02
1.721375468695981326e+01 3.913374304675379389e-02
1.722337571248603183e+01 3.911226900117389937e-02
1.723299673801225396e+01 3.910021134211268123e-02
1.724261776353847253e+01 3.910097212423598728e-02
1.725223878906469466e+01 3.911790821172545646e-02
1.726185981459091678e+01 3.915034981446423312e-02
1.727148084011713536e+01 3.916586679665598481e-02
1.728110186564335748e+01 3.913298684278289363e-02
1.729072289116957606e+01 3.907963038986734389e-02
1.730034391669579819e+01 3.903339917048646163e-02
1.730996494222202031e+01 3.899610079010796398e-02
1.731958596774823889e+01 3.896679009814067035e-02
1.732920699327446101e+01 3.894447818515297394e-02
1.733882801880067959e+01 3.892814866181865119e-02
1.734844904432690171e+01 3.891677114114397429e-02
1.735807006985312384e+01 3.890931199479613634e-02
1.736769109537934241e+01 3.890474241867209609e-02
1.737731212090556454e+01 3.890204381480703855e-02
1.738693314643178311e+01 3.890021047606821714e-02
1.739655417195800524e+01 3.889831786454382712e-02
1.740617519748422737e+01 3.889589001630603532e-02
1.741579622301044594e+01 3.889262470772052172e-02
1.742541724853666807e+01 3.888821729836936664e-02
1.743503827406289020e+01 3.888236073439441109e-02
1.744465929958910877e+01 3.887474596202821625e-02
1.745428032511533090e+01 3.886506230321907368e-02
1.746390135064154947e+01 3.885299779298308220e-02
1.747352237616777160e+01 3.883823947809750265e-02
1.748314340169399372e+01 3.882047367674106020e-02
1.749276442722021230e+01 3.879938619868807115e-02
1.750238545274643442e+01 3.877466252567650373e-02
1.751200647827265300e+01 3.874598795159227976e-02
1.752162750379887513e+01 3.871304768214670067e-02
1.753124852932509725e+01 3.867552689376894254e-02
1.754086955485131583e+01 3.863311075149119395e-02
1.755049058037753795e+01 3.858548438567173389e-02
1.756011160590375653e+01 3.853247884172261023e-02
1.756973263142997865e+01 3.847629182971589595e-02
1.757935365695620078e+01 3.842104139815794017e-02
1.758897468248241935e+01 3.837090205431547413e-02
1.759859570800864148e+01 3.833004928261664335e-02
1.760821673353486005e+01 3.830255418438317794e-02
1.761783775906108218e+01 3.828910392990638595e-02
1.762745878458730431e+01 3.828635519699763456e-02
1.763707981011352288e+01 3.829072822008432186e-02
1.764670083563974501e+01 3.829873596894339122e-02
1.765632186116596358e+01 3.830725719252916356e-02
1.766594288669218571e+01 3.831326221067820476e-02
1.767556391221840784e+01 3.831387313524017846e-02
1.768518493774462641e+01 3.830850302063060209e-02
1.769480596327084854e+01 3.829835941520900316e-02
1.770442698879707066e+01 3.828469683662887729e-02
1.771404801432328924e+01 3.826876966189598356e-02
1.772366903984951136e+01 3.825183288546738641e-02
1.773329006537572994e+01 3.823514257700313251e-02
1.774291109090195206e+01 3.821982925831021727e-02
1.775253211642817419e+01 3.820601849242844655e-02
1.776215314195439277e+01 3.819335656027926518e-02
1.777177416748061489e+01 3.818148654761519684e-02
1.778139519300683347e+01 3.817005132732178424e-02
1.779101621853305559e+01 3.815869359086075663e-02
1.780063724405927772e+01 3.814705586853821273e-02
1.781025826958549629e+01 3.813478053868153000e-02
1.781987929511171842e+01 3.812150982578079578e-02
1.782950032063793699e+01 3.810688578763785084e-02
1.783912134616415912e+01 3.809055029156652172e-02
1.784874237169038125e+01 3.807214497970529826e-02
1.785836339721659982e+01 3.805131122353428569e-02
1.786798442274282195e+01 3.802769167972171876e-02
1.787760544826904052e+01 3.800118669010942724e-02
1.788722647379526265e+01 3.797223576525681626e-02
1.789684749932148478e+01 3.794134633439053689e-02
1.790646852484770335e+01 3.790902622384965254e-02
1.791608955037392548e+01 3.787578371192047016e-02
1.792571057590014760e+01 3.784212756161100394e-02
1.793533160142636618e+01 3.780856703155502374e-02
1.794495262695258830e+01 3.777561186527451237e-02
1.795457365247880688e+01 3.774377225904092942e-02
1.796419467800502900e+01 3.771355880856169102e-02
1.797381570353125113e+01 3.768548243467992331e-02
1.798343672905746971e+01 3.766005428820975304e-02
1.799305775458369183e+01 3.763778563394235693e-02
1.800267878010991041e+01 3.761918771374310466e-02
1.801229980563613253e+01 3.760477158852197632e-02
1.802192083116235466e+01 3.759504795869499094e-02
1.803154185668857323e+01 3.759052696256269532e-02
1.804116288221479536e+01 3.759171795180998171e-02
1.805078390774101393e+01 3.759884446696758198e-02
1.806040493326723606e+01 3.760961655406219045e-02
1.807002595879345819e+01 3.762043806671426516e-02
1.807964698431967676e+01 3.762776081396156103e-02
1.808926800984589889e+01 3.763016513200004992e-02
1.809888903537211746e+01 3.762895330515520637e-02
1.810851006089833959e+01 3.762560595294282134e-02
1.811813108642456172e+01 3.762130172241213988e-02
1.812775211195078029e+01 3.761623764008768800e-02
1.813737313747700242e+01 3.761041250780124828e-02
1.814699416300322099e+01 3.760382488313241539e-02
1.815661518852944312e+01 3.759647312661844321e-02
1.816623621405566524e+01 3.758835543657127604e-02
1.817585723958188382e+01 3.757946987160438318e-02
1.818547826510810594e+01 3.756981436092832194e-02
1.819509929063432807e+01 3.755938670244784311e-02
1.820472031616054664e+01 3.754818456057208015e-02
1.821434134168676877e+01 3.753621940260989942e-02
1.822396236721298735e+01 3.752354354996157576e-02
1.823358339273920947e+01 3.751021679070200981e-02
1.824320441826543160e+01 3.749629893236688938e-02
1.825282544379165017e+01 3.748184981170535335e-02
1.826244646931787230e+01 3.746692930352345935e-02
1.827206749484409087e+01 3.745159732861202267e-02
1.828168852037031300e+01 3.743591386075437177e-02
1.829130954589653513e+01 3.741993893281208433e-02
1.830093057142275370e+01 3.740373264188765617e-02
1.831055159694897583e+01 3.738735515356574057e-02
1.832017262247519440e+01 3.737086670523456777e-02
1.832979364800141653e+01 3.735432760849159012e-02
1.833941467352763866e+01 3.733779825063750918e-02
1.834903569905385723e+01 3.732133909526389598e-02
1.835865672458007936e+01 3.730501068193992770e-02
1.836827775010629793e+01 3.728887362500464542e-02
1.837789877563252006e+01 3.727298861147028408e-02
1.838751980115874218e+01 3.725741639804327349e-02
1.839714082668496076e+01 3.724221780726822556e-02
1.840676185221118288e+01 3.722745372280058390e-02
1.841638287773740501e+01 3.721318508381232099e-02
1.842600390326362358e+01 3.719947287853470758e-02
1.843562492878984571e+01 3.718637813694045807e-02
1.844524595431606429e+01 3.717396192256744447e-02
1.845486697984228641e+01 3.716228532348334057e-02
1.846448800536850854e+01 3.715140944239014864e-02
1.847410903089472711e+01 3.714139566352116922e-02
1.848373005642094924e+01 3.713243998501272736e-02
1.849335108194716781e+01 3.712508892732813148e-02
1.850297210747338994e+01 3.711994503167465737e-02
1.851259313299961207e+01 3.711746841809554498e-02
1.852221415852583064e+01 3.711730935835844819e-02
1.853183518405205277e+01 3.711883171983632740e-02
1.854145620957827134e+01 3.712139923289609067e-02
1.855107723510449347e+01 3.712437588280417117e-02
1.856069826063071559e+01 3.712712594384107861e-02
1.857031928615693417e+01 3.712902005939842931e-02
1.857994031168315630e+01 3.712970562140292807e-02
1.858956133720937487e+01 3.712921459036232913e-02
1.859918236273559700e+01 3.712760728842519342e-02
1.860880338826181912e+01 3.712494398567776216e-02
1.861842441378803770e+01 3.712128490487553306e-02
1.862804543931425982e+01 3.711669022575210530e-02
1.863766646484047840e+01 3.711122008890001267e-02
1.864728749036670052e+01 3.710493459921879872e-02
1.865690851589292265e+01 3.709789382892633020e-02
1.866652954141914122e+01 3.709015782012960866e-02
1.867615056694536335e+01 3.708178658695156921e-02
1.868577159247158548e+01 3.707284011721144468e-02
1.869539261799780405e+01 3.706337837365554500e-02
1.870501364352402618e+01 3.705346129473673089e-02
1.871463466905024475e+01 3.704314879494013946e-02
1.872425569457646688e+01 3.703250076465355173e-02
1.873387672010268901e+01 3.702157706958037614e-02
1.874349774562890758e+01 3.701043754969390170e-02
1.875311877115512971e+01 3.699914201773073924e-02
1.876273979668134828e+01 3.698775025722227799e-02
1.877236082220757041e+01 3.697632202006178453e-02
1.878198184773379253e+01 3.696491702360567982e-02
1.879160287326001111e+01 3.695359494730658667e-02
1.880122389878623324e+01 3.694241542887587160e-02
1.881084492431245181e+01 3.693143805997285006e-02
1.882046594983867394e+01 3.692072238141769908e-02
1.883008697536489606e+01 3.691032787792459385e-02
1.883970800089111464e+01 3.690031397235087746e-02
1.884932902641733676e+01 3.689074001945787107e-02
1.885895005194355534e+01 3.688166529917828729e-02
1.886857107746977746e+01 3.687314900938418183e-02
1.887819210299599959e+01 3.686525025814917783e-02
1.888781312852221816e+01 3.685802805549731609e-02
1.889743415404844029e+01 3.685154130463081518e-02
1.890705517957466242e+01 3.684584879262706864e-02
1.891667620510088099e+01 3.684100918059535906e-02
1.892629723062710312e+01 3.683707780025976403e-02
1.893591825615332169e+01 3.683395811184297236e-02
1.894553928167954382e+01 3.683133920500023667e-02
1.895516030720576595e+01 3.682889517605156954e-02
1.896478133273198452e+01 3.682639039947088744e-02
1.897440235825820665e+01 3.682379917443984185e-02
1.898402338378442522e+01 3.682112576939937376e-02
1.899364440931064735e+01 3.681837439595454092e-02
1.900326543483686947e+01 3.681554921117232565e-02
1.901288646036308805e+01 3.681265431983503367e-02
1.902250748588931017e+01 3.680969377664867342e-02
1.903212851141552875e+01 3.680667158840477543e-02
1.904174953694175088e+01 3.680359171609477731e-02
1.905137056246797300e+01 3.680045807697626681e-02
1.906099158799419158e+01 3.679727454658980601e-02
1.907061261352041370e+01 3.679404496072567754e-02
1.908023363904663228e+01 3.679077311733958827e-02
1.908985466457285440e+01 3.678746277841652562e-02
1.909947569009907653e+01 3.678411767178221825e-02
1.910909671562529510e+01 3.678074149286104932e-02
1.911871774115151723e+01 3.677733790638015171e-02
1.912833876667773936e+01 3.677391054801881776e-02
1.913795979220395793e+01 3.677046302600268934e-02
1.914758081773018006e+01 3.676699892264191638e-02
1.915720184325639863e+01 3.676352179581316576e-02
1.916682286878262076e+01 3.676003518038467588e-02
1.917644389430884289e+01 3.675654258958370446e-02
1.918606491983506146e+01 3.675304751630644601e-02
1.919568594536128359e+01 3.674955343436948213e-02
1.920530697088750216e+01 3.674606379970264680e-02
1.921492799641372429e+01 3.674258205148290407e-02
1.922454902193994641e+01 3.673911161320878027e-02
1.923417004746616499e+01 3.673565589371530909e-02
1.924379107299238711e+01 3.673221828812882339e-02
1.925341209851860569e+01 3.672880217876172554e-02
1.926303312404482782e+01 3.672541093594668821e-02
1.927265414957104994e+01 3.672204791881027858e-02
1.928227517509726852e+01 3.671871647598566601e-02
1.929189620062349064e+01 3.671541994626430910e-02
1.930151722614970922e+01 3.671216165918652491e-02
1.931113825167593134e+01 3.670894493557061433e-02
1.932075927720215347e+01 3.670577308798057825e-02
1.933038030272837204e+01 3.670264942113220241e-02
1.934000132825459417e+01 3.669957723223762208e-02
1.934962235378081274e+01 3.669655981128791544e-02
1.935924337930703487e+01 3.669360044127392695e-02
1.936886440483325700e+01 3.669070239834534147e-02
1.937848543035947557e+01 3.668786895190741942e-02
1.938810645588569770e+01 3.668510336465616306e-02
1.939772748141191983e+01 3.668240889255096338e-02
1.940734850693813840e+01 3.667978878472544918e-02
1.941696953246436053e+01 3.667724628333598330e-02
1.942659055799057910e+01 3.667478462334806955e-02
1.943621158351680123e+01 3.667240703226042065e-02
1.944583260904302335e+01 3.667011672976681208e-02
1.945545363456924193e+01 3.666791692735554137e-02
1.946507466009546405e+01 3.666581082784661771e-02
1.947469568562168263e+01 3.666380162486639754e-02
1.948431671114790475e+01 3.666189250225980467e-02
1.949393773667412688e+01 3.666008663343999635e-02
1.950355876220034546e+01 3.665838718067540580e-02
1.951317978772656758e+01 3.665679729431407102e-02
1.952280081325278616e+01 3.665532011194518741e-02
1.953242183877900828e+01 3.665395875749766913e-02
1.954204286430523041e+01 3.665271634027588571e-02
1.955166388983144898e+01 3.665159595393192166e-02
1.956128491535767111e+01 3.665060067537487948e-02
1.957090594088388968e+01 3.664973356361640733e-02
1.958052696641011181e+01 3.664899765855270108e-02
1.959014799193633394e+01 3.664839597968265472e-02
1.959976901746255251e+01 3.664793152476177041e-02
1.960939004298877464e+01 3.664760726839185606e-02
1.961901106851499677e+01 3.664742616054596919e-02
1.962863209404121534e+01 3.664739112502846119e-02
1.963825311956743747e+01 3.664750505786985857e-02
1.964787414509365604e+01 3.664777082565585931e-02
1.965749517061987817e+01 3.664819126379059711e-02
1.966711619614610029e+01 3.664876917469334777e-02
1.967673722167231887e+01 3.664950732592827526e-02
1.968635824719854099e+01 3.665040844826691901e-02
1.969597927272475957e+01 3.665147523368285365e-02
1.970560029825098169e+01 3.665271033327770905e-02
1.971522132377720382e+01 3.665411635513828037e-02
1.972484234930342240e+01 3.665569586212391595e-02
1.973446337482964452e+01 3.665745136958365596e-02
1.974408440035586310e+01 3.665938534300207385e-02
1.975370542588208522e+01 3.666150019557354311e-02
1.976332645140830735e+01 3.666379828570359017e-02
1.977294747693452592e+01 3.666628191443687540e-02
1.978256850246074805e+01 3.666895332281082387e-02
1.979218952798696662e+01 3.667181468913367076e-02
