# # |k| S11(k) S12(k) S21(k) S22(k)	 TypeMap: {'PMS': 1, 'S': 2}
7.618010371223583004e-01 8.441563014177919655e+00 5.609476595935891652e+00 5.609476595935891652e+00 8.515537105119591388e+00
1.077350338578329403e+00 7.164800619424135597e+00 3.085038070120942777e+00 3.085038070120942777e+00 7.290689785477940887e+00
1.319479301865797316e+00 6.116713879717605273e+00 1.638632289589647684e+00 1.638632289589647684e+00 6.278690367121622096e+00
1.523603460244716601e+00 5.253152415834290601e+00 8.396396576451610194e-01 8.396396576451610194e-01 5.439124474782595975e+00
1.703440453930542775e+00 4.541860766087617129e+00 3.754535425720615938e-01 3.754535425720615938e-01 4.741730153303556961e+00
1.866025523969195410e+00 3.952719239491722547e+00 1.132427081694688947e-01 1.132427081694688947e-01 4.161847223123188222e+00
2.154700677156658806e+00 3.054260883600092846e+00 -8.759213531387660678e-02 -8.759213531387660678e-02 3.264755663744244973e+00
2.285405190367077122e+00 2.710262195111111883e+00 -1.275000209725009326e-01 -1.275000209725009326e-01 2.922875541423055612e+00
2.409028592643557509e+00 2.419372997254142454e+00 -1.394445458618524813e-01 -1.394445458618524813e-01 2.627370290570061329e+00
2.526610503459443713e+00 2.174110564089201336e+00 -1.497887494702515310e-01 -1.497887494702515310e-01 2.378978358687615202e+00
2.638958603731594632e+00 1.965344452386264429e+00 -1.481275110595669520e-01 -1.481275110595669520e-01 2.172205381824906301e+00
2.746715199693340548e+00 1.785635007127531537e+00 -1.374493367881438888e-01 -1.374493367881438888e-01 1.977534616511459786e+00
2.850401070769493561e+00 1.629468862965226084e+00 -1.338787557480982382e-01 -1.338787557480982382e-01 1.820938756698139205e+00
3.047206920489433202e+00 1.372863403981841035e+00 -1.117464210309712103e-01 -1.117464210309712103e-01 1.554693535656290093e+00
3.140988999072761967e+00 1.269311049748662823e+00 -1.109018560702736550e-01 -1.109018560702736550e-01 1.449872581760435208e+00
3.232051015734985988e+00 1.177211026190999821e+00 -1.044344224796108223e-01 -1.044344224796108223e-01 1.348552848014511918e+00
3.320616756617802423e+00 1.095579451165818119e+00 -9.826712280184848880e-02 -9.826712280184848880e-02 1.264586989739223899e+00
3.406880907861085550e+00 1.020582664656010108e+00 -9.251465232550973306e-02 -9.251465232550973306e-02 1.183565586868929653e+00
3.491014092834029192e+00 9.535947574449410435e-01 -8.741022823901177519e-02 -8.741022823901177519e-02 1.115557522385342670e+00
3.573166840826662582e+00 8.929044362982467842e-01 -8.223154849710809233e-02 -8.223154849710809233e-02 1.059101423720696822e+00
3.732051047938390820e+00 7.881434244042131443e-01 -7.352511819032325757e-02 -7.352511819032325757e-02 9.440980577887005953e-01
3.809008650611799940e+00 7.437935876817826086e-01 -7.045111008247503803e-02 -7.045111008247503803e-02 8.899836692846423425e-01
3.884441887382656944e+00 7.013072107538846911e-01 -6.521719584274135451e-02 -6.521719584274135451e-02 8.469164370746764536e-01
3.958437905597396167e+00 6.621052873910333592e-01 -6.018492006707164971e-02 -6.018492006707164971e-02 8.073211324854129289e-01
4.102427867069096123e+00 5.941530079765203753e-01 -5.467604507885360371e-02 -5.467604507885360371e-02 7.344269162028230769e-01
4.172559919344789314e+00 5.641021116043265504e-01 -5.131908656350343129e-02 -5.131908656350343129e-02 6.990083036766762126e-01
4.309401354313317611e+00 5.111449544869293149e-01 -4.939218796815620510e-02 -4.939218796815620510e-02 6.391134100887839731e-01
4.376217762928945376e+00 4.862378557123541722e-01 -4.528778950232572459e-02 -4.528778950232572459e-02 6.140606626269885515e-01
4.442029241753391311e+00 4.638204605611957465e-01 -4.256155936585791916e-02 -4.256155936585791916e-02 5.906825060088611856e-01
4.506879814307194643e+00 4.432563572292936849e-01 -4.079641279259293984e-02 -4.079641279259293984e-02 5.654496951290026718e-01
4.570810380734154243e+00 4.235324289929448538e-01 -3.938852279945485174e-02 -3.938852279945485174e-02 5.453555979038671175e-01
4.633859019504642518e+00 4.059510994295052466e-01 -3.776413303384892894e-02 -3.776413303384892894e-02 5.229246395208845266e-01
4.696061252652268259e+00 3.889874247951431441e-01 -3.599075694995342717e-02 -3.599075694995342717e-02 5.045916101357016403e-01
4.818057185287115018e+00 3.591434917176985486e-01 -3.255482131576988708e-02 -3.255482131576988708e-02 4.684825938588494942e-01
4.877911122264743327e+00 3.455825099884794471e-01 -3.195071984495932021e-02 -3.195071984495932021e-02 4.535724927067092405e-01
4.937039476521486669e+00 3.329293946281203787e-01 -3.126229721929900396e-02 -3.126229721929900396e-02 4.383383543609700728e-01
4.995468012984281003e+00 3.210832247479044610e-01 -3.029347188264310334e-02 -3.029347188264310334e-02 4.252996880331653684e-01
5.053221006918887426e+00 3.103846889816462284e-01 -2.875012310265051552e-02 -2.875012310265051552e-02 4.103096484944018241e-01
5.110321361791636541e+00 3.000622020111656796e-01 -2.835204277920862215e-02 -2.835204277920862215e-02 3.983510096558945945e-01
5.166790715405571000e+00 2.908458796821272729e-01 -2.751768267280267286e-02 -2.751768267280267286e-02 3.858616025007022277e-01
5.277917207463189264e+00 2.739926594807325921e-01 -2.646878486518802753e-02 -2.646878486518802753e-02 3.662400065642154035e-01
5.332612110856508103e+00 2.663625277475492603e-01 -2.559869340353775752e-02 -2.559869340353775752e-02 3.541894776381180332e-01
5.386751692891633247e+00 2.592821816721654904e-01 -2.496762741369074404e-02 -2.496762741369074404e-02 3.453677385894688978e-01
5.440352532408948782e+00 2.528115467511619086e-01 -2.440095229107875144e-02 -2.440095229107875144e-02 3.358095310809720568e-01
5.493430399386681096e+00 2.468789193923391911e-01 -2.422083853238153964e-02 -2.422083853238153964e-02 3.276993753712565405e-01
5.546000309134796247e+00 2.413896660977238873e-01 -2.353954331651482434e-02 -2.353954331651482434e-02 3.193155543194310941e-01
5.598076571907587784e+00 2.363787615126254071e-01 -2.297218074450355085e-02 -2.297218074450355085e-02 3.117799674805620258e-01
5.700802141538987122e+00 2.273683323031683579e-01 -2.244519755375300879e-02 -2.244519755375300879e-02 2.982511839331519754e-01
5.751476934926623485e+00 2.237550888207958388e-01 -2.181127463629159435e-02 -2.181127463629159435e-02 2.920567138302739285e-01
5.801709128266462123e+00 2.200083667013423561e-01 -2.132224927659431141e-02 -2.132224927659431141e-02 2.854066274301242379e-01
5.851510120048301289e+00 2.168274346658975449e-01 -2.091466992124418195e-02 -2.091466992124418195e-02 2.801770084616671541e-01
5.949861715793272943e+00 2.112321207836503068e-01 -2.059563559120411794e-02 -2.059563559120411794e-02 2.703401867939557168e-01
5.998432821419280359e+00 2.090897121262896563e-01 -2.015608207938238486e-02 -2.015608207938238486e-02 2.653141947064227568e-01
6.094413840978866403e+00 2.054328559698872514e-01 -1.983657607945460075e-02 -1.983657607945460075e-02 2.565366950051451433e-01
6.141841901346228205e+00 2.036707718110281617e-01 -1.959165283705112393e-02 -1.959165283705112393e-02 2.528170538561596570e-01
6.188906512232157375e+00 2.025679435233253556e-01 -1.922802086424583654e-02 -1.922802086424583654e-02 2.491198251839098210e-01
6.235615903274267957e+00 2.018919201654024720e-01 -1.897824896642243131e-02 -1.897824896642243131e-02 2.457841987099349534e-01
6.281977998145523934e+00 2.007273871358943307e-01 -1.855803455893621431e-02 -1.855803455893621431e-02 2.425429471017768457e-01
6.328000430246660812e+00 2.002777264554979342e-01 -1.841590174422932241e-02 -1.841590174422932241e-02 2.393861485615943752e-01
6.373690557378774990e+00 1.992826569093108791e-01 -1.833762101848207884e-02 -1.833762101848207884e-02 2.372417599425854506e-01
6.464102031469971976e+00 1.992999181883045590e-01 -1.755207510881565125e-02 -1.755207510881565125e-02 2.319649524105011629e-01
6.508836835354812500e+00 1.989786206166588023e-01 -1.754158664465512232e-02 -1.754158664465512232e-02 2.297853841483688819e-01
6.553266271508348950e+00 1.995144883364629584e-01 -1.749306849776989872e-02 -1.749306849776989872e-02 2.277817261928518910e-01
6.597396509328983250e+00 1.995177243606191531e-01 -1.753529444031791049e-02 -1.753529444031791049e-02 2.260595440029465608e-01
6.641233513235604846e+00 1.998231992364914722e-01 -1.705305737790208109e-02 -1.705305737790208109e-02 2.246006236675586465e-01
6.684783052077399645e+00 2.010938440549596973e-01 -1.669173047933801904e-02 -1.669173047933801904e-02 2.229006519341032444e-01
6.728050707995497426e+00 2.015611621346296012e-01 -1.702572174386698944e-02 -1.702572174386698944e-02 2.215363772204357873e-01
6.813761815722171100e+00 2.033986283251308924e-01 -1.637374884119041640e-02 -1.637374884119041640e-02 2.188339700337829374e-01
6.856215571101228257e+00 2.046283282352767130e-01 -1.622699490553723006e-02 -1.622699490553723006e-02 2.182548860179496508e-01
6.898408065157390467e+00 2.063631387977043485e-01 -1.595552196261117855e-02 -1.595552196261117855e-02 2.175616497975152441e-01
6.940344062756958365e+00 2.073276310188523763e-01 -1.598043375618994275e-02 -1.598043375618994275e-02 2.168669166611459087e-01
6.982028185668058384e+00 2.088007931968771380e-01 -1.596939069168675646e-02 -1.596939069168675646e-02 2.162025590750619453e-01
7.023464918505726295e+00 2.099742730322707307e-01 -1.548866638246560769e-02 -1.548866638246560769e-02 2.157400399629712251e-01
7.064658614363333200e+00 2.116891146575785865e-01 -1.545282773018658712e-02 -1.545282773018658712e-02 2.154119206109732232e-01
7.146333681653325165e+00 2.149329793198911098e-01 -1.535275796755807172e-02 -1.535275796755807172e-02 2.150529008172357981e-01
7.186823148342408096e+00 2.168136822143064413e-01 -1.532057195110072233e-02 -1.532057195110072233e-02 2.150819582458782797e-01
7.227085777930651211e+00 2.186629310608783905e-01 -1.519345122274512461e-02 -1.519345122274512461e-02 2.149402964918831482e-01
7.267125340709696957e+00 2.209781784532031390e-01 -1.512877637732217007e-02 -1.512877637732217007e-02 2.150713023500458176e-01
7.346549834420237346e+00 2.246426579949861724e-01 -1.498189625404941668e-02 -1.498189625404941668e-02 2.158121369224396957e-01
7.385941804918125797e+00 2.268269024732534334e-01 -1.456608760562877643e-02 -1.456608760562877643e-02 2.162788287634344608e-01
7.464102095876781640e+00 2.313680483369390806e-01 -1.449708042531960145e-02 -1.449708042531960145e-02 2.174355752510185313e-01
7.502876913137359161e+00 2.334851970810065125e-01 -1.431669837146662232e-02 -1.431669837146662232e-02 2.174765097459558927e-01
7.541452370048309817e+00 2.356255740966963219e-01 -1.428232115999934423e-02 -1.428232115999934423e-02 2.184753305703447113e-01
7.579831510378337356e+00 2.380160446917235495e-01 -1.396278012816645764e-02 -1.396278012816645764e-02 2.193917653352912833e-01
7.618017301223599880e+00 2.403310747858528884e-01 -1.406001993827681387e-02 -1.406001993827681387e-02 2.201763460204636813e-01
7.656012635684413148e+00 2.429224032976488867e-01 -1.399029504433639028e-02 -1.399029504433639028e-02 2.211278169341759359e-01
7.693820335423524170e+00 2.455219303985115842e-01 -1.362066451666095121e-02 -1.362066451666095121e-02 2.222940481201505780e-01
7.768883774765313888e+00 2.503299828594464094e-01 -1.379594139350049167e-02 -1.379594139350049167e-02 2.242076824623023823e-01
7.806144821986642945e+00 2.533211777843846768e-01 -1.359998546175784397e-02 -1.359998546175784397e-02 2.253544422685076765e-01
7.843228854103805325e+00 2.554277421335202081e-01 -1.392785901800908804e-02 -1.392785901800908804e-02 2.265288447362219515e-01
7.880138370223182420e+00 2.576110945086989568e-01 -1.348519025946672174e-02 -1.348519025946672174e-02 2.274630526346327619e-01
7.916875811194792334e+00 2.614330225988705791e-01 -1.333873012871565795e-02 -1.333873012871565795e-02 2.290983837844685622e-01
7.953443561495781466e+00 2.631347607778746212e-01 -1.338647555165051704e-02 -1.338647555165051704e-02 2.301454892888530612e-01
7.989843951036609937e+00 2.660983375634349279e-01 -1.323698919626757620e-02 -1.323698919626757620e-02 2.316059636622452844e-01
8.098063471594196372e+00 2.741711660968255693e-01 -1.288845653360465131e-02 -1.288845653360465131e-02 2.362369664408217884e-01
8.133816685049261253e+00 2.763639426571105617e-01 -1.276440972088340245e-02 -1.276440972088340245e-02 2.374296969364192156e-01
8.169413427046221088e+00 2.794639633279540902e-01 -1.305999678714317956e-02 -1.305999678714317956e-02 2.393545878431407037e-01
8.204855734138192247e+00 2.820495287512765903e-01 -1.264967506736953788e-02 -1.264967506736953788e-02 2.404378016402692331e-01
8.240145599080028305e+00 2.846167951371542104e-01 -1.251100431712768093e-02 -1.251100431712768093e-02 2.423055032857049651e-01
8.275284972135727557e+00 2.877193622090943870e-01 -1.268968066253506853e-02 -1.268968066253506853e-02 2.441567144572802939e-01
8.345119838689578629e+00 2.935271856931184198e-01 -1.191839126939820206e-02 -1.191839126939820206e-02 2.478077181272075324e-01
8.379819031345954627e+00 2.963067705200402302e-01 -1.234456210084104548e-02 -1.234456210084104548e-02 2.494236010714221130e-01
8.414375132719307260e+00 2.991103812360856873e-01 -1.190847426357947818e-02 -1.190847426357947818e-02 2.514152424788800300e-01
8.448789898567881096e+00 3.028127851866299070e-01 -1.184459598643240047e-02 -1.184459598643240047e-02 2.533876647921328717e-01
8.517202269652715430e+00 3.076061053027503434e-01 -1.172479599205920701e-02 -1.172479599205920701e-02 2.568622876368917285e-01
8.551203212308491786e+00 3.103944344256685528e-01 -1.188282043991731665e-02 -1.188282043991731665e-02 2.587747282178096686e-01
8.618802708626635223e+00 3.151366841722941792e-01 -1.178717413618967161e-02 -1.178717413618967161e-02 2.623537221783315276e-01
8.652404406073884502e+00 3.185320345580615053e-01 -1.153448476569289907e-02 -1.153448476569289907e-02 2.645831705244396370e-01
8.685876114835179962e+00 3.213716646107337427e-01 -1.164810019802757501e-02 -1.164810019802757501e-02 2.665750487567739579e-01
8.719219331928862005e+00 3.241944779268396970e-01 -1.116980236423999705e-02 -1.116980236423999705e-02 2.687241409717055496e-01
8.752435525857890752e+00 3.267459544696126872e-01 -1.082261377527717408e-02 -1.082261377527717408e-02 2.709227631149281890e-01
8.785526137364621846e+00 3.296046099928346407e-01 -1.086075336099839687e-02 -1.086075336099839687e-02 2.726978339625626968e-01
8.818492580159825067e+00 3.327402320983804396e-01 -1.067267467947310457e-02 -1.067267467947310457e-02 2.750252095461555579e-01
8.884058483506782622e+00 3.382282195949693482e-01 -1.077565204135894766e-02 -1.077565204135894766e-02 2.789321172000348570e-01
8.916660642549230076e+00 3.408068553397698985e-01 -1.076994982466688601e-02 -1.076994982466688601e-02 2.810266098222573006e-01
8.949144031157622692e+00 3.439713357098331814e-01 -1.019954336734721183e-02 -1.019954336734721183e-02 2.832541702827628960e-01
8.981509938001572380e+00 3.465136569540301359e-01 -9.992435572464842056e-03 -9.992435572464842056e-03 2.857209354985119076e-01
9.013759628614389285e+00 3.492040205666271380e-01 -1.035017998895875445e-02 -1.035017998895875445e-02 2.876414790147530653e-01
9.045894345970213024e+00 3.521777384492998930e-01 -9.635289251780362191e-03 -9.635289251780362191e-03 2.901094640805625402e-01
9.077915311043241786e+00 3.548973348096768343e-01 -9.608098509646695318e-03 -9.608098509646695318e-03 2.923233504155227647e-01
9.141620761468308487e+00 3.611023986069831215e-01 -9.528679415460081237e-03 -9.528679415460081237e-03 2.969954994027215744e-01
9.173307583555994071e+00 3.637110858125899848e-01 -9.129768227345239767e-03 -9.129768227345239767e-03 2.993913689941057887e-01
9.204885327832354136e+00 3.660643969369872797e-01 -9.203636066751293143e-03 -9.203636066751293143e-03 3.013850423909980036e-01
9.236355113060584543e+00 3.686252494734918450e-01 -9.092533419617828197e-03 -9.092533419617828197e-03 3.031244550624642153e-01
9.267718039009285036e+00 3.729512641730030609e-01 -8.333875978594685457e-03 -8.333875978594685457e-03 3.068196780140233226e-01
9.298975186900744205e+00 3.742776810480666905e-01 -8.448924532614312047e-03 -8.448924532614312047e-03 3.084317942761444775e-01
9.330127619845987041e+00 3.764465809317590894e-01 -8.663561484944373031e-03 -8.663561484944373031e-03 3.102594321868063498e-01
9.392122505304536517e+00 3.820426362204177861e-01 -8.073231118514920257e-03 -8.073231118514920257e-03 3.154535169267586037e-01
9.422966997218283680e+00 3.848262340733909492e-01 -8.025339942525605563e-03 -8.025339942525605563e-03 3.174899279037336486e-01
9.453710853769663913e+00 3.873731478174430864e-01 -7.682815223803553771e-03 -7.682815223803553771e-03 3.200873002365589026e-01
9.484355053597480989e+00 3.899660276799358227e-01 -7.824213283926345977e-03 -7.824213283926345977e-03 3.220935895167075236e-01
9.545348319193731612e+00 3.954103682713541734e-01 -7.687100604923897094e-03 -7.687100604923897094e-03 3.269154647128162394e-01
9.575699264844940828e+00 3.975839352320898468e-01 -7.201996846815286735e-03 -7.201996846815286735e-03 3.290374587045541421e-01
9.636114370574230037e+00 4.033522533499846463e-01 -7.063567673018422005e-03 -7.063567673018422005e-03 3.338405123563769616e-01
9.666180323106157601e+00 4.053945173840764471e-01 -6.793297004953481426e-03 -6.793297004953481426e-03 3.362589207170557093e-01
9.696153047204941089e+00 4.080385153174296287e-01 -6.330248969003813078e-03 -6.330248969003813078e-03 3.387899937979896303e-01
9.726033404777075120e+00 4.098795652349366270e-01 -6.138959366203405529e-03 -6.138959366203405529e-03 3.414104411855373722e-01
9.755822244529486653e+00 4.130193178053839231e-01 -6.105570024395301151e-03 -6.105570024395301151e-03 3.434555322932132393e-01
9.785520402251197680e+00 4.150992956793517763e-01 -5.804913285049147567e-03 -5.804913285049147567e-03 3.462095657768808343e-01
9.815128701086470286e+00 4.179348469747909967e-01 -5.489751460320666313e-03 -5.489751460320666313e-03 3.483925126416161366e-01
9.874078953042973339e+00 4.225434347948647251e-01 -5.185108792887926227e-03 -5.185108792887926227e-03 3.533174439802901912e-01
9.903422491590662347e+00 4.258398940538729027e-01 -5.271883277581095907e-03 -5.271883277581095907e-03 3.552650314951987243e-01
9.932679342602453332e+00 4.284281061304786031e-01 -5.194355319150502359e-03 -5.194355319150502359e-03 3.578721952858253674e-01
9.961850269853407269e+00 4.306066403180555668e-01 -4.754259485039095089e-03 -4.754259485039095089e-03 3.603693352387156157e-01
9.990936025968562006e+00 4.328084865268090886e-01 -4.279013989105840549e-03 -4.279013989105840549e-03 3.633188330033435554e-01
1.001993735264914065e+01 4.349440438758119254e-01 -4.305665832140675997e-03 -4.305665832140675997e-03 3.651999296228284342e-01
1.004885498089362983e+01 4.375688093003479162e-01 -4.250068682016655032e-03 -4.250068682016655032e-03 3.678384702601321665e-01
1.010644201383777485e+01 4.419908488848748318e-01 -4.291593076538378730e-03 -4.291593076538378730e-03 3.717248440697402123e-01
1.013511282892713439e+01 4.444191332704213182e-01 -3.700311575585210535e-03 -3.700311575585210535e-03 3.754664753041918046e-01
1.016370276676272688e+01 4.464445593142504776e-01 -3.692910840740502593e-03 -3.692910840740502593e-03 3.768936030263755343e-01
1.019221250794535649e+01 4.488479563726036070e-01 -3.019640865435854141e-03 -3.019640865435854141e-03 3.799202853796464496e-01
1.022064272358327308e+01 4.510259165637792722e-01 -3.373215112424517766e-03 -3.373215112424517766e-03 3.820388279145254806e-01
1.024899407547652963e+01 4.533178322167679131e-01 -2.787279584995863528e-03 -2.787279584995863528e-03 3.841567529676462867e-01
1.027726721629687212e+01 4.554081925800737007e-01 -2.515679869076871498e-03 -2.515679869076871498e-03 3.869667259634635981e-01
1.033358143081114200e+01 4.595014555403133527e-01 -2.134582490317248928e-03 -2.134582490317248928e-03 3.906031529944001823e-01
1.036162376576291955e+01 4.620464238022609638e-01 -2.054650161333255228e-03 -2.054650161333255228e-03 3.939139357452715040e-01
1.038959041248690518e+01 4.641673962908246520e-01 -1.651808184127557871e-03 -1.651808184127557871e-03 3.964379066676704810e-01
1.041748198055831409e+01 4.664284285227559557e-01 -2.402020080867632839e-03 -2.402020080867632839e-03 3.982662690750348733e-01
1.047304227850208846e+01 4.703263860675819807e-01 -1.272063692615337622e-03 -1.272063692615337622e-03 4.031694325479296959e-01
1.050071218743325652e+01 4.727383974285903068e-01 -1.351986622894720729e-03 -1.351986622894720729e-03 4.059864963247696301e-01
1.055583441492637853e+01 4.759693639813588062e-01 4.781386097529551809e-04 4.781386097529551809e-04 4.118496394024647178e-01
1.058328786679083322e+01 4.788991597321861082e-01 -1.960675342260664248e-04 -1.960675342260664248e-04 4.125888216001815101e-01
1.061067028737481976e+01 4.807310951343474192e-01 -3.018347750698820923e-04 -3.018347750698820923e-04 4.149239375891463633e-01
1.063798222518708592e+01 4.830337587156846579e-01 2.579867510114922861e-04 2.579867510114922861e-04 4.173548191368841032e-01
1.066522422171301621e+01 4.851230329023384358e-01 2.286953796415168774e-04 2.286953796415168774e-04 4.192531323652171071e-01
1.069239681154003740e+01 4.872395323864984751e-01 1.504688315269316849e-04 1.504688315269316849e-04 4.217468490482959576e-01
1.071950052248001128e+01 4.890019346451007776e-01 4.723443842951804516e-04 4.723443842951804516e-04 4.241694458342887275e-01
1.077350338578326649e+01 4.927661719604987112e-01 1.035896142700563297e-03 1.035896142700563297e-03 4.290219782401457072e-01
1.080040356095553022e+01 4.946849713622032407e-01 7.961959273694143094e-04 7.961959273694143094e-04 4.313518211162543081e-01
1.082723690308466935e+01 4.959470194360843243e-01 1.571823743266943189e-03 1.571823743266943189e-03 4.334259012140069256e-01
1.085400390784598201e+01 4.975622518949947004e-01 1.278281820165596714e-03 1.278281820165596714e-03 4.353213053264645693e-01
1.088070506481789756e+01 5.002047164033434079e-01 1.165693221936043309e-03 1.165693221936043309e-03 4.382332660735468455e-01
1.090734085758629313e+01 5.021192153145680459e-01 1.706932700433917878e-03 1.706932700433917878e-03 4.396720455267184025e-01
1.093391176384684194e+01 5.034343914357696237e-01 2.075197428782765349e-03 2.075197428782765349e-03 4.422807842551521040e-01
1.098686079877336219e+01 5.065929838628089321e-01 2.354897282820393734e-03 2.354897282820393734e-03 4.465200032183355150e-01
1.101323985426815710e+01 5.086187836327817902e-01 2.605987672836305915e-03 2.605987672836305915e-03 4.489725704812454476e-01
1.103955587710204433e+01 5.102704194355675016e-01 2.643804890625277119e-03 2.643804890625277119e-03 4.506022058876711922e-01
1.106580931697610204e+01 5.118288870843006322e-01 3.193023555873343577e-03 3.193023555873343577e-03 4.539442608028834147e-01
1.109200061826959249e+01 5.138936613311947399e-01 2.800243992148125378e-03 2.800243992148125378e-03 4.555115809908165114e-01
1.111813022012739438e+01 5.151975240368094067e-01 3.351752323605225459e-03 3.351752323605225459e-03 4.579946772908777830e-01
1.114419855654624314e+01 5.170304222050567944e-01 3.221724954481112232e-03 3.221724954481112232e-03 4.592210527031261869e-01
1.119615314381517557e+01 5.204722460338889745e-01 3.680562487043924792e-03 3.680562487043924792e-03 4.638057104513589879e-01
1.122204023766534675e+01 5.217623925108795246e-01 4.379599898363753692e-03 4.379599898363753692e-03 4.663362825890974284e-01
1.124786775223629753e+01 5.236126982915783046e-01 4.367836957147588559e-03 4.367836957147588559e-03 4.680981064175377404e-01
1.127363609701033909e+01 5.248336082058376872e-01 4.299681374180354745e-03 4.299681374180354745e-03 4.694499520335433385e-01
1.132499689182514757e+01 5.280347219448320306e-01 4.731192288594461212e-03 4.731192288594461212e-03 4.740327904650127877e-01
1.135059013777991588e+01 5.297181756925526397e-01 4.803132500817464644e-03 4.803132500817464644e-03 4.762536566891952261e-01
1.140160428307797424e+01 5.329836335468610686e-01 5.269553001209303228e-03 5.269553001209303228e-03 4.812400541038449053e-01
1.142702595183537362e+01 5.339671497322135973e-01 5.273705123998883269e-03 5.273705123998883269e-03 4.823978951292688389e-01
1.145239119048665977e+01 5.357137789884642842e-01 5.865319350551417669e-03 5.865319350551417669e-03 4.845549204557725309e-01
1.147770037315638625e+01 5.373257204979222657e-01 5.792505777117179511e-03 5.792505777117179511e-03 4.862796849387403531e-01
1.150295386985324697e+01 5.372297561661055765e-01 6.162934115680322213e-03 6.162934115680322213e-03 4.883975475981455761e-01
1.152815204653325232e+01 5.399049718486561567e-01 6.338059506821304596e-03 6.338059506821304596e-03 4.901338116038472803e-01
1.155329526516163163e+01 5.410805603089319238e-01 6.212343668919585900e-03 6.212343668919585900e-03 4.921032855160723529e-01
1.160341825653292425e+01 5.441190801113054976e-01 6.801162274642697826e-03 6.801162274642697826e-03 4.951979469473289375e-01
1.162839873379214772e+01 5.451728370936995693e-01 6.798592057516181057e-03 6.798592057516181057e-03 4.975411309568498197e-01
1.165332566214794952e+01 5.458999265405027890e-01 6.941074503709537824e-03 6.941074503709537824e-03 4.997394165743047068e-01
1.167819938449818018e+01 5.481465469973301197e-01 6.829528374910848534e-03 6.829528374910848534e-03 5.019850184742501442e-01
1.170302024009660258e+01 5.484299682656235131e-01 7.325584867296093886e-03 7.325584867296093886e-03 5.030999777976867815e-01
1.172778856460707608e+01 5.495603353613225384e-01 7.261836060159234177e-03 7.261836060159234177e-03 5.049157657593182913e-01
1.175250469015627885e+01 5.511414027156766871e-01 7.548641040891819476e-03 7.548641040891819476e-03 5.071339057900082770e-01
1.182634314233263240e+01 5.548268597841999883e-01 7.634140672356111955e-03 7.634140672356111955e-03 5.124241384772286745e-01
1.185085372436161322e+01 5.558650453917157730e-01 7.813208706973081077e-03 7.813208706973081077e-03 5.144516639202202368e-01
1.187531371679217429e+01 5.571679257316926037e-01 8.257401536846124129e-03 8.257401536846124129e-03 5.158366888319181331e-01
1.189972343158654589e+01 5.575057130109655201e-01 8.164396822694704875e-03 8.164396822694704875e-03 5.171164074209803063e-01
1.192408317751378988e+01 5.584945108518570844e-01 8.485353748668529247e-03 8.485353748668529247e-03 5.193483644714448344e-01
1.194839326019548764e+01 5.597173247112516847e-01 8.426861990247969461e-03 8.426861990247969461e-03 5.203489542842882898e-01
1.199686564283856072e+01 5.620332560136328537e-01 8.714283205309024741e-03 8.714283205309024741e-03 5.239627534666725373e-01
1.202102853870403543e+01 5.629149810995182079e-01 8.830777838740765801e-03 8.830777838740765801e-03 5.260505486094813055e-01
1.204514296321777067e+01 5.641410777336247628e-01 8.745450581317443933e-03 8.745450581317443933e-03 5.274502027636353008e-01
1.206920920691874244e+01 5.646850801218297189e-01 8.932292605459708074e-03 8.932292605459708074e-03 5.289945920595493511e-01
1.211719829962384942e+01 5.669917395434269647e-01 9.217404319080517439e-03 9.217404319080517439e-03 5.325656618778428220e-01
1.214112171541099627e+01 5.679603249919388253e-01 9.620986876965746323e-03 9.620986876965746323e-03 5.336158099225889462e-01
1.221261078297659886e+01 5.699223586283493903e-01 9.643640770602710313e-03 9.643640770602710313e-03 5.378978167414929512e-01
1.223634765820643544e+01 5.715140666582233520e-01 9.907005524641181171e-03 9.907005524641181171e-03 5.399117253486466206e-01
1.226003857614287185e+01 5.722062467624231541e-01 9.917263609568438207e-03 9.917263609568438207e-03 5.414336564423629650e-01
1.228368380269245641e+01 5.727396511540790991e-01 9.997219644198926738e-03 9.997219644198926738e-03 5.421727245086720437e-01
1.230728360120730613e+01 5.735933631659492216e-01 1.006926471358175756e-02 1.006926471358175756e-02 5.434022176247996772e-01
1.233083823251945610e+01 5.741031854335936213e-01 1.007423549587444650e-02 1.007423549587444650e-02 5.452577262961902926e-01
1.237781302446431475e+01 5.755850151148586002e-01 1.015377416364164447e-02 1.015377416364164447e-02 5.480383275185973790e-01
1.240123369446025947e+01 5.768786784787438560e-01 1.023152028402775013e-02 1.023152028402775013e-02 5.492274383426686279e-01
1.242461021604432858e+01 5.772907056003265813e-01 1.034646940065823452e-02 1.034646940065823452e-02 5.510289689894666276e-01
1.244794283794115941e+01 5.775854921286800447e-01 1.045578629130495055e-02 1.045578629130495055e-02 5.519265427116807343e-01
1.247123180654853591e+01 5.790236993070903004e-01 1.028845624905433409e-02 1.028845624905433409e-02 5.532151577740525017e-01
1.249447736596794556e+01 5.796027120122592136e-01 1.049034136031609492e-02 1.049034136031609492e-02 5.547006416078986701e-01
1.251767975803433863e+01 5.799938027166067211e-01 1.060955763484614997e-02 1.060955763484614997e-02 5.558120647736639608e-01
1.256395599629104787e+01 5.802787857727135234e-01 9.817942025496663450e-03 9.817942025496663450e-03 5.582171015844890061e-01
1.258703031508048831e+01 5.820525252542028127e-01 1.108779293712548047e-02 1.108779293712548047e-02 5.591881364038405744e-01
1.261006241177148901e+01 5.824002482249739376e-01 1.007847450214158398e-02 1.007847450214158398e-02 5.605281050463181147e-01
1.263305251729725143e+01 5.831310000863673126e-01 1.030192825581478094e-02 1.030192825581478094e-02 5.616167458541861945e-01
1.265600086049332162e+01 5.839690195153557362e-01 1.139749795249569812e-02 1.139749795249569812e-02 5.640085450638895326e-01
1.267890766812444703e+01 5.836501072198221340e-01 1.057066105376656094e-02 1.057066105376656094e-02 5.634439543483518165e-01
1.270177316491056985e+01 5.844448127536499005e-01 1.083121520611689953e-02 1.083121520611689953e-02 5.647165266397589090e-01
1.274738111475754998e+01 5.854271829011162831e-01 1.114292809579644876e-02 1.114292809579644876e-02 5.670893991905848752e-01
1.277012400726379759e+01 5.858323304718755509e-01 1.069555874094617852e-02 1.069555874094617852e-02 5.685162747778286230e-01
1.279282646786521482e+01 5.858351262459577935e-01 1.048129978783853521e-02 1.048129978783853521e-02 5.693353315027239736e-01
1.281548871143548141e+01 5.867122586892860037e-01 1.070911471573052220e-02 1.070911471573052220e-02 5.708994322741588467e-01
1.286069339751805352e+01 5.878848788934959435e-01 1.099404686217798216e-02 1.099404686217798216e-02 5.731334367357543425e-01
1.288323626038820358e+01 5.880709189213549903e-01 1.035814206640406528e-02 1.035814206640406528e-02 5.736274261351471671e-01
1.292820406293994395e+01 5.882427800470346746e-01 1.053322711151095416e-02 1.053322711151095416e-02 5.749477782647476332e-01
1.295062941208009910e+01 5.886174634917157311e-01 9.963609014003704453e-03 9.963609014003704453e-03 5.759629535374325426e-01
1.297301599648483794e+01 5.892246372799677667e-01 1.066735832382311421e-02 1.066735832382311421e-02 5.768821572844241574e-01
1.299536401648946971e+01 5.897614843577321242e-01 1.066687871287416711e-02 1.066687871287416711e-02 5.776851008452407177e-01
1.301767367070962500e+01 5.904788144776538239e-01 1.087989335684739524e-02 1.087989335684739524e-02 5.789900744913570874e-01
1.303994515606193261e+01 5.903117421082005878e-01 1.046252158294008056e-02 1.046252158294008056e-02 5.799306108078593480e-01
1.306217866778436942e+01 5.909559544165240430e-01 1.064098475054721209e-02 1.064098475054721209e-02 5.806196204079899781e-01
1.310653254301669790e+01 5.906331242640127099e-01 1.049497989292014037e-02 1.049497989292014037e-02 5.820147998227760411e-01
1.312865328878686277e+01 5.908732919878801892e-01 1.023354877005390462e-02 1.023354877005390462e-02 5.825672786291792304e-01
1.315073682548590561e+01 5.912537759752695132e-01 1.041760349661141269e-02 1.041760349661141269e-02 5.844196984792106031e-01
1.317278334025152908e+01 5.916541455629046320e-01 1.040480717389390131e-02 1.040480717389390131e-02 5.844579398833403827e-01
1.319479301865796650e+01 5.915017234662913737e-01 1.003638211323395167e-02 1.003638211323395167e-02 5.845389096976884025e-01
1.321676604473433869e+01 5.918496432103044214e-01 1.095002071554788438e-02 1.095002071554788438e-02 5.852971144716183627e-01
1.323870260098247442e+01 5.920181915072929568e-01 9.779635234941835148e-03 9.779635234941835148e-03 5.873955338415802752e-01
1.328246702647120969e+01 5.927839852422094324e-01 1.059855620444997461e-02 1.059855620444997461e-02 5.879587221479786185e-01
1.330429525323730999e+01 5.926050980361895482e-01 1.050859708798945920e-02 1.050859708798945920e-02 5.888459950311755176e-01
1.332608772526018548e+01 5.924175569129446206e-01 1.008045380611379167e-02 1.008045380611379167e-02 5.890661537704667827e-01
1.334784461766574104e+01 5.914187872149341274e-01 1.041450779236947032e-02 1.041450779236947032e-02 5.886728808104825239e-01
1.336956610415479929e+01 5.925626698841270912e-01 9.281258487254110887e-03 9.281258487254110887e-03 5.907283653720507566e-01
1.339125235701958161e+01 5.920666910286095375e-01 8.578252678540926324e-03 8.578252678540926324e-03 5.911985097196537087e-01
1.341290354715935251e+01 5.920713013020133531e-01 9.620227377339116842e-03 9.620227377339116842e-03 5.915293542330870569e-01
1.345610141599099485e+01 5.932476521884647580e-01 9.777398197251671239e-03 9.777398197251671239e-03 5.929975557495098526e-01
1.347764842965759868e+01 5.925124456027800468e-01 9.517954326681362862e-03 9.517954326681362862e-03 5.930917707396055061e-01
1.349916105057902271e+01 5.922291964840054046e-01 9.788755709489015827e-03 9.788755709489015827e-03 5.934228617358436875e-01
1.352063944292160080e+01 5.926715072479370461e-01 9.521419348965576637e-03 9.521419348965576637e-03 5.943168427008369559e-01
1.356349419204070550e+01 5.922720039495886768e-01 9.710453437001269339e-03 9.710453437001269339e-03 5.942093055695326642e-01
1.358487087069801014e+01 5.922773283337440242e-01 8.887355275979350044e-03 8.887355275979350044e-03 5.947100671945196870e-01
1.364880002789959157e+01 5.922419999171647520e-01 8.675536855443026496e-03 8.675536855443026496e-03 5.963786947018295814e-01
1.367004330928066125e+01 5.920318387144855032e-01 9.532535195404451267e-03 9.532535195404451267e-03 5.971982436244696046e-01
1.369125362973116466e+01 5.913041056233772075e-01 8.106647120198904460e-03 8.106647120198904460e-03 5.977277828188893860e-01
1.371243114220245651e+01 5.912161962271713644e-01 8.427283989564889055e-03 8.427283989564889055e-03 5.972276014053723436e-01
1.373357599846671206e+01 5.907681215845738132e-01 8.393019401483022002e-03 8.393019401483022002e-03 5.981927934727936380e-01
1.375468834912951799e+01 5.911348026013177881e-01 8.635731513431114253e-03 8.635731513431114253e-03 5.976316911562732370e-01
1.381783185632720823e+01 5.905387826456450773e-01 8.271253594782927016e-03 8.271253594782927016e-03 5.985658584396101878e-01
1.385976770951685744e+01 5.898082113511153857e-01 8.501608412620514921e-03 8.501608412620514921e-03 6.002447461808341211e-01
1.388068812551391851e+01 5.905893570187484842e-01 8.283014922679280204e-03 8.283014922679280204e-03 6.001099656881320188e-01
1.390157705851392222e+01 5.898678217499017107e-01 8.410167768737195071e-03 8.410167768737195071e-03 5.997103450311774830e-01
1.392243465022615112e+01 5.890051297482555848e-01 7.197944585564108010e-03 7.197944585564108010e-03 5.998613686353071461e-01
1.398482077889704911e+01 5.885679366150345926e-01 7.264802890911066166e-03 7.264802890911066166e-03 5.994127651323409856e-01
1.400555440151825870e+01 5.878143118774804554e-01 7.230121065521867389e-03 7.230121065521867389e-03 6.006019921566401187e-01
1.402625737571875852e+01 5.876012361405510420e-01 7.668096309286376137e-03 7.668096309286376137e-03 6.000661618174558676e-01
1.404692983701145614e+01 5.859259522317170621e-01 6.071845316964642227e-03 6.071845316964642227e-03 6.001058435490863596e-01
1.406757191991352762e+01 5.865636868903763013e-01 6.800239641981831000e-03 6.800239641981831000e-03 6.008373485213546195e-01
1.408818375795677724e+01 5.869106453552578317e-01 6.893939863435054327e-03 6.893939863435054327e-03 6.012130001066543494e-01
1.412931722872666640e+01 5.858457203129313617e-01 6.712542291188026110e-03 6.712542291188026110e-03 6.003423325338370642e-01
1.414983912367945607e+01 5.861506145214309127e-01 7.105054172965986556e-03 7.105054172965986556e-03 6.014419644620508931e-01
1.417033129824520188e+01 5.844321235839273765e-01 6.556957543317224954e-03 6.556957543317224954e-03 6.011820874343462018e-01
1.419079388117679130e+01 5.841838136117756264e-01 6.833888273506845412e-03 6.833888273506845412e-03 6.003554364688057365e-01
1.423163078252382086e+01 5.843457510528107246e-01 6.688299234408364227e-03 6.688299234408364227e-03 6.001221234998136422e-01
1.425200535384744782e+01 5.831799249723319534e-01 6.094047192553509601e-03 6.094047192553509601e-03 6.011607527613254121e-01
1.429266736330665033e+01 5.825704802852321729e-01 5.186892197618395844e-03 5.186892197618395844e-03 6.004189007125557698e-01
1.431295504898093185e+01 5.824084569931894384e-01 5.715812118035522131e-03 5.715812118035522131e-03 6.012162919689687524e-01
1.433321401885028479e+01 5.819204622080551559e-01 6.589858502071068401e-03 6.589858502071068401e-03 6.006236973238421317e-01
1.435344439450629572e+01 5.812222356333044404e-01 5.272210560577657475e-03 5.272210560577657475e-03 6.005962553613326538e-01
1.437364629668481619e+01 5.809451715856674969e-01 6.685821315588990482e-03 6.685821315588990482e-03 5.999830779108126233e-01
1.441396515932502176e+01 5.784798790136045366e-01 5.748713677720869789e-03 5.748713677720869789e-03 6.008916689438295045e-01
1.445417155586133617e+01 5.785457825335115212e-01 6.226879637716137977e-03 6.226879637716137977e-03 6.006109784618960390e-01
1.447423287232481393e+01 5.786598311419144380e-01 5.052955622255624231e-03 5.052955622255624231e-03 6.010528788175221182e-01
1.449426642222041117e+01 5.779681801039943112e-01 4.654560054616388096e-03 4.654560054616388096e-03 5.991897082508776951e-01
1.451427232052379246e+01 5.773813010350383745e-01 5.390712761050700519e-03 5.390712761050700519e-03 5.992616899837539535e-01
1.455420161830794434e+01 5.754426903870555332e-01 4.332182492714764348e-03 4.332182492714764348e-03 5.989482497336043876e-01
1.457412524381397390e+01 5.751815324403795060e-01 4.520084174481713533e-03 4.520084174481713533e-03 5.985897077493261831e-01
1.463373336679426906e+01 5.733112087970069215e-01 4.086687221340318775e-03 4.086687221340318775e-03 5.979591562274261252e-01
1.465354885774924654e+01 5.726429337303067246e-01 4.037171269091392387e-03 4.037171269091392387e-03 5.981123296369597053e-01
1.467333758905801133e+01 5.724899586065230750e-01 3.794472086909856171e-03 3.794472086909856171e-03 5.982679183788430777e-01
1.471283520449056503e+01 5.714350072028098193e-01 3.899260833617499561e-03 3.899260833617499561e-03 5.962151304838684274e-01
1.473254430268291948e+01 5.712525579544077692e-01 4.157081194118906683e-03 4.157081194118906683e-03 5.969098333464567530e-01
1.477188360983625159e+01 5.701609390830894020e-01 2.835516957267370571e-03 2.835516957267370571e-03 5.961151333821818055e-01
1.479151402861002218e+01 5.686024760423470381e-01 3.613093581085835213e-03 3.613093581085835213e-03 5.962189532706219097e-01
1.481111842956447155e+01 5.684462567183460324e-01 3.426423161674236988e-03 3.426423161674236988e-03 5.947235743631505978e-01
1.486977655389068076e+01 5.666992815519262816e-01 4.027822067100950143e-03 4.027822067100950143e-03 5.946833766050614312e-01
1.488927790857080957e+01 5.662218658535413951e-01 2.306647012823610440e-03 2.306647012823610440e-03 5.954341199288567532e-01
1.494762931928360672e+01 5.639291820632210683e-01 2.971562671612725144e-03 2.971562671612725144e-03 5.928768046707982853e-01
1.496702923571422517e+01 5.630531290620749418e-01 2.635735649718254185e-03 2.635735649718254185e-03 5.925296559390216267e-01
1.498640403895279150e+01 5.623531624634795500e-01 2.499951996847390480e-03 2.499951996847390480e-03 5.923914432330826818e-01
1.500575382627471832e+01 5.612796653820579795e-01 2.639850480851771170e-03 2.639850480851771170e-03 5.918166981932535542e-01
1.502507869432889187e+01 5.614574509331009544e-01 2.498782818973801709e-03 2.498782818973801709e-03 5.920955644161816078e-01
1.504437873914352330e+01 5.603556965871409057e-01 2.608640696543381311e-03 2.608640696543381311e-03 5.911621906833501860e-01
1.508290474009661963e+01 5.572871863124002623e-01 2.463182921320328147e-03 2.463182921320328147e-03 5.892044282892654472e-01
1.510213088523754976e+01 5.577216026009428340e-01 2.151215980797173671e-03 2.151215980797173671e-03 5.891920842245405021e-01
1.512133258515477330e+01 5.576172958265928070e-01 1.413502342952664389e-03 1.413502342952664389e-03 5.894811070590207924e-01
1.514050993285497348e+01 5.572866207532144456e-01 1.300613675602926194e-03 1.300613675602926194e-03 5.894056515085549508e-01
1.515966302075667471e+01 5.563891062205552629e-01 1.581989780994438616e-03 1.581989780994438616e-03 5.890241191947599431e-01
1.519789678392809762e+01 5.553969711265702713e-01 1.699599024885177024e-03 1.699599024885177024e-03 5.878942045233680469e-01
1.525506775740394616e+01 5.537602043189748802e-01 1.342705461017846104e-03 1.342705461017846104e-03 5.856537666478024429e-01
1.527407719500601324e+01 5.525451048180826108e-01 9.778119372253449466e-04 9.778119372253449466e-04 5.851152690821581626e-01
1.529306300369614036e+01 5.521542129597571957e-01 1.047159946575462524e-03 1.047159946575462524e-03 5.850395071363265753e-01
1.531202527136883340e+01 5.515087677293838420e-01 1.808713507400978426e-03 1.808713507400978426e-03 5.847535590801299366e-01
1.533096408537489275e+01 5.507665023283000449e-01 -4.495047667746924202e-06 -4.495047667746924202e-06 5.849872903667039381e-01
1.534987953252638704e+01 5.486141629255165686e-01 1.354359783340640042e-03 1.354359783340640042e-03 5.852745329930244544e-01
1.538764067084704834e+01 5.483272269798608045e-01 5.651257872185365405e-04 5.651257872185365405e-04 5.825110299744473696e-01
1.540648653298746140e+01 5.477132092932848195e-01 7.912278557350605358e-04 7.912278557350605358e-04 5.820919849949890423e-01
1.542530937022469928e+01 5.469417474724825867e-01 7.205192974996830688e-04 7.205192974996830688e-04 5.823797383199751376e-01
1.544410926674500395e+01 5.458431122759891396e-01 6.771476133896299010e-04 6.771476133896299010e-04 5.811852641946830822e-01
1.548164057182549769e+01 5.443486784921590660e-01 6.318442264040249803e-04 6.318442264040249803e-04 5.800400187207390701e-01
1.550037214621674586e+01 5.447980782637992236e-01 2.413501946729413260e-04 2.413501946729413260e-04 5.785842088107436831e-01
1.555643154130355832e+01 5.417256163971362337e-01 9.825777868957972692e-05 9.825777868957972692e-05 5.781570804914858419e-01
1.557507316757394733e+01 5.417797062882242498e-01 -9.212404032238536485e-04 -9.212404032238536485e-04 5.781596990774385825e-01
1.559369250855288769e+01 5.404873074287177559e-01 -8.882557357791676133e-05 -8.882557357791676133e-05 5.769284692506827517e-01
1.563086465309369189e+01 5.389863158025193224e-01 6.548927144071804577e-04 6.548927144071804577e-04 5.756646151266777700e-01
1.564941761470217685e+01 5.384686632249103821e-01 -4.847454599900504526e-05 -4.847454599900504526e-05 5.751368049134589766e-01
1.570494499536380850e+01 5.366369210992247840e-01 -4.319506003170319884e-04 -4.319506003170319884e-04 5.742774837612170113e-01
1.574185443521309402e+01 5.348243032326064350e-01 -2.144546317525958376e-04 -2.144546317525958376e-04 5.736584508642690317e-01
1.576027674044636484e+01 5.346321965290675715e-01 3.593690372404186560e-04 3.593690372404186560e-04 5.707435703768076740e-01
1.577867753683660013e+01 5.337209653983183699e-01 -5.743721445592129844e-04 -5.743721445592129844e-04 5.706816263332353811e-01
1.579705689954589154e+01 5.334236928920453868e-01 -1.229226864727371235e-03 -1.229226864727371235e-03 5.706809634053653379e-01
1.583375162238958467e+01 5.323048700311867609e-01 -6.501738589286987658e-04 -6.501738589286987658e-04 5.696944992563147681e-01
1.585206713067867312e+01 5.312292326795106101e-01 -8.715894429328209340e-04 -8.715894429328209340e-04 5.697048516883722602e-01
1.587036150160292358e+01 5.303469841443516630e-01 -7.661600016536782758e-04 -7.661600016536782758e-04 5.682991130894990972e-01
1.592511851822813362e+01 5.281093997647381411e-01 -1.933122921033031535e-03 -1.933122921033031535e-03 5.665441316477664024e-01
1.594332906565091790e+01 5.271795146812232602e-01 -1.577311524141466418e-03 -1.577311524141466418e-03 5.658219369665248299e-01
1.597968790207321987e+01 5.260534038908984966e-01 -1.429014899126270551e-03 -1.429014899126270551e-03 5.646595237896432362e-01
1.599783633256955362e+01 5.259007318437655121e-01 -8.962597715028214253e-04 -8.962597715028214253e-04 5.627312029280010508e-01
1.603407156887223550e+01 5.246126939292405922e-01 -2.311247494363865597e-03 -2.311247494363865597e-03 5.625760947030318260e-01
1.608827140198004457e+01 5.217907795932364978e-01 -1.387514003702821535e-03 -1.387514003702821535e-03 5.612789304001700730e-01
1.616025507867490418e+01 5.196888469317357817e-01 -1.063213995262347932e-03 -1.063213995262347932e-03 5.593317876696822788e-01
1.617820095325362928e+01 5.191009853298036436e-01 -1.337796188467889769e-03 -1.337796188467889769e-03 5.589140789230226947e-01
1.623191953257246922e+01 5.174308038752358785e-01 -1.657507003448531946e-03 -1.657507003448531946e-03 5.573551308335200627e-01
1.626763337009852251e+01 5.155393028713870507e-01 -2.127618980331417130e-03 -2.127618980331417130e-03 5.542157739426994967e-01
1.628546091886747860e+01 5.151315718566473745e-01 -1.445476694571845794e-03 -1.445476694571845794e-03 5.541368923279915704e-01
1.630326897330650127e+01 5.146376445301218405e-01 -2.097942486080345888e-03 -2.097942486080345888e-03 5.537080679329678956e-01
1.632105759722684013e+01 5.139353859370905386e-01 -2.145637158623870701e-03 -2.145637158623870701e-03 5.535149968357713224e-01
1.635657680702261274e+01 5.123577873069741218e-01 -2.302977900607000757e-03 -2.302977900607000757e-03 5.517814327420067499e-01
1.642738482985349435e+01 5.097823247582031758e-01 -2.428010988019208092e-03 -2.428010988019208092e-03 5.495887265441899983e-01
1.644503919801098490e+01 5.089847101007137775e-01 -3.041667402445176211e-03 -3.041667402445176211e-03 5.491225082601922658e-01
1.646267463385381191e+01 5.084258090974378419e-01 -2.809991466978910366e-03 -2.809991466978910366e-03 5.480157776163812056e-01
1.649788895138316036e+01 5.076483881937450260e-01 -2.684074319358952312e-03 -2.684074319358952312e-03 5.472972696274405191e-01
1.651546795365446485e+01 5.073059412155046521e-01 -2.688602755772344453e-03 -2.688602755772344453e-03 5.454519928713522647e-01
1.656809305129104715e+01 5.048082290854505327e-01 -3.195926475135662994e-03 -3.195926475135662994e-03 5.445361481334820564e-01
1.660308378308904764e+01 5.038967741366044972e-01 -2.221969887362570863e-03 -2.221969887362570863e-03 5.436770235060482959e-01
1.672497486516482468e+01 5.004382547983858842e-01 -2.132691479434393154e-03 -2.132691479434393154e-03 5.394921224305977425e-01
1.675963806269190925e+01 4.988273510214962791e-01 -2.252836371126499572e-03 -2.252836371126499572e-03 5.379865087674488011e-01
1.677694280458891285e+01 4.987640652275792119e-01 -3.079198803741064593e-03 -3.079198803741064593e-03 5.366567414200634767e-01
1.679422971572276069e+01 4.977611142033557812e-01 -2.090732855670259568e-03 -2.090732855670259568e-03 5.369383885219767283e-01
1.686320014850485904e+01 4.953662361627425015e-01 -3.604430173693641548e-03 -3.604430173693641548e-03 5.342311849676250057e-01
1.689757979713576219e+01 4.945704276938177046e-01 -2.618881634493269110e-03 -2.618881634493269110e-03 5.335692181315921934e-01
1.693188963915739720e+01 4.936918619446740708e-01 -3.169956394463190226e-03 -3.169956394463190226e-03 5.324236106466919694e-01
1.701736160903600492e+01 4.916202651672388346e-01 -3.306810980871751314e-03 -3.306810980871751314e-03 5.284185871608546581e-01
1.706843934754270009e+01 4.899923713505203726e-01 -3.031479532446328465e-03 -3.031479532446328465e-03 5.272653092639530970e-01
1.715323092425537510e+01 4.875261688029359775e-01 -2.009893915069320674e-03 -2.009893915069320674e-03 5.245433486624679897e-01
1.718703042683247517e+01 4.863906627985920550e-01 -1.850963596103327681e-03 -1.850963596103327681e-03 5.236159854468753760e-01
1.725443080477981894e+01 4.844579773213842921e-01 -2.696563160092718507e-03 -2.696563160092718507e-03 5.214863985950464187e-01
1.727123980126943792e+01 4.850729680168338609e-01 -3.562047667506095146e-03 -3.562047667506095146e-03 5.198282947831954770e-01
1.728803245453254789e+01 4.836449343613751228e-01 -3.158068814962125548e-03 -3.158068814962125548e-03 5.205861105042955961e-01
1.738844781471525280e+01 4.816796802762660090e-01 -3.107671027755251440e-03 -3.107671027755251440e-03 5.172795265832931255e-01
1.755453036014491985e+01 4.784161826875173995e-01 -3.080096950755746750e-03 -3.080096950755746750e-03 5.112302101463024329e-01
1.760404958506145690e+01 4.766927608424775253e-01 -1.305812705692013451e-03 -1.305812705692013451e-03 5.099132540117650159e-01
1.763698516031965013e+01 4.761954143559823938e-01 -1.523542389934005132e-03 -1.523542389934005132e-03 5.094044695691676283e-01
1.766985934571554040e+01 4.751239290537456750e-01 -2.894242144128388039e-03 -2.894242144128388039e-03 5.084220986613352533e-01
1.773542491178154989e+01 4.744108551709091404e-01 -2.875683111434318776e-03 -2.875683111434318776e-03 5.068332106699061645e-01
1.786583420413334622e+01 4.724145029941271834e-01 -3.209839651931989217e-03 -3.209839651931989217e-03 5.025314730063497048e-01
1.804360807726025584e+01 4.698172080908206150e-01 -1.074940647342800381e-03 -1.074940647342800381e-03 4.972843980518762974e-01
1.807574275646252460e+01 4.690997981480670154e-01 -2.191144668864899569e-03 -2.191144668864899569e-03 4.966765303067411375e-01
1.810782040859254138e+01 4.690959299452003850e-01 -2.417311025199916485e-03 -2.417311025199916485e-03 4.961548720387370381e-01
1.820371421457570804e+01 4.680830768181473145e-01 -3.055330456667810970e-03 -3.055330456667810970e-03 4.936359143930026949e-01
1.847271022612116909e+01 4.662947376719542292e-01 -1.534925797664631747e-03 -1.534925797664631747e-03 4.868984635891519530e-01
1.850409973087791116e+01 4.660690044498952966e-01 -1.618323601940434850e-03 -1.618323601940434850e-03 4.862842841573045138e-01
1.856671953669647479e+01 4.660311443471962245e-01 -2.335704762403666319e-03 -2.335704762403666319e-03 4.849244498532647718e-01
1.892276241733083708e+01 4.655258406198359844e-01 -1.591724968253087824e-03 -1.591724968253087824e-03 4.783331693419239916e-01
1.895340658706986048e+01 4.657909364066072366e-01 -1.680752961427706095e-03 -1.680752961427706095e-03 4.774884334902365080e-01
1.936235656905568447e+01 4.673393491731258065e-01 -1.301196606871708825e-03 -1.301196606871708825e-03 4.721326285843629456e-01
1.979218952798696662e+01 4.707730954838045823e-01 -7.170378386463067098e-04 -7.170378386463067098e-04 4.684113493713858989e-01
