7.618010371223582489e-01 2.111485190039784632e-01
7.702944218175038493e-01 2.148725374012023792e-01
7.787878065126494498e-01 2.185950703897939218e-01
7.872811912077949392e-01 2.223149159379572415e-01
7.957745759029405397e-01 2.260308745250501072e-01
8.042679605980861401e-01 2.297417498214114062e-01
8.127613452932317406e-01 2.334463493723208105e-01
8.212547299883772300e-01 2.371434852853004649e-01
8.297481146835228305e-01 2.408319749199031301e-01
8.382414993786684310e-01 2.445106415791927501e-01
8.467348840738140314e-01 2.481783152020038408e-01
8.552282687689595209e-01 2.518338330551248561e-01
8.637216534641051213e-01 2.554760404245360883e-01
8.722150381592507218e-01 2.591037913047635199e-01
8.807084228543963222e-01 2.627159490854652502e-01
8.892018075495418117e-01 2.663113872343142452e-01
8.976951922446874121e-01 2.698889899752899280e-01
9.061885769398330126e-01 2.734476529613965035e-01
9.146819616349786131e-01 2.769862839409388267e-01
9.231753463301242135e-01 2.805038034163908067e-01
9.316687310252697030e-01 2.839991452949643946e-01
9.401621157204153034e-01 2.874712575299399608e-01
9.486555004155609039e-01 2.909191027518633899e-01
9.571488851107063933e-01 2.943416588887192709e-01
9.656422698058519938e-01 2.977379197741839567e-01
9.741356545009975942e-01 3.011068957430882431e-01
9.826290391961431947e-01 3.044476142132696572e-01
9.911224238912887952e-01 3.077591202529187941e-01
9.996158085864343956e-01 3.110404771326851225e-01
1.008109193281579996e+00 3.142907668616959915e-01
1.016602577976725374e+00 3.175090907067513180e-01
1.025095962671870975e+00 3.206945696939562662e-01
1.033589347367016575e+00 3.238463450920918141e-01
1.042082732062162176e+00 3.269635788770318685e-01
1.050576116757307776e+00 3.300454541765843741e-01
1.059069501452453377e+00 3.330911756951429048e-01
1.067562886147598977e+00 3.360999701175663712e-01
1.076056270842744578e+00 3.390710864917709788e-01
1.084549655537890178e+00 3.420037965895239007e-01
1.093043040233035779e+00 3.448973952449914115e-01
1.101536424928181157e+00 3.477512006706214853e-01
1.110029809623326758e+00 3.505645547499849912e-01
1.118523194318472358e+00 3.533368233072612385e-01
1.127016579013617958e+00 3.560673963530460173e-01
1.135509963708763559e+00 3.587556883062783530e-01
1.144003348403909159e+00 3.614011381920524402e-01
1.152496733099054538e+00 3.640032098151816942e-01
1.160990117794200138e+00 3.665613919093832496e-01
1.169483502489345739e+00 3.690751982620399385e-01
1.177976887184491339e+00 3.715441678144954518e-01
1.186470271879636940e+00 3.739678647379168774e-01
1.194963656574782540e+00 3.763458784847865668e-01
1.203457041269928141e+00 3.786778238161345733e-01
1.211950425965073741e+00 3.809633408046593783e-01
1.220443810660219341e+00 3.832020948139346905e-01
1.228937195355364942e+00 3.853937764539347444e-01
1.237430580050510542e+00 3.875381015131541540e-01
1.245923964745655921e+00 3.896348108676354616e-01
1.254417349440801521e+00 3.916836703672571529e-01
1.262910734135947122e+00 3.936844706996719956e-01
1.271404118831092722e+00 3.956370272323134207e-01
1.279897503526238323e+00 3.975411798329404056e-01
1.288390888221383701e+00 3.993967926691945891e-01
1.296884272916529302e+00 4.012037539877048031e-01
1.305377657611674902e+00 4.029619758732836954e-01
1.313871042306820502e+00 4.046713939887881528e-01
1.322364427001966103e+00 4.063319672962605877e-01
1.330857811697111703e+00 4.079436777599632080e-01
1.339351196392257304e+00 4.095065300319655766e-01
1.347844581087402904e+00 4.110205511209500395e-01
1.356337965782548505e+00 4.124857900449232506e-01
1.364831350477694105e+00 4.139023174685387274e-01
1.373324735172839706e+00 4.152702253257515297e-01
1.381818119867985306e+00 4.165896264285314787e-01
1.390311504563130907e+00 4.178606540623815424e-01
1.398804889258276285e+00 4.190834615694140619e-01
1.407298273953421885e+00 4.202582219197388835e-01
1.415791658648567486e+00 4.213851272719279506e-01
1.424285043343713086e+00 4.224643885233279605e-01
1.432778428038858465e+00 4.234962348509850871e-01
1.441271812734004065e+00 4.244809132439504307e-01
1.449765197429149666e+00 4.254186880277397442e-01
1.458258582124295266e+00 4.263098403816984461e-01
1.466751966819440867e+00 4.271546678500473537e-01
1.475245351514586467e+00 4.279534838473446623e-01
1.483738736209732068e+00 4.287066171591210062e-01
1.492232120904877668e+00 4.294144114384127464e-01
1.500725505600023268e+00 4.300772246989281178e-01
1.509218890295168869e+00 4.306954288055463431e-01
1.517712274990314469e+00 4.312694089628585359e-01
1.526205659685460070e+00 4.317995632024323460e-01
1.534699044380605670e+00 4.322863018694654280e-01
1.543192429075751049e+00 4.327300471094854273e-01
1.551685813770896649e+00 4.331312323557345856e-01
1.560179198466042250e+00 4.334903018178465350e-01
1.568672583161187850e+00 4.338077099724267360e-01
1.577165967856333451e+00 4.340839210561069916e-01
1.585659352551478829e+00 4.343194085616363664e-01
1.594152737246624429e+00 4.345146547375480228e-01
1.602646121941770030e+00 4.346701500919181171e-01
1.611139506636915630e+00 4.347863929007125261e-01
1.619632891332061231e+00 4.348638887211963566e-01
1.628126276027206831e+00 4.349031499108578780e-01
1.636619660722352432e+00 4.349046951522762550e-01
1.645113045417498032e+00 4.348690489843407558e-01
1.653606430112643633e+00 4.347967413402058501e-01
1.662099814807789233e+00 4.346883070923459602e-01
1.670593199502934834e+00 4.345442856050453218e-01
1.679086584198080434e+00 4.343652202946460261e-01
1.687579968893225812e+00 4.341516581978473455e-01
1.696073353588371413e+00 4.339041495483251798e-01
1.704566738283517013e+00 4.336232473619308636e-01
1.713060122978662614e+00 4.333095070306935415e-01
1.721553507673808214e+00 4.329634859258373880e-01
1.730046892368953593e+00 4.325857430100009671e-01
1.738540277064099193e+00 4.321768384588257073e-01
1.747033661759244794e+00 4.317373332920656503e-01
1.755527046454390394e+00 4.312677890143394310e-01
1.764020431149535995e+00 4.307687672656387856e-01
1.772513815844681595e+00 4.302408294816892909e-01
1.781007200539827195e+00 4.296845365642216197e-01
1.789500585234972796e+00 4.291004485612261443e-01
1.797993969930118396e+00 4.284891243572199748e-01
1.806487354625263997e+00 4.278511213735479712e-01
1.814980739320409375e+00 4.271869952787343827e-01
1.823474124015554976e+00 4.264972997088668505e-01
1.831967508710700576e+00 4.257825859979977312e-01
1.840460893405846177e+00 4.250434029185233831e-01
1.848954278100991777e+00 4.242802964314949521e-01
1.857447662796137378e+00 4.234938094467969871e-01
1.865941047491282978e+00 4.226844815931230515e-01
1.874434432186428579e+00 4.218528489976627882e-01
1.882927816881574179e+00 4.209994440754046829e-01
1.891421201576719557e+00 4.201247953279522163e-01
1.899914586271865158e+00 4.192294271517352788e-01
1.908407970967010758e+00 4.183138596554999977e-01
1.916901355662156359e+00 4.173786084869366975e-01
1.925394740357301959e+00 4.164241846683176540e-01
1.933888125052447560e+00 4.154510944409903206e-01
1.942381509747593160e+00 4.144598391185785324e-01
1.950874894442738761e+00 4.134509149487335389e-01
1.959368279137884139e+00 4.124248129832678855e-01
1.967861663833029739e+00 4.113820189565083885e-01
1.976355048528175340e+00 4.103230131716920637e-01
1.984848433223320940e+00 4.092482703952311507e-01
1.993341817918466541e+00 4.081582597586652095e-01
2.001835202613611919e+00 4.070534446681195462e-01
2.010328587308757520e+00 4.059342827210815630e-01
2.018821972003903120e+00 4.048012256303127887e-01
2.027315356699048721e+00 4.036547191547015800e-01
2.035808741394194321e+00 4.024952030368721401e-01
2.044302126089339922e+00 4.013231109473532343e-01
2.052795510784485522e+00 4.001388704351190873e-01
2.061288895479631122e+00 3.989429028843090030e-01
2.069782280174776723e+00 3.977356234769335863e-01
2.078275664869922323e+00 3.965174411613770489e-01
2.086769049565067924e+00 3.952887586265037001e-01
2.095262434260213524e+00 3.940499722811813266e-01
2.103755818955359125e+00 3.928014722390300029e-01
2.112249203650504725e+00 3.915436423082142015e-01
2.120742588345650326e+00 3.902768599860847454e-01
2.129235973040795926e+00 3.890014964584987966e-01
2.137729357735941527e+00 3.877179166036243130e-01
2.146222742431087127e+00 3.864264790000620509e-01
2.154716127126232728e+00 3.851275359390980979e-01
2.163209511821378328e+00 3.838214334409219552e-01
2.171702896516523928e+00 3.825085112746319793e-01
2.180196281211669085e+00 3.811891029818667009e-01
2.188689665906814685e+00 3.798635359038905479e-01
2.197183050601960286e+00 3.785321312119771520e-01
2.205676435297105886e+00 3.771952039409290913e-01
2.214169819992251487e+00 3.758530630255773053e-01
2.222663204687397087e+00 3.745060113401114665e-01
2.231156589382542688e+00 3.731543457400903208e-01
2.239649974077688288e+00 3.717983571069857218e-01
2.248143358772833444e+00 3.704383303951219175e-01
2.256636743467979045e+00 3.690745446808684216e-01
2.265130128163124645e+00 3.677072732139546885e-01
2.273623512858270246e+00 3.663367834707740300e-01
2.282116897553415846e+00 3.649633372095481554e-01
2.290610282248561447e+00 3.635871905272336502e-01
2.299103666943707047e+00 3.622085939180415548e-01
2.307597051638852648e+00 3.608277923334636261e-01
2.316090436333998248e+00 3.594450252436829918e-01
2.324583821029143849e+00 3.580605267002668901e-01
2.333077205724289449e+00 3.566745254000309173e-01
2.341570590419435050e+00 3.552872447499748620e-01
2.350063975114580650e+00 3.538989029331894298e-01
2.358557359809726250e+00 3.525097129756410985e-01
2.367050744504871851e+00 3.511198828137404027e-01
2.375544129200017451e+00 3.497296153626048842e-01
2.384037513895163052e+00 3.483391085849347757e-01
2.392530898590308652e+00 3.469485555604136517e-01
2.401024283285454253e+00 3.455581445555618858e-01
2.409517667980599853e+00 3.441680590939593665e-01
2.418011052675745454e+00 3.427784780267723042e-01
2.426504437370891054e+00 3.413895756035091322e-01
2.434997822066036655e+00 3.400015215429405546e-01
2.443491206761182255e+00 3.386144811041209013e-01
2.451984591456327855e+00 3.372286151574486190e-01
2.460477976151473456e+00 3.358440802557065563e-01
2.468971360846618612e+00 3.344610287050306385e-01
2.477464745541764213e+00 3.330796086357479258e-01
2.485958130236909813e+00 3.316999640730406429e-01
2.494451514932055414e+00 3.303222350073825031e-01
2.502944899627201014e+00 3.289465574647060797e-01
2.511438284322346615e+00 3.275730635762549858e-01
2.519931669017492215e+00 3.262018816480840022e-01
2.528425053712637816e+00 3.248331362301645209e-01
2.536918438407783416e+00 3.234669481850633854e-01
2.545411823102928572e+00 3.221034347561566591e-01
2.553905207798074173e+00 3.207427096353502316e-01
2.562398592493219773e+00 3.193848830302739583e-01
2.570891977188365374e+00 3.180300617309241296e-01
2.579385361883510974e+00 3.166783491757244606e-01
2.587878746578656575e+00 3.153298455169843972e-01
2.596372131273802175e+00 3.139846476857295898e-01
2.604865515968947776e+00 3.126428494558848858e-01
2.613358900664093376e+00 3.113045415077890787e-01
2.621852285359238977e+00 3.099698114910243163e-01
2.630345670054384577e+00 3.086387440865425713e-01
2.638839054749530177e+00 3.073114210680757408e-01
2.647332439444675778e+00 3.059879213628136641e-01
2.655825824139821378e+00 3.046683211113391243e-01
2.664319208834966979e+00 3.033526937268085644e-01
2.672812593530112579e+00 3.020411099533666932e-01
2.681305978225258180e+00 3.007336379237898760e-01
2.689799362920403780e+00 2.994303432163464840e-01
2.698292747615549381e+00 2.981312889108705400e-01
2.706786132310694981e+00 2.968365356440421099e-01
2.715279517005840582e+00 2.955461416638696659e-01
2.723772901700986182e+00 2.942601628833706462e-01
2.732266286396131783e+00 2.929786529334485468e-01
2.740759671091277383e+00 2.917016632149621591e-01
2.749253055786422983e+00 2.904292429499889527e-01
2.757746440481568140e+00 2.891614392322798821e-01
2.766239825176713740e+00 2.878982970769051741e-01
2.774733209871859341e+00 2.866398594690967028e-01
2.783226594567004941e+00 2.853861674122823988e-01
2.791719979262150542e+00 2.841372599753190231e-01
2.800213363957296142e+00 2.828931743389256903e-01
2.808706748652441743e+00 2.816539458413193087e-01
2.817200133347587343e+00 2.804196080230595967e-01
2.825693518042732943e+00 2.791901926711030657e-01
2.834186902737878544e+00 2.779657298620761829e-01
2.842680287433024144e+00 2.767462480047683249e-01
2.851173672128169745e+00 2.755317738818534590e-01
2.859667056823315345e+00 2.743223326908445503e-01
2.868160441518460502e+00 2.731179480842880203e-01
2.876653826213606102e+00 2.719186422092043087e-01
2.885147210908751703e+00 2.707244357457830319e-01
2.893640595603897303e+00 2.695353479453371781e-01
2.902133980299042904e+00 2.683513966675268314e-01
2.910627364994188504e+00 2.671725984168579204e-01
2.919120749689334104e+00 2.659989683784660386e-01
2.927614134384479705e+00 2.648305204531909984e-01
2.936107519079625305e+00 2.636672672919526117e-01
2.944600903774770906e+00 2.625092203294350779e-01
2.953094288469916506e+00 2.613563898170889188e-01
2.961587673165062107e+00 2.602087848554593408e-01
2.970081057860207707e+00 2.590664134258489626e-01
2.978574442555353308e+00 2.579292824213257895e-01
2.987067827250498908e+00 2.567973976770835942e-01
2.995561211945644509e+00 2.556707640001644743e-01
3.004054596640790109e+00 2.545493851985527467e-01
3.012547981335935265e+00 2.534332641096510019e-01
3.021041366031080866e+00 2.523224026281432053e-01
3.029534750726226466e+00 2.512168017332601089e-01
3.038028135421372067e+00 2.501164615154509718e-01
3.046521520116517667e+00 2.490213812024738849e-01
3.055014904811663268e+00 2.479315591849138023e-01
3.063508289506808868e+00 2.468469930411351376e-01
3.072001674201954469e+00 2.457676795616823284e-01
3.080495058897100069e+00 2.446936147731341993e-01
3.088988443592245670e+00 2.436247939614217539e-01
3.097481828287391270e+00 2.425612116946207486e-01
3.105975212982536870e+00 2.415028618452256803e-01
3.114468597677682471e+00 2.404497376119154872e-01
3.122961982372828071e+00 2.394018315408200925e-01
3.131455367067973672e+00 2.383591355462960082e-01
3.139948751763119272e+00 2.373216409312202124e-01
3.148442136458264873e+00 2.362893384068117664e-01
3.156935521153410029e+00 2.352622181119886635e-01
3.165428905848555630e+00 2.342402696322692934e-01
3.173922290543701230e+00 2.332234820182275958e-01
3.182415675238846831e+00 2.322118438035087606e-01
3.190909059933992431e+00 2.312053430224158823e-01
3.199402444629138031e+00 2.302039672270743964e-01
3.207895829324283632e+00 2.292077035041827082e-01
3.216389214019429232e+00 2.282165384913580064e-01
3.224882598714574833e+00 2.272304583930840061e-01
3.233375983409720433e+00 2.262494489962700861e-01
3.241869368104866034e+00 2.252734956854272330e-01
3.250362752800011634e+00 2.243025834574713384e-01
3.258856137495157235e+00 2.233366969361597343e-01
3.267349522190302835e+00 2.223758203861678773e-01
3.275842906885448436e+00 2.214199377268158686e-01
3.284336291580594036e+00 2.204690325454494448e-01
3.292829676275739637e+00 2.195230881104847931e-01
3.301323060970884793e+00 2.185820873841226863e-01
3.309816445666030393e+00 2.176460130347395439e-01
3.318309830361175994e+00 2.167148474489624665e-01
3.326803215056321594e+00 2.157885727434348255e-01
3.335296599751467195e+00 2.148671707762782879e-01
3.343789984446612795e+00 2.139506231582591067e-01
3.352283369141758396e+00 2.130389112636640048e-01
3.360776753836903996e+00 2.121320162408923959e-01
3.369270138532049597e+00 2.112299190227712731e-01
3.377763523227195197e+00 2.103326003365985630e-01
3.386256907922340798e+00 2.094400407139208609e-01
3.394750292617486398e+00 2.085522205000514828e-01
3.403243677312631998e+00 2.076691198633353330e-01
3.411737062007777599e+00 2.067907188041646083e-01
3.420230446702923199e+00 2.059169971637531960e-01
3.428723831398068800e+00 2.050479346326721519e-01
3.437217216093214400e+00 2.041835107591552512e-01
3.445710600788359557e+00 2.033237049571766375e-01
3.454203985483505157e+00 2.024684965143077886e-01
3.462697370178650758e+00 2.016178645993577656e-01
3.471190754873796358e+00 2.007717882698024925e-01
3.479684139568941958e+00 1.999302464790070899e-01
3.488177524264087559e+00 1.990932180832464260e-01
3.496670908959233159e+00 1.982606818485293243e-01
3.505164293654378760e+00 1.974326164572295927e-01
3.513657678349524360e+00 1.966090005145290920e-01
3.522151063044669961e+00 1.957898125546774781e-01
3.530644447739815561e+00 1.949750310470725889e-01
3.539137832434961162e+00 1.941646344021659421e-01
3.547631217130106762e+00 1.933586009771966208e-01
3.556124601825252363e+00 1.925569090817589590e-01
3.564617986520397963e+00 1.917595369832077457e-01
3.573111371215543564e+00 1.909664629119027790e-01
3.581604755910689164e+00 1.901776650663002388e-01
3.590098140605834320e+00 1.893931216178909305e-01
3.598591525300979921e+00 1.886128107159918132e-01
3.607084909996125521e+00 1.878367104923924780e-01
3.615578294691271122e+00 1.870647990658614868e-01
3.624071679386416722e+00 1.862970545465150174e-01
3.632565064081562323e+00 1.855334550400514482e-01
3.641058448776707923e+00 1.847739786518556859e-01
3.649551833471853524e+00 1.840186034909752633e-01
3.658045218166999124e+00 1.832673076739725071e-01
3.666538602862144725e+00 1.825200693286556375e-01
3.675031987557290325e+00 1.817768665976904896e-01
3.683525372252435925e+00 1.810376776420986877e-01
3.692018756947581526e+00 1.803024806446409112e-01
3.700512141642727126e+00 1.795712538130925240e-01
3.709005526337872727e+00 1.788439753834111523e-01
3.717498911033018327e+00 1.781206236228002060e-01
3.725992295728163928e+00 1.774011768326708982e-01
3.734485680423309084e+00 1.766856133515044835e-01
3.742979065118454685e+00 1.759739115576190172e-01
3.751472449813600285e+00 1.752660498718411342e-01
3.759965834508745886e+00 1.745620067600859859e-01
3.768459219203891486e+00 1.738617607358483863e-01
3.776952603899037086e+00 1.731652903626060003e-01
3.785445988594182687e+00 1.724725742561386832e-01
3.793939373289328287e+00 1.717835910867639704e-01
3.802432757984473888e+00 1.710983195814927138e-01
3.810926142679619488e+00 1.704167385261057543e-01
3.819419527374765089e+00 1.697388267671548212e-01
3.827912912069910689e+00 1.690645632138878252e-01
3.836406296765056290e+00 1.683939268401026812e-01
3.844899681460201890e+00 1.677268966859300492e-01
3.853393066155347491e+00 1.670634518595468243e-01
3.861886450850493091e+00 1.664035715388238468e-01
3.870379835545638691e+00 1.657472349729068040e-01
3.878873220240783848e+00 1.650944214837351820e-01
3.887366604935929448e+00 1.644451104674981012e-01
3.895859989631075049e+00 1.637992813960311711e-01
3.904353374326220649e+00 1.631569138181539202e-01
3.912846759021366250e+00 1.625179873609503556e-01
3.921340143716511850e+00 1.618824817309946762e-01
3.929833528411657451e+00 1.612503767155223644e-01
3.938326913106803051e+00 1.606216521835489019e-01
3.946820297801948652e+00 1.599962880869379989e-01
3.955313682497094252e+00 1.593742644614192239e-01
3.963807067192239852e+00 1.587555614275580895e-01
3.972300451887385453e+00 1.581401591916785643e-01
3.980793836582531053e+00 1.575280380467406205e-01
3.989287221277676654e+00 1.569191783731722911e-01
3.997780605972822254e+00 1.563135606396596211e-01
4.006273990667967411e+00 1.557111654038939863e-01
4.014767375363113899e+00 1.551119733132784173e-01
4.023260760058258612e+00 1.545159651055952321e-01
4.031754144753404212e+00 1.539231216096336174e-01
4.040247529448549813e+00 1.533334237457810167e-01
4.048740914143695413e+00 1.527468525265778532e-01
4.057234298838841013e+00 1.521633890572358927e-01
4.065727683533986614e+00 1.515830145361239667e-01
4.074221068229132214e+00 1.510057102552185837e-01
4.082714452924277815e+00 1.504314576005235660e-01
4.091207837619423415e+00 1.498602380524570177e-01
4.099701222314569016e+00 1.492920331862088446e-01
4.108194607009714616e+00 1.487268246720679088e-01
4.116687991704860217e+00 1.481645942757203460e-01
4.125181376400005817e+00 1.476053238585206262e-01
4.133674761095151418e+00 1.470489953777347480e-01
4.142168145790297018e+00 1.464955908867578427e-01
4.150661530485442618e+00 1.459450925353053818e-01
4.159154915180588219e+00 1.453974825695806827e-01
4.167648299875733819e+00 1.448527433324179325e-01
4.176141684570879420e+00 1.443108572634014541e-01
4.184635069266024132e+00 1.437718068989637110e-01
4.193128453961170621e+00 1.432355748724597477e-01
4.201621838656315333e+00 1.427021439142227011e-01
4.210115223351461822e+00 1.421714968515961630e-01
4.218608608046606534e+00 1.416436166089491411e-01
4.227101992741753023e+00 1.411184862076701740e-01
4.235595377436897735e+00 1.405960887661435732e-01
4.244088762132044224e+00 1.400764074997068453e-01
4.252582146827188936e+00 1.395594257205925448e-01
4.261075531522335424e+00 1.390451268378505578e-01
4.269568916217480137e+00 1.385334943572563704e-01
4.278062300912626625e+00 1.380245118812020721e-01
4.286555685607771338e+00 1.375181631085734546e-01
4.295049070302917826e+00 1.370144318346106227e-01
4.303542454998062539e+00 1.365133019507561163e-01
4.312035839693209027e+00 1.360147574444879603e-01
4.320529224388353740e+00 1.355187823991404195e-01
4.329022609083499340e+00 1.350253609937106247e-01
4.337515993778644940e+00 1.345344775026545703e-01
4.346009378473790541e+00 1.340461162956693708e-01
4.354502763168936141e+00 1.335602618374654993e-01
4.362996147864081742e+00 1.330768986875267568e-01
4.371489532559227342e+00 1.325960114998601391e-01
4.379982917254372943e+00 1.321175850227353787e-01
4.388476301949518543e+00 1.316416040984142166e-01
4.396969686644664144e+00 1.311680536628705707e-01
4.405463071339809744e+00 1.306969187455012393e-01
4.413956456034955345e+00 1.302281844688273627e-01
4.422449840730100945e+00 1.297618360481883060e-01
4.430943225425246546e+00 1.292978587914265509e-01
4.439436610120392146e+00 1.288362380985653699e-01
4.447929994815537746e+00 1.283769594614781462e-01
4.456423379510683347e+00 1.279200084635513934e-01
4.464916764205828059e+00 1.274653707793403368e-01
4.473410148900974548e+00 1.270130321742176105e-01
4.481903533596119260e+00 1.265629785040167654e-01
4.490396918291265749e+00 1.261151957146678937e-01
4.498890302986410461e+00 1.256696698418293123e-01
4.507383687681556950e+00 1.252263870105122245e-01
4.515877072376701662e+00 1.247853334347011622e-01
4.524370457071848151e+00 1.243464954169685444e-01
4.532863841766992863e+00 1.239098593480851829e-01
4.541357226462139351e+00 1.234754117066255152e-01
4.549850611157284064e+00 1.230431390585691731e-01
4.558343995852430552e+00 1.226130280568978603e-01
4.566837380547575265e+00 1.221850654411886922e-01
4.575330765242721753e+00 1.217592380372035238e-01
4.583824149937866466e+00 1.213355327564752256e-01
4.592317534633012954e+00 1.209139365958901147e-01
4.600810919328157667e+00 1.204944366372678322e-01
4.609304304023303267e+00 1.200770200469376409e-01
4.617797688718448867e+00 1.196616740753127933e-01
4.626291073413594468e+00 1.192483860564616249e-01
4.634784458108740068e+00 1.188371434076764821e-01
4.643277842803885669e+00 1.184279336290406381e-01
4.651771227499031269e+00 1.180207443029927389e-01
4.660264612194176870e+00 1.176155630938897773e-01
4.668757996889322470e+00 1.172123777475678058e-01
4.677251381584468071e+00 1.168111760909014835e-01
4.685744766279613671e+00 1.164119460313617765e-01
4.694238150974759272e+00 1.160146755565726329e-01
4.702731535669904872e+00 1.156193527338662819e-01
4.711224920365050473e+00 1.152259657098371470e-01
4.719718305060196073e+00 1.148345027098958138e-01
4.728211689755341673e+00 1.144449520378207213e-01
4.736705074450487274e+00 1.140573020753105626e-01
4.745198459145632874e+00 1.136715412815348242e-01
4.753691843840778475e+00 1.132876581926848952e-01
4.762185228535923187e+00 1.129056414215243581e-01
4.770678613231069676e+00 1.125254796569383903e-01
4.779171997926214388e+00 1.121471616634845125e-01
4.787665382621360877e+00 1.117706762809414778e-01
4.796158767316505589e+00 1.113960124238596722e-01
4.804652152011652078e+00 1.110231590811105312e-01
4.813145536706796790e+00 1.106521053154369411e-01
4.821638921401943279e+00 1.102828402630033761e-01
4.830132306097087991e+00 1.099153531329467998e-01
4.838625690792234479e+00 1.095496332069274270e-01
4.847119075487379192e+00 1.091856698386811930e-01
4.855612460182525680e+00 1.088234524535711401e-01
4.864105844877670393e+00 1.084629705481410245e-01
4.872599229572816881e+00 1.081042136896685074e-01
4.881092614267961594e+00 1.077471715157203164e-01
4.889585998963108082e+00 1.073918337337066292e-01
4.898079383658252794e+00 1.070381901204385811e-01
4.906572768353399283e+00 1.066862305216843831e-01
4.915066153048543995e+00 1.063359448517286615e-01
4.923559537743690484e+00 1.059873230929310045e-01
4.932052922438835196e+00 1.056403552952874941e-01
4.940546307133981685e+00 1.052950315759917932e-01
4.949039691829126397e+00 1.049513421189987028e-01
4.957533076524272886e+00 1.046092771745882610e-01
4.966026461219417598e+00 1.042688270589318955e-01
4.974519845914562310e+00 1.039299821536590757e-01
4.983013230609708799e+00 1.035927329054263657e-01
4.991506615304853511e+00 1.032570698254875186e-01
5.000000000000000000e+00 1.029229834892647633e-01
