7.618010371223582489e-01 3.169342071053072307e-01
7.714220626485789323e-01 3.235162073176751640e-01
7.810430881747997267e-01 3.300609485101262952e-01
7.906641137010204101e-01 3.365664769563497249e-01
8.002851392272412046e-01 3.430308129187868427e-01
8.099061647534618880e-01 3.494519512470835032e-01
8.195271902796826824e-01 3.558278620212035892e-01
8.291482158059033658e-01 3.621564912399883318e-01
8.387692413321241602e-01 3.684357615558848109e-01
8.483902668583448436e-01 3.746635730565242572e-01
8.580112923845655271e-01 3.808378040937602238e-01
8.676323179107863215e-01 3.869563121607146328e-01
8.772533434370071159e-01 3.930169348173068178e-01
8.868743689632277993e-01 3.990174906646791753e-01
8.964953944894484827e-01 4.049557803688305646e-01
9.061164200156692772e-01 4.108295877337158064e-01
9.157374455418899606e-01 4.166366808239537201e-01
9.253584710681107550e-01 4.223748131372151438e-01
9.349794965943314384e-01 4.280417248262480823e-01
9.446005221205522329e-01 4.336351439704195232e-01
9.542215476467729163e-01 4.391527878965196807e-01
9.638425731729935997e-01 4.445923645484876618e-01
9.734635986992143941e-01 4.499515739056031416e-01
9.830846242254351885e-01 4.552281094485497448e-01
9.927056497516558720e-01 4.604196596726671253e-01
1.002326675277876555e+00 4.655239096475646821e-01
1.011947700804097350e+00 4.705385426221405099e-01
1.021568726330317922e+00 4.754612416739401048e-01
1.031189751856538717e+00 4.802896914016295260e-01
1.040810777382759511e+00 4.850215796592521333e-01
1.050431802908980305e+00 4.896545993307709899e-01
1.060052828435201100e+00 4.941864501432920442e-01
1.069673853961421672e+00 4.986148405171965114e-01
1.079294879487642467e+00 5.029374894512934624e-01
1.088915905013863261e+00 5.071521284409451491e-01
1.098536930540083834e+00 5.112565034269896946e-01
1.108157956066304628e+00 5.152483767731455000e-01
1.117778981592525422e+00 5.191255292694346712e-01
1.127400007118746217e+00 5.228857621590353721e-01
1.137021032644966789e+00 5.265268991858338410e-01
1.146642058171187584e+00 5.300467886598217992e-01
1.156263083697408378e+00 5.334433055373425381e-01
1.165884109223628951e+00 5.367143535130820542e-01
1.175505134749849745e+00 5.398578671205717106e-01
1.185126160276070539e+00 5.428718138378508806e-01
1.194747185802291334e+00 5.457541961948427778e-01
1.204368211328512128e+00 5.485030538788792098e-01
1.213989236854732701e+00 5.511164658347219580e-01
1.223610262380953495e+00 5.535925523553417715e-01
1.233231287907174067e+00 5.559294771596320350e-01
1.242852313433394862e+00 5.581254494531633359e-01
1.252473338959615656e+00 5.601787259680279796e-01
1.262094364485836451e+00 5.620876129777682140e-01
1.271715390012057245e+00 5.638504682833412884e-01
1.281336415538277818e+00 5.654657031660453859e-01
1.290957441064498612e+00 5.669317843033153670e-01
1.300578466590719184e+00 5.682472356432862748e-01
1.310199492116939979e+00 5.694106402340336492e-01
1.319820517643160773e+00 5.704206420371981112e-01
1.329441543169381568e+00 5.712767887293520586e-01
1.339062568695602362e+00 5.719817211132069978e-01
1.348683594221823157e+00 5.725388321542644876e-01
1.358304619748043729e+00 5.729515832661222774e-01
1.367925645274264523e+00 5.732234995268977729e-01
1.377546670800485096e+00 5.733581649469755570e-01
1.387167696326705890e+00 5.733592177983319882e-01
1.396788721852926685e+00 5.732303460151344510e-01
1.406409747379147479e+00 5.729752826747325223e-01
1.416030772905368273e+00 5.725978015675794452e-01
1.425651798431588846e+00 5.721017128640286664e-01
1.435272823957809640e+00 5.714908588853523375e-01
1.444893849484030213e+00 5.707691099857454819e-01
1.454514875010251007e+00 5.699403605514717919e-01
1.464135900536471802e+00 5.690085251227409158e-01
1.473756926062692596e+00 5.679775346433143524e-01
1.483377951588913390e+00 5.668513328422796205e-01
1.492998977115133963e+00 5.656338727518732679e-01
1.502620002641354757e+00 5.643291133647064806e-01
1.512241028167575330e+00 5.629410164332016020e-01
1.521862053693796124e+00 5.614735434135736947e-01
1.531483079220016918e+00 5.599304144723872279e-01
1.541104104746237713e+00 5.583136919806130916e-01
1.550725130272458507e+00 5.566247413743810046e-01
1.560346155798679302e+00 5.548649334784790943e-01
1.569967181324899874e+00 5.530356462175239907e-01
1.579588206851120669e+00 5.511382637658702732e-01
1.589209232377341241e+00 5.491741757107974076e-01
1.598830257903562035e+00 5.471447762295373884e-01
1.608451283429782830e+00 5.450514632806914284e-01
1.618072308956003624e+00 5.428956378105255220e-01
1.627693334482224419e+00 5.406787029746075168e-01
1.637314360008444991e+00 5.384020633752080176e-01
1.646935385534665786e+00 5.360671243148465992e-01
1.656556411060886358e+00 5.336752910663296046e-01
1.666177436587107152e+00 5.312279681595961645e-01
1.675798462113327947e+00 5.287265586856416677e-01
1.685419487639548741e+00 5.261724636177687042e-01
1.695040513165769536e+00 5.235670811503670974e-01
1.704661538691990108e+00 5.209118060043756993e-01
1.714282564218210902e+00 5.182079933922566495e-01
1.723903589744431475e+00 5.154568968505071069e-01
1.733524615270652269e+00 5.126597491061029022e-01
1.743145640796873064e+00 5.098177782629977894e-01
1.752766666323093858e+00 5.069322073669715323e-01
1.762387691849314653e+00 5.040042539863186510e-01
1.772008717375535225e+00 5.010351298083115523e-01
1.781629742901756019e+00 4.980260402513424500e-01
1.791250768427976814e+00 4.949781840926361087e-01
1.800871793954197386e+00 4.918927531113991836e-01
1.810492819480418181e+00 4.887709317472456738e-01
1.820113845006638975e+00 4.856138967737319567e-01
1.829734870532859770e+00 4.824228169867998406e-01
1.839355896059080342e+00 4.791988529079208581e-01
1.848976921585301136e+00 4.759431565017087640e-01
1.858597947111521931e+00 4.726568709077572095e-01
1.868218972637742725e+00 4.693411328830663920e-01
1.877839998163963298e+00 4.659974790995296545e-01
1.887461023690184092e+00 4.626282731447795005e-01
1.897082049216404886e+00 4.592359559083723508e-01
1.906703074742625459e+00 4.558229400864030056e-01
1.916324100268846253e+00 4.523916097938165404e-01
1.925945125795067048e+00 4.489443202377702002e-01
1.935566151321287842e+00 4.454833974503794036e-01
1.945187176847508415e+00 4.420111380791643119e-01
1.954808202373729209e+00 4.385298092334978248e-01
1.964429227899950003e+00 4.350416483853511984e-01
1.974050253426170798e+00 4.315488633226262083e-01
1.983671278952391370e+00 4.280536321533683353e-01
1.993292304478612165e+00 4.245581033591657727e-01
2.002913330004832737e+00 4.210643958960469391e-01
2.012534355531053532e+00 4.175745993412092738e-01
2.022155381057274326e+00 4.140907740839354645e-01
2.031776406583495120e+00 4.106149515590747368e-01
2.041397432109715915e+00 4.071491345214965918e-01
2.051018457635936265e+00 4.036952973599622352e-01
2.060639483162157504e+00 4.002553864488823665e-01
2.070260508688377854e+00 3.968313205364856766e-01
2.079881534214599093e+00 3.934249911679430500e-01
2.089502559740819443e+00 3.900382631420582502e-01
2.099123585267040237e+00 3.866729750001555721e-01
2.108744610793261032e+00 3.833309395458719404e-01
2.118365636319481382e+00 3.800139443945827478e-01
2.127986661845702621e+00 3.767237525512597829e-01
2.137607687371922971e+00 3.734621030156073385e-01
2.147228712898144209e+00 3.702307114133709942e-01
2.156849738424364560e+00 3.670312626694322011e-01
2.166470763950585354e+00 3.638641443722012703e-01
2.176091789476806149e+00 3.607270821012990014e-01
2.185712815003026943e+00 3.576174989575626739e-01
2.195333840529247738e+00 3.545328513779963941e-01
2.204954866055468088e+00 3.514706283726167224e-01
2.214575891581689326e+00 3.484283508314379718e-01
2.224196917107909677e+00 3.454035708991732845e-01
2.233817942634130471e+00 3.423938714152850449e-01
2.243438968160351266e+00 3.393968654170932964e-01
2.253059993686572060e+00 3.364101957037012314e-01
2.262681019212792854e+00 3.334315344585470631e-01
2.272302044739013205e+00 3.304585829284367171e-01
2.281923070265234443e+00 3.274890711569510837e-01
2.291544095791454794e+00 3.245210144555895071e-01
2.301165121317675588e+00 3.215557592054603120e-01
2.310786146843896383e+00 3.185969295828363079e-01
2.320407172370117177e+00 3.156481511116363547e-01
2.330028197896337971e+00 3.127130041625946211e-01
2.339649223422558322e+00 3.097950245771360911e-01
2.349270248948779560e+00 3.068977044197174764e-01
2.358891274474999911e+00 3.040244928543449632e-01
2.368512300001220705e+00 3.011787971411329368e-01
2.378133325527441500e+00 2.983639837489458491e-01
2.387754351053662294e+00 2.955833795803401443e-01
2.397375376579883088e+00 2.928402733052310469e-01
2.406996402106103439e+00 2.901379167999159625e-01
2.416617427632324677e+00 2.874791072580418771e-01
2.426238453158545028e+00 2.848634076551965211e-01
2.435859478684765822e+00 2.822889097790006740e-01
2.445480504210986616e+00 2.797537202625781094e-01
2.455101529737207411e+00 2.772559677897810659e-01
2.464722555263428205e+00 2.747938022097898281e-01
2.474343580789648556e+00 2.723653936341788873e-01
2.483964606315869794e+00 2.699689315127271061e-01
2.493585631842090145e+00 2.676026236843303541e-01
2.503206657368311383e+00 2.652646953995081436e-01
2.512827682894531733e+00 2.629533883112175063e-01
2.522448708420752528e+00 2.606669594309573568e-01
2.532069733946973322e+00 2.584036451009477098e-01
2.541690759473193673e+00 2.561611013289279981e-01
2.551311784999414911e+00 2.539365121395541491e-01
2.560932810525635261e+00 2.517270795506966752e-01
2.570553836051856500e+00 2.495300394373736463e-01
2.580174861578076850e+00 2.473426615882071411e-01
2.589795887104297645e+00 2.451622494865213775e-01
2.599416912630518439e+00 2.429861397982119864e-01
2.609037938156739234e+00 2.408117015487790391e-01
2.618658963682960028e+00 2.386363349720798388e-01
2.628279989209180378e+00 2.364574700133713625e-01
2.637901014735401617e+00 2.342725644690489828e-01
2.647522040261621967e+00 2.320801227603480343e-01
2.657143065787842762e+00 2.298843395892070651e-01
2.666764091314063556e+00 2.276913246483083519e-01
2.676385116840284351e+00 2.255071246432031606e-01
2.686006142366505145e+00 2.233377241202688657e-01
2.695627167892725495e+00 2.211890480715907048e-01
2.705248193418946734e+00 2.190669643522311361e-01
2.714869218945167084e+00 2.169772858737789856e-01
2.724490244471387879e+00 2.149257725378103945e-01
2.734111269997608673e+00 2.129181328723052380e-01
2.743732295523829467e+00 2.109600253330867203e-01
2.753353321050050262e+00 2.090564031604743023e-01
2.762974346576271056e+00 2.072051763456299045e-01
2.772595372102491407e+00 2.054000416163913045e-01
2.782216397628712201e+00 2.036346937865849416e-01
2.791837423154932996e+00 2.019028839131891129e-01
2.801458448681153790e+00 2.001984180182075357e-01
2.811079474207374584e+00 1.985151560171072582e-01
2.820700499733595379e+00 1.968470108297760424e-01
2.830321525259816173e+00 1.951879476493053323e-01
2.839942550786036524e+00 1.935319833434028525e-01
2.849563576312257318e+00 1.918731859629269620e-01
2.859184601838478113e+00 1.902067667691634545e-01
2.868805627364698907e+00 1.885336465131089434e-01
2.878426652890919701e+00 1.868565717592874653e-01
2.888047678417140496e+00 1.851782677128307186e-01
2.897668703943361290e+00 1.835014373764598805e-01
2.907289729469582085e+00 1.818287617299961800e-01
2.916910754995802435e+00 1.801628999805616194e-01
2.926531780522023229e+00 1.785064898806502376e-01
2.936152806048244024e+00 1.768621481113115124e-01
2.945773831574464818e+00 1.752324707277415627e-01
2.955394857100685613e+00 1.736200336646506470e-01
2.965015882626906407e+00 1.720273932988323484e-01
2.974636908153127202e+00 1.704570870664248172e-01
2.984257933679347552e+00 1.689116341324088111e-01
2.993878959205568346e+00 1.673935361099407049e-01
3.003499984731789141e+00 1.659052778271592754e-01
3.013121010258009935e+00 1.644493281391359307e-01
3.022742035784230730e+00 1.630281407826580375e-01
3.032363061310451524e+00 1.616441552715349450e-01
3.041984086836672319e+00 1.602997978300994275e-01
3.051605112362892669e+00 1.589973402123223134e-01
3.061226137889113463e+00 1.577350153523829623e-01
3.070847163415334258e+00 1.565065743152635191e-01
3.080468188941555052e+00 1.553055748588491325e-01
3.090089214467775847e+00 1.541256177455559706e-01
3.099710239993996641e+00 1.529603448886633077e-01
3.109331265520217435e+00 1.518034377453235384e-01
3.118952291046438230e+00 1.506486159348985054e-01
3.128573316572658580e+00 1.494896360613616193e-01
3.138194342098879375e+00 1.483202907188214958e-01
3.147815367625100169e+00 1.471350840438978569e-01
3.157436393151320964e+00 1.459352954332696350e-01
3.167057418677541758e+00 1.447260663200773123e-01
3.176678444203762552e+00 1.435125519603043520e-01
3.186299469729983347e+00 1.422998760175284150e-01
3.195920495256203697e+00 1.410931313854634772e-01
3.205541520782424492e+00 1.398973807350684939e-01
3.215162546308645286e+00 1.387176567535748362e-01
3.224783571834866081e+00 1.375589620430746618e-01
3.234404597361086875e+00 1.364262472205761134e-01
3.244025622887307669e+00 1.353216997585285630e-01
3.253646648413528464e+00 1.342421163295794972e-01
3.263267673939748814e+00 1.331836856485248688e-01
3.272888699465969609e+00 1.321426211089534453e-01
3.282509724992190403e+00 1.311151613191998133e-01
3.292130750518411197e+00 1.300975703025633312e-01
3.301751776044631992e+00 1.290861373387970634e-01
3.311372801570852786e+00 1.280771764240135058e-01
3.320993827097073581e+00 1.270670253888420420e-01
3.330614852623293931e+00 1.260532192131236240e-01
3.340235878149514726e+00 1.250374787361364926e-01
3.349856903675735520e+00 1.240224386222312791e-01
3.359477929201956314e+00 1.230107168563068093e-01
3.369098954728177109e+00 1.220049156581290567e-01
3.378719980254397903e+00 1.210076221957065573e-01
3.388341005780618698e+00 1.200214090847434162e-01
3.397962031306839492e+00 1.190488346604687692e-01
3.407583056833059842e+00 1.180924427949148897e-01
3.417204082359280637e+00 1.171540883105426645e-01
3.426825107885501431e+00 1.162334475218576024e-01
3.436446133411722226e+00 1.153297625475482868e-01
3.446067158937943020e+00 1.144422777788055429e-01
3.455688184464163815e+00 1.135702395898579437e-01
3.465309209990384609e+00 1.127128960504399924e-01
3.474930235516604959e+00 1.118694966401179713e-01
3.484551261042825754e+00 1.110392919644102583e-01
3.494172286569046548e+00 1.102215290726627217e-01
3.503793312095267343e+00 1.094151829260514713e-01
3.513414337621488137e+00 1.086188072333633958e-01
3.523035363147708932e+00 1.078309320964143114e-01
3.532656388673929726e+00 1.070501026933195488e-01
3.542277414200150076e+00 1.062748797489025815e-01
3.551898439726370871e+00 1.055038396386340366e-01
3.561519465252591665e+00 1.047355741134076423e-01
3.571140490778812460e+00 1.039686896324318877e-01
3.580761516305033254e+00 1.032019627542597462e-01
3.590382541831254049e+00 1.024353750261482732e-01
3.600003567357474843e+00 1.016694580738086301e-01
3.609624592883695637e+00 1.009047417298500476e-01
3.619245618409915988e+00 1.001417511821709599e-01
3.628866643936136782e+00 9.938100710249359038e-02
3.638487669462357577e+00 9.862302577675850779e-02
3.648108694988578371e+00 9.786831923741963479e-02
3.657729720514799165e+00 9.711739539768129981e-02
3.667350746041019960e+00 9.637075818771830005e-02
3.676971771567240754e+00 9.562890769291999826e-02
3.686592797093461105e+00 9.489234029419750527e-02
3.696213822619681899e+00 9.416154881039393021e-02
3.705834848145902694e+00 9.343702264283473835e-02
3.715455873672123488e+00 9.271924792205446519e-02
3.725076899198344282e+00 9.200870765673323237e-02
3.734697924724565077e+00 9.130587928798662711e-02
3.744318950250785871e+00 9.061098973220400865e-02
3.753939975777006222e+00 8.992381693581984192e-02
3.763561001303227016e+00 8.924409520271946172e-02
3.773182026829447810e+00 8.857156314370653871e-02
3.782803052355668605e+00 8.790596296061309323e-02
3.792424077881889399e+00 8.724703858820083424e-02
3.802045103408110194e+00 8.659453264127886518e-02
3.811666128934330988e+00 8.594818181355871889e-02
3.821287154460551783e+00 8.530768386850150209e-02
3.830908179986772133e+00 8.467267718753913874e-02
3.840529205512992927e+00 8.404279441043259469e-02
3.850150231039213722e+00 8.341767267913854922e-02
3.859771256565434516e+00 8.279695738475864597e-02
3.869392282091655311e+00 8.218030497511308319e-02
3.879013307617876105e+00 8.156738478323594110e-02
3.888634333144096900e+00 8.095789765991101561e-02
3.898255358670317250e+00 8.035212188094001395e-02
3.907876384196538044e+00 7.975100570221797802e-02
3.917497409722758839e+00 7.915553160353973328e-02
3.927118435248979633e+00 7.856667765424873995e-02
3.936739460775200428e+00 7.798541769817717018e-02
3.946360486301421222e+00 7.741272153873869633e-02
3.955981511827642016e+00 7.684955512335953087e-02
3.965602537353862367e+00 7.629674580462730837e-02
3.975223562880083161e+00 7.575392355496601837e-02
3.984844588406303956e+00 7.522009602881377099e-02
3.994465613932524750e+00 7.469426863847257458e-02
4.004086639458745545e+00 7.417544986717160282e-02
4.013707664984966783e+00 7.366265114866701880e-02
4.023328690511187133e+00 7.315488675526558848e-02
4.032949716037407484e+00 7.265117369396589808e-02
4.042570741563627834e+00 7.215053161041927454e-02
4.052191767089849073e+00 7.165198270041879536e-02
4.061812792616070311e+00 7.115455162863773553e-02
4.071433818142290662e+00 7.065726545434859729e-02
4.081054843668511012e+00 7.015915356387163182e-02
4.090675869194732250e+00 6.965924760951933137e-02
4.100296894720953489e+00 6.915658145482481145e-02
4.109917920247173839e+00 6.865047958303682751e-02
4.119538945773394190e+00 6.814255164650524776e-02
4.129159971299614540e+00 6.763548862221907543e-02
4.138780996825835778e+00 6.713198052624237688e-02
4.148402022352057017e+00 6.663471002221109385e-02
4.158023047878277367e+00 6.614635272927564535e-02
4.167644073404497718e+00 6.566957757933469808e-02
4.177265098930718068e+00 6.520696210777079949e-02
4.186886124456939307e+00 6.475901731055062893e-02
4.196507149983160545e+00 6.432413396221139945e-02
4.206128175509380895e+00 6.390060966120317265e-02
4.215749201035601246e+00 6.348674564333622872e-02
4.225370226561822484e+00 6.308084648969644603e-02
4.234991252088043723e+00 6.268121984893906817e-02
4.244612277614264073e+00 6.228617617312547095e-02
4.254233303140484423e+00 6.189402846638237393e-02
4.263854328666704774e+00 6.150309204582244532e-02
4.273475354192926012e+00 6.111168431436776738e-02
4.283096379719147251e+00 6.071812454537273140e-02
4.292717405245367601e+00 6.032073367924809665e-02
4.302338430771587952e+00 5.991783413264920033e-02
4.311959456297809190e+00 5.950776451876717277e-02
4.321580481824029540e+00 5.909041226934282770e-02
4.331201507350250779e+00 5.866854128921772382e-02
4.340822532876471129e+00 5.824522526030350561e-02
4.350443558402691480e+00 5.782353444453242758e-02
4.360064583928912718e+00 5.740653612777470854e-02
4.369685609455133957e+00 5.699729505521305972e-02
4.379306634981354307e+00 5.659884335104103936e-02
4.388927660507574657e+00 5.621220964007427046e-02
4.398548686033795008e+00 5.583522203896904706e-02
4.408169711560016246e+00 5.546543249021135269e-02
4.417790737086237485e+00 5.510040402250472591e-02
4.427411762612457835e+00 5.473770877980355803e-02
4.437032788138678185e+00 5.437492549769534778e-02
4.446653813664899424e+00 5.400972570525409272e-02
4.456274839191120662e+00 5.364203222921301584e-02
4.465895864717341013e+00 5.327412731978818650e-02
4.475516890243561363e+00 5.290839701783497245e-02
4.485137915769781713e+00 5.254722194184015954e-02
4.494758941296002952e+00 5.219297713051854193e-02
4.504379966822224191e+00 5.184802804341889781e-02
4.514000992348444541e+00 5.151437068516935558e-02
4.523622017874664891e+00 5.119081732658006811e-02
4.533243043400885242e+00 5.087451340029341268e-02
4.542864068927106480e+00 5.056261270485271075e-02
4.552485094453327719e+00 5.025229828008675320e-02
4.562106119979548069e+00 4.994078227896266847e-02
4.571727145505768419e+00 4.962530060554889294e-02
4.581348171031989658e+00 4.930420847206401502e-02
4.590969196558210896e+00 4.897919061135340424e-02
4.600590222084431247e+00 4.865254020784848948e-02
4.610211247610651597e+00 4.832654185387277174e-02
4.619832273136871947e+00 4.800347768975267437e-02
4.629453298663093186e+00 4.768562820576546790e-02
4.639074324189314424e+00 4.737516384275686915e-02
4.648695349715534775e+00 4.707227102854705247e-02
4.658316375241755125e+00 4.677536523271898922e-02
4.667937400767975475e+00 4.648280525487970272e-02
4.677558426294196714e+00 4.619296144210884719e-02
4.687179451820417952e+00 4.590421886429523618e-02
4.696800477346638303e+00 4.561497806996624160e-02
4.706421502872858653e+00 4.532416036712166169e-02
4.716042528399079892e+00 4.503230528491306006e-02
4.725663553925301130e+00 4.474026686974904438e-02
4.735284579451521481e+00 4.444889370537622592e-02
4.744905604977741831e+00 4.415903014318157266e-02
4.754526630503962181e+00 4.387151729243085607e-02
4.764147656030184308e+00 4.358719376040862126e-02
4.773768681556404658e+00 4.330689613199913135e-02
4.783389707082625009e+00 4.303145917784713392e-02
4.793010732608845359e+00 4.276171577987689099e-02
4.802631758135065709e+00 4.249849656262412456e-02
4.812252783661287836e+00 4.224262921856528075e-02
4.821873809187508186e+00 4.199490840549097853e-02
4.831494834713728537e+00 4.175497088487335751e-02
4.841115860239948887e+00 4.152094382051953886e-02
4.850736885766169237e+00 4.129085955805880670e-02
4.860357911292391364e+00 4.106275920382543992e-02
4.869978936818611714e+00 4.083469264286831296e-02
4.879599962344832065e+00 4.060472076365314459e-02
4.889220987871052415e+00 4.037189289723010222e-02
4.898842013397274542e+00 4.013760656662158921e-02
4.908463038923494892e+00 3.990359654628214403e-02
4.918084064449715243e+00 3.967159236790967353e-02
4.927705089975935593e+00 3.944331856272912523e-02
4.937326115502155943e+00 3.922049322773715763e-02
4.946947141028378070e+00 3.900402211331805563e-02
4.956568166554598420e+00 3.879186961812427364e-02
4.966189192080818771e+00 3.858133974170550179e-02
4.975810217607039121e+00 3.836975191153635389e-02
4.985431243133259471e+00 3.815444026155482421e-02
4.995052268659481598e+00 3.793274923586830577e-02
5.004673294185701948e+00 3.770299018819397302e-02
5.014294319711922299e+00 3.746785960139096400e-02
5.023915345238142649e+00 3.723129427820822540e-02
5.033536370764364776e+00 3.699722900463235653e-02
5.043157396290585126e+00 3.676960047738055820e-02
5.052778421816805476e+00 3.655234598951613567e-02
5.062399447343025827e+00 3.634831407907068018e-02
5.072020472869246177e+00 3.615537149121152843e-02
5.081641498395468304e+00 3.596995975898992920e-02
5.091262523921688654e+00 3.578852992907570474e-02
5.100883549447909004e+00 3.560754611571101402e-02
5.110504574974129355e+00 3.542348469212665968e-02
5.120125600500351482e+00 3.523391429196413849e-02
5.129746626026571832e+00 3.504050068028174286e-02
5.139367651552792182e+00 3.484587093467646224e-02
5.148988677079012533e+00 3.465264957735482432e-02
5.158609702605232883e+00 3.446346093426096158e-02
5.168230728131455010e+00 3.428092616792575292e-02
5.177851753657675360e+00 3.410663674435982645e-02
5.187472779183895710e+00 3.393954086593631986e-02
5.197093804710116061e+00 3.377816776571071489e-02
5.206714830236336411e+00 3.362104927569806168e-02
5.216335855762558538e+00 3.346672186711077690e-02
5.225956881288778888e+00 3.331372787573119026e-02
5.235577906814999238e+00 3.316061588556824813e-02
5.245198932341219589e+00 3.300594024497730677e-02
5.254819957867441715e+00 3.284825968896511184e-02
5.264440983393662066e+00 3.268613503931508402e-02
5.274062008919882416e+00 3.251812595028754499e-02
5.283683034446102766e+00 3.234296303529281963e-02
5.293304059972323117e+00 3.216201476283214733e-02
5.302925085498545243e+00 3.197868825315994257e-02
5.312546111024765594e+00 3.179644966058688127e-02
5.322167136550985944e+00 3.161877501334595109e-02
5.331788162077206294e+00 3.144914841987729581e-02
5.341409187603426645e+00 3.129022862115680981e-02
5.351030213129648772e+00 3.114038932016934685e-02
5.360651238655869122e+00 3.099661956970681601e-02
5.370272264182089472e+00 3.085591108201155702e-02
5.379893289708309823e+00 3.071526278368780227e-02
5.389514315234531949e+00 3.057170144208224902e-02
5.399135340760752300e+00 3.042410146162293286e-02
5.408756366286972650e+00 3.027457363518593070e-02
5.418377391813193000e+00 3.012555455971231005e-02
5.427998417339413351e+00 2.997948220175545436e-02
5.437619442865635477e+00 2.983879765124534955e-02
5.447240468391855828e+00 2.970564180679343205e-02
5.456861493918076178e+00 2.957919791838911280e-02
5.466482519444296528e+00 2.945697683621902041e-02
5.476103544970518655e+00 2.933647077118290911e-02
5.485724570496739005e+00 2.921517307801116403e-02
5.495345596022959356e+00 2.909058366459938913e-02
5.504966621549179706e+00 2.896140386543211501e-02
5.514587647075400056e+00 2.882902192938173805e-02
5.524208672601622183e+00 2.869519036747633298e-02
5.533829698127842533e+00 2.856166210073137965e-02
5.543450723654062884e+00 2.843019105459906534e-02
5.553071749180283234e+00 2.830238614287924545e-02
5.562692774706503585e+00 2.817851875837457457e-02
5.572313800232725711e+00 2.805814220105212753e-02
5.581934825758946062e+00 2.794080266331571555e-02
5.591555851285166412e+00 2.782604615680493720e-02
5.601176876811386762e+00 2.771342060190785592e-02
5.610797902337608889e+00 2.760260622131855551e-02
5.620418927863829239e+00 2.749349453055391010e-02
5.630039953390049590e+00 2.738599585891762778e-02
5.639660978916269940e+00 2.728002041886943424e-02
5.649282004442490290e+00 2.717547829564404341e-02
5.658903029968712417e+00 2.707227943000452969e-02
5.668524055494932767e+00 2.697033359410839701e-02
5.678145081021153118e+00 2.686955036050046181e-02
5.687766106547373468e+00 2.676983906429961091e-02
5.697387132073593818e+00 2.667110875871431253e-02
5.707008157599815945e+00 2.657324320777131044e-02
5.716629183126036295e+00 2.647581175106772378e-02
5.726250208652256646e+00 2.637816897794199519e-02
5.735871234178476996e+00 2.627966528605966967e-02
5.745492259704699123e+00 2.617965100205989562e-02
5.755113285230919473e+00 2.607749619470713792e-02
5.764734310757139824e+00 2.597345364809143520e-02
5.774355336283360174e+00 2.586899256301198810e-02
5.783976361809580524e+00 2.576567261928232322e-02
5.793597387335802651e+00 2.566505554961680952e-02
5.803218412862023001e+00 2.556870343240195270e-02
5.812839438388243352e+00 2.547757264484389050e-02
5.822460463914463702e+00 2.539108902868940365e-02
5.832081489440684052e+00 2.530843966929671382e-02
5.841702514966906179e+00 2.522881049657250269e-02
5.851323540493126529e+00 2.515138651884769178e-02
5.860944566019346880e+00 2.507544340481879935e-02
5.870565591545567230e+00 2.500064399660779924e-02
5.880186617071789357e+00 2.492675351747724102e-02
5.889807642598009707e+00 2.485353680555036152e-02
5.899428668124230057e+00 2.478075824395201479e-02
5.909049693650450408e+00 2.470818167530266021e-02
5.918670719176670758e+00 2.463557029989615899e-02
5.928291744702892885e+00 2.456268655771096446e-02
5.937912770229113235e+00 2.448929199454774261e-02
5.947533795755333585e+00 2.441514711276373747e-02
5.957154821281553936e+00 2.434008461059410100e-02
5.966775846807776063e+00 2.426455846390575613e-02
5.976396872333996413e+00 2.418933690236424461e-02
5.986017897860216763e+00 2.411519225045994849e-02
5.995638923386437114e+00 2.404289880457406020e-02
6.005259948912657464e+00 2.397316855048574682e-02
6.014880974438879591e+00 2.390607193346559745e-02
6.024501999965099941e+00 2.384131075347763196e-02
6.034123025491320291e+00 2.377858343782457765e-02
6.043744051017540642e+00 2.371758941779850138e-02
6.053365076543760992e+00 2.365802907497640412e-02
6.062986102069983119e+00 2.359960367288282956e-02
6.072607127596203469e+00 2.354201527352470236e-02
6.082228153122423819e+00 2.348496663833208806e-02
6.091849178648644170e+00 2.342816111308054089e-02
6.101470204174866296e+00 2.337132774792151368e-02
6.111091229701086647e+00 2.331442734953293947e-02
6.120712255227306997e+00 2.325754276792258921e-02
6.130333280753527347e+00 2.320075439552730934e-02
6.139954306279747698e+00 2.314413870645942034e-02
6.149575331805969824e+00 2.308782765517999186e-02
6.159196357332190175e+00 2.303238835956194011e-02
6.168817382858410525e+00 2.297858242836475426e-02
6.178438408384630876e+00 2.292717345876371313e-02
6.188059433910851226e+00 2.287892665797187572e-02
6.197680459437073353e+00 2.283428330316295690e-02
6.207301484963293703e+00 2.279198886198842422e-02
6.216922510489514053e+00 2.275024448376672045e-02
6.226543536015734404e+00 2.270725941619873914e-02
6.236164561541956530e+00 2.266125033377698605e-02
6.245785587068176881e+00 2.261119195171064702e-02
6.255406612594397231e+00 2.255859491411344939e-02
6.265027638120617581e+00 2.250549348415895740e-02
6.274648663646837932e+00 2.245391062853753505e-02
6.284269689173060058e+00 2.240584934033045331e-02
6.293890714699280409e+00 2.236239393847801876e-02
6.303511740225500759e+00 2.232282093357544628e-02
6.313132765751721109e+00 2.228621544594701354e-02
6.322753791277941460e+00 2.225169006461085938e-02
6.332374816804163586e+00 2.221838718311172980e-02
6.341995842330383937e+00 2.218568324887557758e-02
6.351616867856604287e+00 2.215319559531680679e-02
6.361237893382824637e+00 2.212054116408539856e-02
6.370858918909046764e+00 2.208732826859474002e-02
6.380479944435267114e+00 2.205319508890488112e-02
6.390100969961487465e+00 2.201817980040012696e-02
6.399721995487707815e+00 2.198255750953369975e-02
6.409343021013928166e+00 2.194661021269880483e-02
6.418964046540150292e+00 2.191062780683818850e-02
6.428585072066370643e+00 2.187491082711016943e-02
6.438206097592590993e+00 2.183977196430481396e-02
6.447827123118811343e+00 2.180553637555892460e-02
6.457448148645033470e+00 2.177254080481092618e-02
6.467069174171253820e+00 2.174113072926976004e-02
6.476690199697474171e+00 2.171159822574111886e-02
6.486311225223694521e+00 2.168413017543333737e-02
6.495932250749914871e+00 2.165889037073228870e-02
6.505553276276136998e+00 2.163602970754548854e-02
6.515174301802357348e+00 2.161564777573289978e-02
6.524795327328577699e+00 2.159739645013695683e-02
6.534416352854798049e+00 2.158064897642575364e-02
6.544037378381018399e+00 2.156479159746540683e-02
6.553658403907240526e+00 2.154922984908807029e-02
6.563279429433460876e+00 2.153341156530306361e-02
6.572900454959681227e+00 2.151687931458121442e-02
6.582521480485901577e+00 2.149918892022682770e-02
6.592142506012123704e+00 2.147988995998667203e-02
6.601763531538344054e+00 2.145855123090969693e-02
6.611384557064564405e+00 2.143543287860396468e-02
6.621005582590784755e+00 2.141157278052507537e-02
6.630626608117005105e+00 2.138804105737506650e-02
6.640247633643227232e+00 2.136589464768122101e-02
6.649868659169447582e+00 2.134607793778332471e-02
6.659489684695667933e+00 2.132901414440509583e-02
6.669110710221888283e+00 2.131497542372938828e-02
6.678731735748108633e+00 2.130426690990891436e-02
6.688352761274330760e+00 2.129720759865811816e-02
6.697973786800551110e+00 2.129326707265086910e-02
6.707594812326771461e+00 2.129068524213108271e-02
6.717215837852991811e+00 2.128759241146834652e-02
6.726836863379213938e+00 2.128210421199838026e-02
6.736457888905434288e+00 2.127265367483301833e-02
6.746078914431654638e+00 2.125960494108608892e-02
6.755699939957874989e+00 2.124402855157363212e-02
6.765320965484095339e+00 2.122700059417292548e-02
6.774941991010317466e+00 2.120960231655573056e-02
6.784563016536537816e+00 2.119292042601817957e-02
6.794184042062758166e+00 2.117804708971252059e-02
6.803805067588978517e+00 2.116607964567361957e-02
6.813426093115200644e+00 2.115812003556579238e-02
6.823047118641420994e+00 2.115490692251264723e-02
6.832668144167641344e+00 2.115554694010604933e-02
6.842289169693861695e+00 2.115868425662429525e-02
6.851910195220082045e+00 2.116295192210143963e-02
6.861531220746304172e+00 2.116700769234512031e-02
6.871152246272524522e+00 2.117018120507356896e-02
6.880773271798744872e+00 2.117240735044523953e-02
6.890394297324965223e+00 2.117366184658099268e-02
6.900015322851185573e+00 2.117394188834465646e-02
6.909636348377407700e+00 2.117351820283472699e-02
6.919257373903628050e+00 2.117328969074789083e-02
6.928878399429848400e+00 2.117423449376054645e-02
6.938499424956068751e+00 2.117731644704064220e-02
6.948120450482290877e+00 2.118320262687804767e-02
6.957741476008511228e+00 2.119052649562172194e-02
6.967362501534731578e+00 2.119704744041106537e-02
6.976983527060951928e+00 2.120054036181278842e-02
6.986604552587172279e+00 2.119889712099789353e-02
6.996225578113394405e+00 2.119256934955449784e-02
7.005846603639614756e+00 2.118471654962518144e-02
7.015467629165835106e+00 2.117861698236924231e-02
7.025088654692055457e+00 2.117753238032612020e-02
7.034709680218275807e+00 2.118325722778162390e-02
7.044330705744497934e+00 2.119403856839681063e-02
7.053951731270718284e+00 2.120760206381890056e-02
7.063572756796938634e+00 2.122168410421686538e-02
7.073193782323158985e+00 2.123435560345272172e-02
7.082814807849381111e+00 2.124551339282796519e-02
7.092435833375601462e+00 2.125568873245809245e-02
7.102056858901821812e+00 2.126541115325429956e-02
7.111677884428042162e+00 2.127520801522459620e-02
7.121298909954262513e+00 2.128560467104403942e-02
7.130919935480484639e+00 2.129712456945210067e-02
7.140540961006704990e+00 2.131028929954030884e-02
7.150161986532925340e+00 2.132559848283278534e-02
7.159783012059145690e+00 2.134275928025017657e-02
7.169404037585366041e+00 2.136044606522966710e-02
7.179025063111588167e+00 2.137726487032961045e-02
7.188646088637808518e+00 2.139182672918368486e-02
7.198267114164028868e+00 2.140363450850723062e-02
7.207888139690249218e+00 2.141423686360192230e-02
7.217509165216471345e+00 2.142546580722293897e-02
7.227130190742691696e+00 2.143914995514928021e-02
7.236751216268912046e+00 2.145660752377415159e-02
7.246372241795132396e+00 2.147715831642193693e-02
7.255993267321352747e+00 2.149963785417226617e-02
7.265614292847574873e+00 2.152289117707363586e-02
7.275235318373795224e+00 2.154587645426470771e-02
7.284856343900015574e+00 2.156823115912857164e-02
7.294477369426235924e+00 2.158985726977933825e-02
7.304098394952458051e+00 2.161065318000563937e-02
7.313719420478678401e+00 2.163051378002363301e-02
7.323340446004898752e+00 2.164933097952175672e-02
7.332961471531119102e+00 2.166699400152082358e-02
7.342582497057339452e+00 2.168338945389185549e-02
7.352203522583561579e+00 2.169845827146211006e-02
7.361824548109781929e+00 2.171303673917854629e-02
7.371445573636002280e+00 2.172867621398147375e-02
7.381066599162222630e+00 2.174695070173258971e-02
7.390687624688442980e+00 2.176937789951840022e-02
7.400308650214665107e+00 2.179606785791557075e-02
7.409929675740885457e+00 2.182569486026803701e-02
7.419550701267105808e+00 2.185686663437368116e-02
7.429171726793326158e+00 2.188818864799142727e-02
7.438792752319548285e+00 2.191826398281872951e-02
7.448413777845768635e+00 2.194569313706714805e-02
7.458034803371988986e+00 2.196907375859098038e-02
7.467655828898209336e+00 2.198704497597761889e-02
7.477276854424429686e+00 2.200034162858123879e-02
7.486897879950651813e+00 2.201266188290974812e-02
7.496518905476872163e+00 2.202794185205879038e-02
7.506139931003092514e+00 2.205008152100806224e-02
7.515760956529312864e+00 2.208011753787236450e-02
7.525381982055533214e+00 2.211469874812608746e-02
7.535003007581755341e+00 2.215009451858837228e-02
7.544624033107975691e+00 2.218260279808419860e-02
7.554245058634196042e+00 2.221076385954690730e-02
7.563866084160416392e+00 2.223663642173731581e-02
7.573487109686638519e+00 2.226258754107245455e-02
7.583108135212858869e+00 2.229096382093631937e-02
7.592729160739079219e+00 2.232283571483613741e-02
7.602350186265299570e+00 2.235733115982743366e-02
7.611971211791519920e+00 2.239341529732572292e-02
7.621592237317742047e+00 2.243005828220797845e-02
7.631213262843962397e+00 2.246646232073610736e-02
7.640834288370182747e+00 2.250215645682381721e-02
7.650455313896403098e+00 2.253669745613065198e-02
7.660076339422623448e+00 2.256966385670702152e-02
7.669697364948845575e+00 2.260127253454084426e-02
7.679318390475065925e+00 2.263251807608803248e-02
7.688939416001286276e+00 2.266443947509571427e-02
7.698560441527506626e+00 2.269804313233261123e-02
7.708181467053728753e+00 2.273362541686409222e-02
7.717802492579949103e+00 2.277076052812888884e-02
7.727423518106169453e+00 2.280898989211843642e-02
7.737044543632389804e+00 2.284785461857380753e-02
7.746665569158610154e+00 2.288689550875041417e-02
7.756286594684832281e+00 2.292565307252118420e-02
7.765907620211052631e+00 2.296366755548261834e-02
7.775528645737272981e+00 2.300060899926775065e-02
7.785149671263493332e+00 2.303753572488606918e-02
7.794770696789715458e+00 2.307635056307720187e-02
7.804391722315935809e+00 2.311897420807788178e-02
7.814012747842156159e+00 2.316666071291599224e-02
7.823633773368376509e+00 2.321597492944195776e-02
7.833254798894596860e+00 2.326147839542311302e-02
7.842875824420818986e+00 2.329772148721009559e-02
7.852496849947039337e+00 2.332144473018084654e-02
7.862117875473259687e+00 2.333917893025302601e-02
7.871738900999480038e+00 2.336018295925646263e-02
7.881359926525700388e+00 2.339370095086344345e-02
7.890980952051922515e+00 2.344446218977969468e-02
7.900601977578142865e+00 2.350483183553294872e-02
7.910223003104363215e+00 2.356509671216250670e-02
7.919844028630583566e+00 2.361565106629896771e-02
7.929465054156805692e+00 2.365271679169588318e-02
7.939086079683026043e+00 2.368213923567816237e-02
7.948707105209246393e+00 2.371065855800573094e-02
7.958328130735466743e+00 2.374481382459792816e-02
7.967949156261687094e+00 2.378678742793305725e-02
7.977570181787909220e+00 2.383449724031096867e-02
7.987191207314129571e+00 2.388568853071645209e-02
7.996812232840349921e+00 2.393822792792323767e-02
8.006433258366570271e+00 2.399105636252487489e-02
8.016054283892790622e+00 2.404370466413085355e-02
8.025675309419012748e+00 2.409570854367887663e-02
8.035296334945233099e+00 2.414660258163669332e-02
8.044917360471453449e+00 2.419592040218357040e-02
8.054538385997673799e+00 2.424319482141684343e-02
8.064159411523895926e+00 2.428795797041231538e-02
8.073780437050116277e+00 2.432974139387033760e-02
8.083401462576336627e+00 2.436807612499142933e-02
8.093022488102556977e+00 2.440249273714377443e-02
8.102643513628777328e+00 2.443264501188243537e-02
8.112264539154999454e+00 2.446137751189775278e-02
8.121885564681219805e+00 2.449493201576453602e-02
8.131506590207440155e+00 2.453971593412531543e-02
8.141127615733660505e+00 2.460084440108217460e-02
8.150748641259882632e+00 2.467253765892053058e-02
8.160369666786102982e+00 2.474355305095717397e-02
8.169990692312323333e+00 2.480260274459612085e-02
8.179611717838543683e+00 2.484254516234461058e-02
8.189232743364764033e+00 2.487011824673750898e-02
8.198853768890986160e+00 2.489496665012441018e-02
8.208474794417206510e+00 2.492663496745646176e-02
8.218095819943426861e+00 2.496982436664243327e-02
8.227716845469647211e+00 2.502252899242310771e-02
8.237337870995867561e+00 2.508224826422259315e-02
8.246958896522089688e+00 2.514643672355975842e-02
8.256579922048310038e+00 2.521213345836489927e-02
8.266200947574530389e+00 2.527614373734853384e-02
8.275821973100750739e+00 2.533527890694088278e-02
8.285442998626972866e+00 2.538743365030516480e-02
8.295064024153193216e+00 2.543414270797589652e-02
8.304685049679413567e+00 2.547770685291735407e-02
8.314306075205633917e+00 2.552042508590995212e-02
8.323927100731854267e+00 2.556459557731169743e-02
8.333548126258076394e+00 2.561251552549991678e-02
8.343169151784296744e+00 2.566647995004281077e-02
8.352790177310517095e+00 2.572811730258550353e-02
8.362411202836737445e+00 2.579411651465102553e-02
8.372032228362957795e+00 2.585894624583353479e-02
8.381653253889179922e+00 2.591708974938934998e-02
8.391274279415400272e+00 2.596635748240446948e-02
8.400895304941620623e+00 2.601216836004649133e-02
8.410516330467840973e+00 2.606100162491894329e-02
8.420137355994063100e+00 2.611889393595656292e-02
8.429758381520283450e+00 2.618524821059203117e-02
8.439379407046503800e+00 2.625435564931433846e-02
8.449000432572724151e+00 2.632039123581845358e-02
8.458621458098944501e+00 2.637898559767106604e-02
8.468242483625166628e+00 2.643116337321373827e-02
8.477863509151386978e+00 2.647920516324934331e-02
8.487484534677607328e+00 2.652538806499368448e-02
8.497105560203827679e+00 2.657198828654127806e-02
8.506726585730048029e+00 2.662128245590990316e-02
8.516347611256270156e+00 2.667554764910992290e-02
8.525968636782490506e+00 2.673628828965858226e-02
8.535589662308710857e+00 2.680097196796443412e-02
8.545210687834931207e+00 2.686575277420216734e-02
8.554831713361153334e+00 2.692683542248476558e-02
8.564452738887373684e+00 2.698262466528626724e-02
8.574073764413594034e+00 2.703455837653329433e-02
8.583694789939814385e+00 2.708429543705925119e-02
8.593315815466034735e+00 2.713349468595858613e-02
8.602936840992256862e+00 2.718381522226922739e-02
8.612557866518477212e+00 2.723691640484277726e-02
8.622178892044697562e+00 2.729443469566969829e-02
8.631799917570917913e+00 2.735679325919296301e-02
8.641420943097140039e+00 2.742262115753226967e-02
8.651041968623360390e+00 2.749040312967395566e-02
8.660662994149580740e+00 2.755859922917768337e-02
8.670284019675801090e+00 2.762551411759623168e-02
8.679905045202021441e+00 2.768939358254669802e-02
8.689526070728243567e+00 2.774852051485269394e-02
8.699147096254463918e+00 2.780281709900491935e-02
8.708768121780684268e+00 2.785445413051671967e-02
8.718389147306904619e+00 2.790576470856826266e-02
8.728010172833124969e+00 2.795873002131539498e-02
8.737631198359347096e+00 2.801351086704860494e-02
8.747252223885567446e+00 2.806968355827176714e-02
8.756873249411787796e+00 2.812684585225757108e-02
8.766494274938009923e+00 2.818515585709835750e-02
8.776115300464230273e+00 2.824539631841234411e-02
8.785736325990450624e+00 2.830839059099016231e-02
8.795357351516670974e+00 2.837452062453991661e-02
8.804978377042891324e+00 2.844248261723241605e-02
8.814599402569113451e+00 2.851057432526949570e-02
8.824220428095333801e+00 2.857717134807924442e-02
8.833841453621554152e+00 2.864185802191700214e-02
8.843462479147774502e+00 2.870516129215662168e-02
8.853083504673996629e+00 2.876763380100741049e-02
8.862704530200216979e+00 2.882982945219420001e-02
8.872325555726437329e+00 2.889230349268494605e-02
8.881946581252657680e+00 2.895561219290588087e-02
8.891567606778878030e+00 2.902012977637386665e-02
8.901188632305100157e+00 2.908479432482766885e-02
8.910809657831320507e+00 2.914786373194734256e-02
8.920430683357540858e+00 2.920763391818910482e-02
8.930051708883761208e+00 2.926413549515231166e-02
8.939672734409981558e+00 2.931970356644285694e-02
8.949293759936203685e+00 2.937683373036050274e-02
8.958914785462424035e+00 2.943758606541625744e-02
8.968535810988644386e+00 2.950236914034206834e-02
8.978156836514864736e+00 2.957120840261484931e-02
8.987777862041086863e+00 2.964394816420556911e-02
8.997398887567307213e+00 2.971810356188568647e-02
9.007019913093527563e+00 2.978962735003268941e-02
9.016640938619747914e+00 2.985449322510893080e-02
9.026261964145968264e+00 2.991180122819939516e-02
9.035882989672190391e+00 2.996594913644992642e-02
9.045504015198410741e+00 3.002185376814861528e-02
9.055125040724631091e+00 3.008352457357557283e-02
9.064746066250851442e+00 3.015083139687778011e-02
9.074367091777071792e+00 3.022247174349865922e-02
9.083988117303293919e+00 3.029714397263285133e-02
9.093609142829514269e+00 3.037358122715766440e-02
9.103230168355734619e+00 3.045054185818665132e-02
9.112851193881954970e+00 3.052678524447672778e-02
9.122472219408177097e+00 3.060107107238975097e-02
9.132093244934397447e+00 3.067215874479636839e-02
9.141714270460617797e+00 3.073880640008822690e-02
9.151335295986838148e+00 3.080057616360766526e-02
9.160956321513058498e+00 3.086016258218535202e-02
9.170577347039280625e+00 3.092102500266613943e-02
9.180198372565500975e+00 3.098608127286897954e-02
9.189819398091721325e+00 3.105291671102753878e-02
9.199440423617941676e+00 3.111610184870544638e-02
9.209061449144162026e+00 3.117041405991538908e-02
9.218682474670384153e+00 3.121846983982791077e-02
9.228303500196604503e+00 3.127220516450648219e-02
9.237924525722824853e+00 3.134408263274071627e-02
9.247545551249045204e+00 3.143850472179989669e-02
9.257166576775267330e+00 3.153990309433687272e-02
9.266787602301487681e+00 3.162966580245157172e-02
9.276408627827708031e+00 3.169324344424295781e-02
9.286029653353928381e+00 3.173785524591461044e-02
9.295650678880148732e+00 3.177798135092382847e-02
9.305271704406370858e+00 3.182722292678148712e-02
9.314892729932591209e+00 3.188839661229982830e-02
9.324513755458811559e+00 3.195712980666078756e-02
9.334134780985031909e+00 3.202896904941338052e-02
9.343755806511254036e+00 3.210123920009087806e-02
9.353376832037474387e+00 3.217347933671106663e-02
9.362997857563694737e+00 3.224536943718699783e-02
9.372618883089915087e+00 3.231659395668913526e-02
9.382239908616135438e+00 3.238684166035454143e-02
9.391860934142357564e+00 3.245580313800018601e-02
9.401481959668577915e+00 3.252333916359415739e-02
9.411102985194798265e+00 3.259005783371372172e-02
9.420724010721018615e+00 3.265677540879524665e-02
9.430345036247238966e+00 3.272421374414803685e-02
9.439966061773461092e+00 3.279230406075669263e-02
9.449587087299681443e+00 3.286060015738813400e-02
9.459208112825901793e+00 3.292873636784818953e-02
9.468829138352122143e+00 3.299746306571607612e-02
9.478450163878344270e+00 3.306844685921226518e-02
9.488071189404564620e+00 3.314334292292977352e-02
9.497692214930784971e+00 3.322209606281401051e-02
9.507313240457005321e+00 3.330234097477677291e-02
9.516934265983225671e+00 3.338154705593122940e-02
9.526555291509447798e+00 3.345718163768460901e-02
9.536176317035668148e+00 3.352671040914351197e-02
9.545797342561888499e+00 3.358759805425780981e-02
9.555418368088108849e+00 3.363924347069643939e-02
9.565039393614329200e+00 3.368777859438684685e-02
9.574660419140551326e+00 3.374080436465932975e-02
9.584281444666771677e+00 3.380460884555170492e-02
9.593902470192992027e+00 3.387817706611953583e-02
9.603523495719212377e+00 3.395797547891099555e-02
9.613144521245434504e+00 3.404046700359343591e-02
9.622765546771654854e+00 3.412211376353063708e-02
9.632386572297875205e+00 3.419937543167925892e-02
9.642007597824095555e+00 3.426900482184531971e-02
9.651628623350315905e+00 3.433201082385287095e-02
9.661249648876538032e+00 3.439258545039843018e-02
9.670870674402758382e+00 3.445489807824861361e-02
9.680491699928978733e+00 3.452033492638049289e-02
9.690112725455199083e+00 3.458739082916595375e-02
9.699733750981419433e+00 3.465444084411877651e-02
9.709354776507641560e+00 3.472110504325764263e-02
9.718975802033861910e+00 3.478879582054364428e-02
9.728596827560082261e+00 3.485909532955099727e-02
9.738217853086302611e+00 3.493244021693068385e-02
9.747838878612524738e+00 3.500711647868684495e-02
9.757459904138745088e+00 3.508120501040221800e-02
9.767080929664965439e+00 3.515330257003800724e-02
9.776701955191185789e+00 3.522323474576657260e-02
9.786322980717406139e+00 3.529105571807200636e-02
9.795944006243628266e+00 3.535711178807166705e-02
9.805565031769848616e+00 3.542249712315749532e-02
9.815186057296068967e+00 3.548844125760442642e-02
9.824807082822289317e+00 3.555594632537950606e-02
9.834428108348511444e+00 3.562510610071453754e-02
9.844049133874731794e+00 3.569579373372798459e-02
9.853670159400952144e+00 3.576789390150611481e-02
9.863291184927172495e+00 3.584130462133917894e-02
9.872912210453392845e+00 3.591592980279518371e-02
9.882533235979614972e+00 3.599176956183363502e-02
9.892154261505835322e+00 3.606942438943093465e-02
9.901775287032055672e+00 3.614973343325365851e-02
9.911396312558276023e+00 3.623299162867935075e-02
9.921017338084496373e+00 3.631565226606289776e-02
9.930638363610718500e+00 3.639257193140114227e-02
9.940259389136938850e+00 3.645962037074203937e-02
9.949880414663159200e+00 3.652044822870507274e-02
9.959501440189379551e+00 3.658230532920063449e-02
9.969122465715601678e+00 3.665143751064786626e-02
9.978743491241822028e+00 3.672544535829613127e-02
9.988364516768042378e+00 3.679757912054379410e-02
9.997985542294262729e+00 3.686209097945803564e-02
1.000760656782048308e+01 3.692254025331289519e-02
1.001722759334670521e+01 3.698749981278993265e-02
1.002684861887292556e+01 3.706445906080979569e-02
1.003646964439914591e+01 3.714992822647843196e-02
1.004609066992536626e+01 3.723425790063962515e-02
1.005571169545158661e+01 3.730862558959566200e-02
1.006533272097780873e+01 3.737299151338802083e-02
1.007495374650402908e+01 3.743232314931124738e-02
1.008457477203024943e+01 3.749165324547227424e-02
1.009419579755646978e+01 3.755601950769794223e-02
1.010381682308269191e+01 3.763045039650404766e-02
1.011343784860891226e+01 3.771870731217411704e-02
1.012305887413513261e+01 3.781294423489894863e-02
1.013267989966135296e+01 3.789905021862549628e-02
1.014230092518757331e+01 3.796484856833808735e-02
1.015192195071379544e+01 3.801495790727666552e-02
1.016154297624001579e+01 3.806270079675750512e-02
1.017116400176623614e+01 3.812025623821144876e-02
1.018078502729245649e+01 3.818989205583050300e-02
1.019040605281867862e+01 3.826915227996041668e-02
1.020002707834489897e+01 3.835499066999100565e-02
1.020964810387111932e+01 3.843992647361056669e-02
1.021926912939733967e+01 3.851452689476116131e-02
1.022889015492356002e+01 3.857185658621425928e-02
1.023851118044978215e+01 3.862047466304090876e-02
1.024813220597600250e+01 3.867484156803066564e-02
1.025775323150222285e+01 3.874588625085859106e-02
1.026737425702844320e+01 3.882599541409804955e-02
1.027699528255466355e+01 3.890151931669798974e-02
1.028661630808088567e+01 3.896205587279464450e-02
1.029623733360710602e+01 3.901129351483150626e-02
1.030585835913332637e+01 3.905674778322305168e-02
1.031547938465954672e+01 3.910593339798130313e-02
1.032510041018576885e+01 3.916636729463360972e-02
1.033472143571198920e+01 3.924555951135521442e-02
1.034434246123820955e+01 3.934493918309694277e-02
1.035396348676442990e+01 3.944882366894206932e-02
1.036358451229065025e+01 3.953859447401095878e-02
1.037320553781687238e+01 3.960623807454315137e-02
1.038282656334309273e+01 3.966715251433142186e-02
1.039244758886931308e+01 3.973972545843515447e-02
1.040206861439553343e+01 3.983025615601015063e-02
1.041168963992175378e+01 3.992438379256440378e-02
1.042131066544797591e+01 4.000598761469243564e-02
1.043093169097419626e+01 4.006897870411726958e-02
1.044055271650041661e+01 4.012036323113309794e-02
1.045017374202663696e+01 4.016803449158186379e-02
1.045979476755285908e+01 4.021990314618666823e-02
1.046941579307907944e+01 4.028390165663187084e-02
1.047903681860529979e+01 4.036703246503429293e-02
1.048865784413152014e+01 4.046334023679386965e-02
1.049827886965774049e+01 4.055746028321484398e-02
1.050789989518396261e+01 4.063528375276408838e-02
1.051752092071018296e+01 4.069593365115399541e-02
1.052714194623640331e+01 4.074546806691022732e-02
1.053676297176262366e+01 4.079009723700380979e-02
1.054638399728884401e+01 4.083611522952500239e-02
1.055600502281506614e+01 4.088983898092828084e-02
1.056562604834128649e+01 4.095559086379729763e-02
1.057524707386750684e+01 4.103036978072023555e-02
1.058486809939372719e+01 4.110959379505652739e-02
1.059448912491994932e+01 4.118919071961951034e-02
1.060411015044616967e+01 4.126599316463401557e-02
1.061373117597239002e+01 4.133699058100136908e-02
1.062335220149861037e+01 4.140153890251701413e-02
1.063297322702483072e+01 4.146275379364387781e-02
1.064259425255105285e+01 4.152407856823392418e-02
1.065221527807727320e+01 4.158881208504479343e-02
1.066183630360349355e+01 4.166010423103459065e-02
1.067145732912971390e+01 4.174058121923473336e-02
1.068107835465593602e+01 4.182643198511051819e-02
1.069069938018215637e+01 4.190947648961217825e-02
1.070032040570837673e+01 4.198261162950919778e-02
1.070994143123459708e+01 4.204670454309285960e-02
1.071956245676081743e+01 4.210596814679878203e-02
1.072918348228703955e+01 4.216427694888388172e-02
1.073880450781325990e+01 4.222412195291928155e-02
1.074842553333948025e+01 4.228765755728930431e-02
1.075804655886570060e+01 4.235704140119655320e-02
1.076766758439192095e+01 4.243443379385437170e-02
1.077728860991814308e+01 4.252181046073079396e-02
1.078690963544436343e+01 4.261360901999883960e-02
1.079653066097058378e+01 4.269429464949840713e-02
1.080615168649680413e+01 4.274892402973199529e-02
1.081577271202302626e+01 4.278208795317821334e-02
1.082539373754924661e+01 4.281355449454514461e-02
1.083501476307546696e+01 4.286174146740755891e-02
1.084463578860168731e+01 4.293223117896057678e-02
1.085425681412790766e+01 4.302497080122476281e-02
1.086387783965412979e+01 4.313541037062781219e-02
1.087349886518035014e+01 4.324248240807378185e-02
1.088311989070657049e+01 4.332144100234886636e-02
1.089274091623279084e+01 4.336382325380995495e-02
1.090236194175901119e+01 4.339271180515677506e-02
1.091198296728523331e+01 4.343407323564316136e-02
1.092160399281145367e+01 4.349554084590789155e-02
1.093122501833767402e+01 4.356558896654126600e-02
1.094084604386389437e+01 4.363279026672589600e-02
1.095046706939011649e+01 4.369486436605075214e-02
1.096008809491633684e+01 4.375460240614405250e-02
1.096970912044255719e+01 4.381483864678457213e-02
1.097933014596877754e+01 4.387840094271516084e-02
1.098895117149499789e+01 4.394809289937492286e-02
1.099857219702122002e+01 4.402341293569657366e-02
1.100819322254744037e+01 4.409685227486653814e-02
1.101781424807366072e+01 4.416036568218686259e-02
1.102743527359988107e+01 4.421488302745322369e-02
1.103705629912610142e+01 4.427090544132291500e-02
1.104667732465232355e+01 4.433820575501187106e-02
1.105629835017854390e+01 4.441605206803547756e-02
1.106591937570476425e+01 4.449832472532291167e-02
1.107554040123098460e+01 4.457938466399822414e-02
1.108516142675720673e+01 4.465506632041411211e-02
1.109478245228342708e+01 4.472161009425993511e-02
1.110440347780964743e+01 4.477830027898491161e-02
1.111402450333586778e+01 4.482972921106140318e-02
1.112364552886208813e+01 4.488103143291150010e-02
1.113326655438831025e+01 4.493558582894725817e-02
1.114288757991453060e+01 4.499524668822126039e-02
1.115250860544075096e+01 4.506128831331486506e-02
1.116212963096697131e+01 4.513164110651963351e-02
1.117175065649319343e+01 4.520296531682201774e-02
1.118137168201941378e+01 4.527190759310744522e-02
1.119099270754563413e+01 4.533510965837128648e-02
1.120061373307185448e+01 4.538942608227384407e-02
1.121023475859807483e+01 4.543755305130131594e-02
1.121985578412429696e+01 4.548863611894301412e-02
1.122947680965051731e+01 4.555061007950501201e-02
1.123909783517673766e+01 4.561870622890197569e-02
1.124871886070295801e+01 4.568199829453647998e-02
1.125833988622917836e+01 4.573382093744662868e-02
1.126796091175540049e+01 4.578074375550517799e-02
1.127758193728162084e+01 4.583173949264532365e-02
1.128720296280784119e+01 4.589100371361035796e-02
1.129682398833406154e+01 4.595669193825930449e-02
1.130644501386028367e+01 4.602657560097296596e-02
1.131606603938650402e+01 4.609843122500673074e-02
1.132568706491272437e+01 4.617004071809350380e-02
1.133530809043894472e+01 4.624024082863692486e-02
1.134492911596516507e+01 4.631126076881237480e-02
1.135455014149138719e+01 4.638592707126613923e-02
1.136417116701760754e+01 4.646420121052165231e-02
1.137379219254382789e+01 4.654244725826411910e-02
1.138341321807004825e+01 4.661680974573927799e-02
1.139303424359626860e+01 4.668344426121664309e-02
1.140265526912249072e+01 4.673851686709035169e-02
1.141227629464871107e+01 4.678104347761270765e-02
1.142189732017493142e+01 4.681827468264538467e-02
1.143151834570115177e+01 4.685881117353839914e-02
1.144113937122737390e+01 4.690786603361914164e-02
1.145076039675359425e+01 4.696698557343865349e-02
1.146038142227981460e+01 4.703600030874827143e-02
1.147000244780603495e+01 4.710431245337545064e-02
1.147962347333225530e+01 4.715707207177911864e-02
1.148924449885847743e+01 4.718970171764455546e-02
1.149886552438469778e+01 4.722079251807230482e-02
1.150848654991091813e+01 4.727114822990641924e-02
1.151810757543713848e+01 4.734273543234636394e-02
1.152772860096336061e+01 4.742194386357084790e-02
1.153734962648958096e+01 4.749651440424948468e-02
1.154697065201580131e+01 4.756224023959710473e-02
1.155659167754202166e+01 4.761726928710444812e-02
1.156621270306824201e+01 4.766254792657377559e-02
1.157583372859446413e+01 4.770319209789369158e-02
1.158545475412068448e+01 4.774465565213239365e-02
1.159507577964690483e+01 4.779239141466747748e-02
1.160469680517312518e+01 4.785184292257598643e-02
1.161431783069934554e+01 4.792358107637335191e-02
1.162393885622556766e+01 4.799503147159410454e-02
1.163355988175178801e+01 4.805242150903916987e-02
1.164318090727800836e+01 4.810149507557655302e-02
1.165280193280422871e+01 4.816577667304474536e-02
1.166242295833045084e+01 4.826021839008351466e-02
1.167204398385667119e+01 4.835616157709567847e-02
1.168166500938289154e+01 4.841275989771617189e-02
1.169128603490911189e+01 4.842246776421397364e-02
1.170090706043533224e+01 4.842582784256482115e-02
1.171052808596155437e+01 4.846187963353713879e-02
1.172014911148777472e+01 4.852809446155352535e-02
1.172977013701399507e+01 4.860227884793875269e-02
1.173939116254021542e+01 4.866948453569229505e-02
1.174901218806643577e+01 4.873095277006274373e-02
1.175863321359265790e+01 4.878995135621900375e-02
1.176825423911887825e+01 4.884804479712123726e-02
1.177787526464509860e+01 4.890560268136487365e-02
1.178749629017131895e+01 4.896296773607926311e-02
1.179711731569754107e+01 4.902048085516218928e-02
1.180673834122376142e+01 4.907848110699893074e-02
1.181635936674998177e+01 4.913730509961465598e-02
1.182598039227620212e+01 4.919728570981241056e-02
1.183560141780242247e+01 4.925783402577266906e-02
1.184522244332864460e+01 4.931425957285013456e-02
1.185484346885486495e+01 4.936088473805592958e-02
1.186446449438108530e+01 4.939712225873972573e-02
1.187408551990730565e+01 4.942872677945024662e-02
1.188370654543352600e+01 4.946159704160657533e-02
1.189332757095974813e+01 4.950015940803736969e-02
1.190294859648596848e+01 4.954821380027994021e-02
1.191256962201218883e+01 4.960464769099220267e-02
1.192219064753840918e+01 4.966081504217992326e-02
1.193181167306463131e+01 4.970887253578008119e-02
1.194143269859085166e+01 4.975127166771591697e-02
1.195105372411707201e+01 4.979499628431857672e-02
1.196067474964329236e+01 4.984422799308264179e-02
1.197029577516951271e+01 4.989803181141014288e-02
1.197991680069573484e+01 4.995492882083402836e-02
1.198953782622195519e+01 5.001343668626916789e-02
1.199915885174817554e+01 5.007207845213628578e-02
1.200877987727439589e+01 5.013017519930677846e-02
1.201840090280061801e+01 5.018866290589236306e-02
1.202802192832683836e+01 5.024820161191383139e-02
1.203764295385305871e+01 5.030482435664763996e-02
1.204726397937927906e+01 5.035204602316569605e-02
1.205688500490549941e+01 5.038880546880200595e-02
1.206650603043172154e+01 5.042554932061445172e-02
1.207612705595794189e+01 5.047304692758364242e-02
1.208574808148416224e+01 5.053090276830110583e-02
1.209536910701038259e+01 5.059245381715890555e-02
1.210499013253660294e+01 5.065096366577469950e-02
1.211461115806282507e+01 5.069969193564333870e-02
1.212423218358904542e+01 5.073298973300088138e-02
1.213385320911526577e+01 5.075535863407231590e-02
1.214347423464148612e+01 5.077677866206545265e-02
1.215309526016770825e+01 5.080403813149048792e-02
1.216271628569392860e+01 5.083752807789658490e-02
1.217233731122014895e+01 5.087689218966601201e-02
1.218195833674636930e+01 5.092177648593516209e-02
1.219157936227258965e+01 5.097183004348701529e-02
1.220120038779881178e+01 5.102670519843675173e-02
1.221082141332503213e+01 5.108605721589243309e-02
1.222044243885125248e+01 5.114918348144598809e-02
1.223006346437747283e+01 5.121283634139632557e-02
1.223968448990369318e+01 5.127266808070676807e-02
1.224930551542991530e+01 5.132450378888150228e-02
1.225892654095613565e+01 5.136445136551441581e-02
1.226854756648235600e+01 5.139047656753319843e-02
1.227816859200857635e+01 5.141088026953271467e-02
1.228778961753479848e+01 5.143740313269061504e-02
1.229741064306101883e+01 5.147528858208679642e-02
1.230703166858723918e+01 5.152190521478502983e-02
1.231665269411345953e+01 5.157394331993656045e-02
1.232627371963967988e+01 5.162724938452389889e-02
1.233589474516590201e+01 5.167760258679573310e-02
1.234551577069212236e+01 5.172366542118805172e-02
1.235513679621834271e+01 5.176678236594500077e-02
1.236475782174456306e+01 5.180839945899476384e-02
1.237437884727078341e+01 5.184995976755732427e-02
1.238399987279700554e+01 5.189290013068217217e-02
1.239362089832322589e+01 5.193863442193559499e-02
1.240324192384944624e+01 5.198854399303583923e-02
1.241286294937566659e+01 5.204001994882242327e-02
1.242248397490188871e+01 5.208180427368309939e-02
1.243210500042810907e+01 5.210449058119938359e-02
1.244172602595432942e+01 5.212195238234951927e-02
1.245134705148054977e+01 5.215874098605501052e-02
1.246096807700677012e+01 5.222065403155222441e-02
1.247058910253299224e+01 5.228588078091036401e-02
1.248021012805921259e+01 5.233461397807388088e-02
1.248983115358543294e+01 5.236763879915492387e-02
1.249945217911165329e+01 5.239214046281340936e-02
1.250907320463787542e+01 5.241720106138679502e-02
1.251869423016409577e+01 5.245367814640646692e-02
1.252831525569031612e+01 5.250728853024592968e-02
1.253793628121653647e+01 5.256854435586202218e-02
1.254755730674275682e+01 5.262520516469034598e-02
1.255717833226897895e+01 5.266504292384190100e-02
1.256679935779519930e+01 5.267608139746074447e-02
1.257642038332141965e+01 5.266614718388588218e-02
1.258604140884764000e+01 5.267705199286311368e-02
1.259566243437386035e+01 5.274232321056323419e-02
1.260528345990008248e+01 5.283199954819680494e-02
1.261490448542630283e+01 5.289629444777130957e-02
1.262452551095252318e+01 5.292419466406164674e-02
1.263414653647874353e+01 5.294312473013425280e-02
1.264376756200496565e+01 5.297209221512926697e-02
1.265338858753118600e+01 5.300155543066747965e-02
1.266300961305740636e+01 5.301901675551490278e-02
1.267263063858362671e+01 5.303021823571030940e-02
1.268225166410984706e+01 5.305063187413113640e-02
1.269187268963606918e+01 5.308486632443141368e-02
1.270149371516228953e+01 5.312109923431921482e-02
1.271111474068850988e+01 5.314923255549887371e-02
1.272073576621473023e+01 5.317251846880226979e-02
1.273035679174095058e+01 5.319784491423406453e-02
1.273997781726717271e+01 5.323209756296242573e-02
1.274959884279339306e+01 5.328210216870968297e-02
1.275921986831961341e+01 5.334604949919728722e-02
1.276884089384583376e+01 5.340443546554967530e-02
1.277846191937205589e+01 5.344025947750732225e-02
1.278808294489827624e+01 5.346451905358358403e-02
1.279770397042449659e+01 5.349782261285473961e-02
1.280732499595071694e+01 5.354362955063284718e-02
1.281694602147693729e+01 5.358855299059879507e-02
1.282656704700315942e+01 5.362342103051659370e-02
1.283618807252937977e+01 5.365167248807849870e-02
1.284580909805560012e+01 5.367873849743146769e-02
1.285543012358182047e+01 5.371005245517320587e-02
1.286505114910804259e+01 5.375071528627312079e-02
1.287467217463426294e+01 5.379615125570369472e-02
1.288429320016048329e+01 5.383084652150171151e-02
1.289391422568670365e+01 5.384521967925287589e-02
1.290353525121292400e+01 5.384852471601851709e-02
1.291315627673914612e+01 5.385339753457622780e-02
1.292277730226536647e+01 5.387247867122997580e-02
1.293239832779158682e+01 5.391775076871027639e-02
1.294201935331780717e+01 5.398012043318903275e-02
1.295164037884402752e+01 5.402557971156174421e-02
1.296126140437024965e+01 5.403414421082282371e-02
1.297088242989647000e+01 5.403113201550661243e-02
1.298050345542269035e+01 5.404633642925781023e-02
1.299012448094891070e+01 5.407958590545780542e-02
1.299974550647513283e+01 5.411672700504448208e-02
1.300936653200135318e+01 5.415194626294485974e-02
1.301898755752757353e+01 5.418889490525258951e-02
1.302860858305379388e+01 5.422886262853870987e-02
1.303822960858001423e+01 5.426550534501242695e-02
1.304785063410623636e+01 5.429243009094142369e-02
1.305747165963245671e+01 5.431147128548820951e-02
1.306709268515867706e+01 5.432781578058135108e-02
1.307671371068489741e+01 5.434425995056350184e-02
1.308633473621111776e+01 5.436127046822110398e-02
1.309595576173733988e+01 5.437923257384127962e-02
1.310557678726356023e+01 5.439854946349249182e-02
1.311519781278978058e+01 5.442049163232147435e-02
1.312481883831600094e+01 5.445096767058255072e-02
1.313443986384222306e+01 5.449630412241449062e-02
1.314406088936844341e+01 5.454603649618469663e-02
1.315368191489466376e+01 5.457716388221142689e-02
1.316330294042088411e+01 5.458411989392430302e-02
1.317292396594710446e+01 5.459080804232210871e-02
1.318254499147332659e+01 5.461329764952143478e-02
1.319216601699954694e+01 5.462691457541238305e-02
1.320178704252576729e+01 5.460401127888751815e-02
1.321140806805198764e+01 5.458075756503164011e-02
1.322102909357820799e+01 5.462606407159516925e-02
1.323065011910443012e+01 5.474084389753290647e-02
1.324027114463065047e+01 5.484682480829466966e-02
1.324989217015687082e+01 5.488929252976179618e-02
1.325951319568309117e+01 5.488281390336714055e-02
1.326913422120931330e+01 5.485249058113966791e-02
1.327875524673553365e+01 5.482342848783690326e-02
1.328837627226175400e+01 5.481930995619550828e-02
1.329799729778797435e+01 5.484373888971834365e-02
1.330761832331419470e+01 5.488527428639255329e-02
1.331723934884041682e+01 5.492127391088486021e-02
1.332686037436663717e+01 5.491275861515394069e-02
1.333648139989285752e+01 5.484941837808056386e-02
1.334610242541907787e+01 5.481545538107753662e-02
1.335572345094530000e+01 5.489455722030295304e-02
1.336534447647152035e+01 5.503773919970055689e-02
1.337496550199774070e+01 5.514339345889898020e-02
1.338458652752396105e+01 5.517640471356595466e-02
1.339420755305018140e+01 5.515860391048477834e-02
1.340382857857640353e+01 5.511719896325336515e-02
1.341344960410262388e+01 5.508528874937437120e-02
1.342307062962884423e+01 5.508708721186905688e-02
1.343269165515506458e+01 5.511494045021603921e-02
1.344231268068128493e+01 5.515447576853368256e-02
1.345193370620750706e+01 5.519131783051983015e-02
1.346155473173372741e+01 5.521167465973872424e-02
1.347117575725994776e+01 5.521182625117131149e-02
1.348079678278616811e+01 5.519664989775608516e-02
1.349041780831239024e+01 5.517939817899841087e-02
1.350003883383861059e+01 5.518608490644047460e-02
1.350965985936483094e+01 5.522887956097216611e-02
1.351928088489105129e+01 5.527431318227492979e-02
1.352890191041727164e+01 5.528677697550832965e-02
1.353852293594349376e+01 5.527078412128272333e-02
1.354814396146971411e+01 5.524606824257722454e-02
1.355776498699593446e+01 5.523239050824630542e-02
1.356738601252215481e+01 5.524903989696807599e-02
1.357700703804837516e+01 5.529747687699858999e-02
1.358662806357459729e+01 5.535629423163020840e-02
1.359624908910081764e+01 5.540831653698549686e-02
1.360587011462703799e+01 5.544981028016153501e-02
1.361549114015325834e+01 5.547896380219160400e-02
1.362511216567948047e+01 5.549396437006036409e-02
1.363473319120570082e+01 5.549299775583829003e-02
1.364435421673192117e+01 5.547424759720462339e-02
1.365397524225814152e+01 5.543720088341168306e-02
1.366359626778436187e+01 5.540664603086627865e-02
1.367321729331058400e+01 5.542949692196617872e-02
1.368283831883680435e+01 5.550433868080368455e-02
1.369245934436302470e+01 5.555289625091829747e-02
1.370208036988924505e+01 5.552840074008071058e-02
1.371170139541546540e+01 5.548960127960611555e-02
1.372132242094168753e+01 5.549633096383239234e-02
1.373094344646790788e+01 5.552315018758952753e-02
1.374056447199412823e+01 5.552323223316262685e-02
1.375018549752034858e+01 5.549889801127229350e-02
1.375980652304657070e+01 5.547859170798518508e-02
1.376942754857279105e+01 5.547418688187140401e-02
1.377904857409901140e+01 5.548200653360255141e-02
1.378866959962523175e+01 5.549777974429608712e-02
1.379829062515145210e+01 5.551722418833006378e-02
1.380791165067767423e+01 5.553604961714179306e-02
1.381753267620389458e+01 5.554996118375773312e-02
1.382715370173011493e+01 5.555626853227061540e-02
1.383677472725633528e+01 5.555934854580162063e-02
1.384639575278255741e+01 5.556555301361442573e-02
1.385601677830877776e+01 5.558126098757826955e-02
1.386563780383499811e+01 5.561126437363725361e-02
1.387525882936121846e+01 5.563765463963486757e-02
1.388487985488743881e+01 5.562689274195921352e-02
1.389450088041366094e+01 5.558710569499176329e-02
1.390412190593988129e+01 5.557577411507986370e-02
1.391374293146610164e+01 5.561684079144684628e-02
1.392336395699232199e+01 5.566631183319038778e-02
1.393298498251854234e+01 5.568638546636005965e-02
1.394260600804476447e+01 5.568016244056503417e-02
1.395222703357098482e+01 5.565838888053278172e-02
1.396184805909720517e+01 5.563182067810282239e-02
1.397146908462342552e+01 5.561121842671126053e-02
1.398109011014964764e+01 5.560732943812594226e-02
1.399071113567586799e+01 5.562867700685621142e-02
1.400033216120208834e+01 5.565266962420847147e-02
1.400995318672830869e+01 5.563556058932299375e-02
1.401957421225452904e+01 5.558633764829885165e-02
1.402919523778075117e+01 5.557279216539481176e-02
1.403881626330697152e+01 5.561699335942896227e-02
1.404843728883319187e+01 5.565947441528704825e-02
1.405805831435941222e+01 5.566098362509933062e-02
1.406767933988563257e+01 5.565261455144711322e-02
1.407730036541185470e+01 5.566419837792841580e-02
1.408692139093807505e+01 5.567853467004627716e-02
1.409654241646429540e+01 5.567171339975243716e-02
1.410616344199051575e+01 5.564757156647431174e-02
1.411578446751673788e+01 5.562017136210321844e-02
1.412540549304295823e+01 5.560358905789712647e-02
1.413502651856917858e+01 5.561046199454199035e-02
1.414464754409539893e+01 5.563137531447106404e-02
1.415426856962161928e+01 5.564017508507920762e-02
1.416388959514784140e+01 5.562539364487760485e-02
1.417351062067406176e+01 5.559248028847139228e-02
1.418313164620028211e+01 5.555102455675593742e-02
1.419275267172650246e+01 5.551560518065514621e-02
1.420237369725272458e+01 5.549646780757916398e-02
1.421199472277894493e+01 5.549334246953712552e-02
1.422161574830516528e+01 5.550456455277339579e-02
1.423123677383138563e+01 5.552845346457536968e-02
1.424085779935760598e+01 5.556144866174749647e-02
1.425047882488382811e+01 5.559177975447286701e-02
1.426009985041004846e+01 5.560767464110989711e-02
1.426972087593626881e+01 5.561135561722024140e-02
1.427934190146248916e+01 5.561055504056419685e-02
1.428896292698870951e+01 5.561303113502705231e-02
1.429858395251493164e+01 5.562452679370324254e-02
1.430820497804115199e+01 5.562213166904794726e-02
1.431782600356737234e+01 5.556499312637259297e-02
1.432744702909359269e+01 5.548319354894226674e-02
1.433706805461981482e+01 5.547441361909235397e-02
1.434668908014603517e+01 5.553946466001315890e-02
1.435631010567225552e+01 5.555079311603576542e-02
1.436593113119847587e+01 5.545915875657864841e-02
1.437555215672469622e+01 5.536336958821187065e-02
1.438517318225091834e+01 5.533563460982421356e-02
1.439479420777713869e+01 5.535616045443285393e-02
1.440441523330335905e+01 5.539268187978156621e-02
1.441403625882957940e+01 5.541299774431479586e-02
1.442365728435579975e+01 5.539538088401256555e-02
1.443327830988202187e+01 5.535891398047439876e-02
1.444289933540824222e+01 5.533263606659994532e-02
1.445252036093446257e+01 5.534558633690751100e-02
1.446214138646068292e+01 5.541595606238937377e-02
1.447176241198690505e+01 5.548860966930529298e-02
1.448138343751312540e+01 5.548801529014107947e-02
1.449100446303934575e+01 5.542732305279383237e-02
1.450062548856556610e+01 5.536359744689216961e-02
1.451024651409178645e+01 5.532141426076511020e-02
1.451986753961800858e+01 5.530330879294544782e-02
1.452948856514422893e+01 5.530404160159913679e-02
1.453910959067044928e+01 5.531235687262667233e-02
1.454873061619666963e+01 5.531681982641969281e-02
1.455835164172288998e+01 5.530634205718892166e-02
1.456797266724911211e+01 5.528128462353353034e-02
1.457759369277533246e+01 5.525557527960803239e-02
1.458721471830155281e+01 5.523728863216605806e-02
1.459683574382777316e+01 5.522489809183979415e-02
1.460645676935399528e+01 5.521612926011044281e-02
1.461607779488021563e+01 5.520870680302086830e-02
1.462569882040643598e+01 5.520035431481110783e-02
1.463531984593265634e+01 5.518880728308432626e-02
1.464494087145887669e+01 5.517634431381496923e-02
1.465456189698509881e+01 5.517643519315585526e-02
1.466418292251131916e+01 5.519350582026572027e-02
1.467380394803753951e+01 5.520053853928981458e-02
1.468342497356375986e+01 5.517452180639400433e-02
1.469304599908998199e+01 5.512613107833262693e-02
1.470266702461620234e+01 5.507333926522758188e-02
1.471228805014242269e+01 5.503413151873931541e-02
1.472190907566864304e+01 5.502270983262316090e-02
1.473153010119486339e+01 5.503541216502001732e-02
1.474115112672108552e+01 5.506255304387992766e-02
1.475077215224730587e+01 5.509008195138560826e-02
1.476039317777352622e+01 5.510245004457921952e-02
1.477001420329974657e+01 5.508412148826144494e-02
1.477963522882596692e+01 5.502476647499244394e-02
1.478925625435218905e+01 5.495229120235938652e-02
1.479887727987840940e+01 5.490592747666260542e-02
1.480849830540462975e+01 5.487700066329779386e-02
1.481811933093085010e+01 5.483618206671970335e-02
1.482774035645707222e+01 5.478198597377799406e-02
1.483736138198329257e+01 5.472813245969836149e-02
1.484698240750951292e+01 5.468845785374108759e-02
1.485660343303573327e+01 5.467679720097196050e-02
1.486622445856195363e+01 5.470700936923932056e-02
1.487584548408817575e+01 5.478957016972045568e-02
1.488546650961439610e+01 5.488957609039415986e-02
1.489508753514061645e+01 5.494308917109649165e-02
1.490470856066683680e+01 5.493281140954939246e-02
1.491432958619305715e+01 5.487752969987871182e-02
1.492395061171927928e+01 5.479694093577744396e-02
1.493357163724549963e+01 5.471073876238400496e-02
1.494319266277171998e+01 5.463861001276050511e-02
1.495281368829794033e+01 5.459916806454450516e-02
1.496243471382416246e+01 5.459046536315734915e-02
1.497205573935038281e+01 5.459196804646559292e-02
1.498167676487660316e+01 5.458211529641548987e-02
1.499129779040282351e+01 5.454080111101030498e-02
1.500091881592904386e+01 5.448766455553124416e-02
1.501053984145526599e+01 5.447845044735891151e-02
1.502016086698148634e+01 5.450612187246386964e-02
1.502978189250770669e+01 5.450095000989771399e-02
1.503940291803392704e+01 5.444244829218701509e-02
1.504902394356014739e+01 5.436328677173261209e-02
1.505864496908636951e+01 5.428669529048874010e-02
1.506826599461258986e+01 5.422348168783298894e-02
1.507788702013881021e+01 5.418388625368084771e-02
1.508750804566503056e+01 5.417770785447442727e-02
1.509712907119125269e+01 5.420332103943156093e-02
1.510675009671747304e+01 5.424692690573482134e-02
1.511637112224369339e+01 5.429120567429120137e-02
1.512599214776991374e+01 5.431614889379968864e-02
1.513561317329613409e+01 5.431240572325241739e-02
1.514523419882235622e+01 5.428220136768300425e-02
1.515485522434857657e+01 5.423605130449137696e-02
1.516447624987479692e+01 5.419197227395650823e-02
1.517409727540101727e+01 5.415776397272239334e-02
1.518371830092723940e+01 5.413064168680563337e-02
1.519333932645345975e+01 5.410735691009356529e-02
1.520296035197968010e+01 5.408473356520637765e-02
1.521258137750590045e+01 5.406109880409361995e-02
1.522220240303212080e+01 5.403618500255180646e-02
1.523182342855834293e+01 5.400978128795196065e-02
1.524144445408456328e+01 5.398167851349569557e-02
1.525106547961078363e+01 5.395166637966949258e-02
1.526068650513700398e+01 5.392007018031260562e-02
1.527030753066322433e+01 5.389584338271644071e-02
1.527992855618944645e+01 5.389206064717802502e-02
1.528954958171566680e+01 5.388109766135507767e-02
1.529917060724188715e+01 5.381282723080151736e-02
1.530879163276810750e+01 5.374520066785519468e-02
1.531841265829432963e+01 5.379625099470331656e-02
1.532803368382054998e+01 5.389368720949845593e-02
1.533765470934677033e+01 5.386024437604414183e-02
1.534727573487299068e+01 5.372515298269807393e-02
1.535689676039921103e+01 5.363034733004803933e-02
1.536651778592543316e+01 5.360347931386152953e-02
1.537613881145165351e+01 5.360875539170294191e-02
1.538575983697787386e+01 5.360984405311743778e-02
1.539538086250409421e+01 5.357801821161273237e-02
1.540500188803031456e+01 5.353855605213427016e-02
1.541462291355653669e+01 5.353023289631472781e-02
1.542424393908275704e+01 5.352594420731410230e-02
1.543386496460897739e+01 5.348326366082803429e-02
1.544348599013519774e+01 5.341902703486118426e-02
1.545310701566141987e+01 5.336524150474276917e-02
1.546272804118764022e+01 5.332761005251749481e-02
1.547234906671386057e+01 5.330387698447059536e-02
1.548197009224008092e+01 5.329179665333923926e-02
1.549159111776630127e+01 5.328583551599005291e-02
1.550121214329252339e+01 5.326891003762056209e-02
1.551083316881874374e+01 5.322895456313765650e-02
1.552045419434496409e+01 5.317669679601823296e-02
1.553007521987118444e+01 5.312715682893136282e-02
1.553969624539740657e+01 5.309536665633830116e-02
1.554931727092362692e+01 5.309642484637049770e-02
1.555893829644984727e+01 5.314513069698518360e-02
1.556855932197606762e+01 5.321689932517895821e-02
1.557818034750228797e+01 5.321396062342897276e-02
1.558780137302851010e+01 5.310559433270567453e-02
1.559742239855473045e+01 5.298000632194876935e-02
1.560704342408095080e+01 5.289284534881295158e-02
1.561666444960717115e+01 5.284173013716916834e-02
1.562628547513339150e+01 5.282021464578923187e-02
1.563590650065961363e+01 5.282155198897217629e-02
1.564552752618583398e+01 5.283274150579211209e-02
1.565514855171205433e+01 5.283575974215231480e-02
1.566476957723827468e+01 5.282531892601497608e-02
1.567439060276449680e+01 5.280622569638213776e-02
1.568401162829071716e+01 5.278355193430408349e-02
1.569363265381693751e+01 5.276236299426708548e-02
1.570325367934315786e+01 5.274770997376108245e-02
1.571287470486937821e+01 5.274219420019300719e-02
1.572249573039560033e+01 5.273182521651720994e-02
1.573211675592182068e+01 5.269575017857108801e-02
1.574173778144804103e+01 5.261311581862605780e-02
1.575135880697426138e+01 5.248298992173839467e-02
1.576097983250048173e+01 5.238778412031888654e-02
1.577060085802670386e+01 5.239411687586489896e-02
1.578022188355292421e+01 5.244699067908158846e-02
1.578984290907914456e+01 5.248405130602965679e-02
1.579946393460536491e+01 5.248550686494351386e-02
1.580908496013158704e+01 5.244939676381249472e-02
1.581870598565780739e+01 5.239578116563722854e-02
1.582832701118402774e+01 5.234724208668160850e-02
1.583794803671024809e+01 5.232528410762227883e-02
1.584756906223646844e+01 5.231795255966378844e-02
1.585719008776269057e+01 5.227659096177342951e-02
1.586681111328891092e+01 5.220455459376509288e-02
1.587643213881513127e+01 5.215211317949852016e-02
1.588605316434135162e+01 5.213280632488888344e-02
1.589567418986757197e+01 5.213279397302244406e-02
1.590529521539379409e+01 5.213765033807057914e-02
1.591491624092001445e+01 5.213294856118014936e-02
1.592453726644623480e+01 5.210426421476923448e-02
1.593415829197245515e+01 5.204486697268231876e-02
1.594377931749867727e+01 5.198490174715766909e-02
1.595340034302489762e+01 5.195300406582904762e-02
1.596302136855111797e+01 5.193421403467735759e-02
1.597264239407733832e+01 5.190411522715138865e-02
1.598226341960355867e+01 5.183857889728870488e-02
1.599188444512978080e+01 5.174431311685372820e-02
1.600150547065599937e+01 5.168428643268394018e-02
1.601112649618222150e+01 5.168665088740384550e-02
1.602074752170844008e+01 5.172343407691434858e-02
1.603036854723466220e+01 5.176259768701778341e-02
1.603998957276088433e+01 5.177373673577058411e-02
1.604961059828710290e+01 5.174934469968572870e-02
1.605923162381332503e+01 5.169884261307411411e-02
1.606885264933954360e+01 5.163204757275895868e-02
1.607847367486576573e+01 5.155877308082541105e-02
1.608809470039198786e+01 5.148882793997311413e-02
1.609771572591820643e+01 5.143020807495748969e-02
1.610733675144442856e+01 5.138326391820519090e-02
1.611695777697064713e+01 5.134632671123995351e-02
1.612657880249686926e+01 5.131772780838136927e-02
1.613619982802309138e+01 5.129579876758551260e-02
1.614582085354930996e+01 5.127887136882766650e-02
1.615544187907553209e+01 5.126527757182613998e-02
1.616506290460175421e+01 5.125336579549649718e-02
1.617468393012797279e+01 5.124186161767222553e-02
1.618430495565419491e+01 5.122983566697052876e-02
1.619392598118041349e+01 5.121595744751203383e-02
1.620354700670663561e+01 5.119860522093327287e-02
1.621316803223285774e+01 5.117615366364611923e-02
1.622278905775907631e+01 5.114697783500853079e-02
1.623241008328529844e+01 5.110944874196001603e-02
1.624203110881151702e+01 5.106264873456253794e-02
1.625165213433773914e+01 5.100813910771638537e-02
1.626127315986396127e+01 5.094803762531333741e-02
1.627089418539017984e+01 5.088466869241275309e-02
1.628051521091640197e+01 5.083141722905724219e-02
1.629013623644262054e+01 5.081701048614659794e-02
1.629975726196884267e+01 5.083272936940803899e-02
1.630937828749506480e+01 5.083245644655124545e-02
1.631899931302128337e+01 5.080678751502946955e-02
1.632862033854750550e+01 5.077197789052579485e-02
1.633824136407372407e+01 5.073370062914284162e-02
1.634786238959994620e+01 5.069242013878966224e-02
1.635748341512616832e+01 5.064856971141017128e-02
1.636710444065238690e+01 5.060304747618397936e-02
1.637672546617860903e+01 5.055814944119444571e-02
1.638634649170482760e+01 5.051643324856043560e-02
1.639596751723104973e+01 5.048045534307061405e-02
1.640558854275727185e+01 5.045277125150951503e-02
1.641520956828349043e+01 5.043593593270372794e-02
1.642483059380971255e+01 5.043250419674775303e-02
1.643445161933593468e+01 5.044203482607641231e-02
1.644407264486215325e+01 5.043661831571670529e-02
1.645369367038837538e+01 5.038570622654816450e-02
1.646331469591459395e+01 5.032422823784322985e-02
1.647293572144081608e+01 5.029313158296562503e-02
1.648255674696703821e+01 5.028054718888964880e-02
1.649217777249325678e+01 5.026380678328293272e-02
1.650179879801947891e+01 5.022092219069454466e-02
1.651141982354569748e+01 5.015543807756907974e-02
1.652104084907191961e+01 5.010211293484000822e-02
1.653066187459814174e+01 5.007278533561380224e-02
1.654028290012436031e+01 5.005880325992959068e-02
1.654990392565058244e+01 5.005089188625985036e-02
1.655952495117680101e+01 5.003978665528385772e-02
1.656914597670302314e+01 5.001625656549280041e-02
1.657876700222924526e+01 4.997507557684104790e-02
1.658838802775546384e+01 4.992251709660370379e-02
1.659800905328168596e+01 4.986690717057810918e-02
1.660763007880790454e+01 4.981639099406110632e-02
1.661725110433412667e+01 4.977456119572487570e-02
1.662687212986034879e+01 4.974012271608194147e-02
1.663649315538656737e+01 4.971154053946420792e-02
1.664611418091278949e+01 4.968728077929696063e-02
1.665573520643901162e+01 4.966581065990670341e-02
1.666535623196523019e+01 4.964559836647235158e-02
1.667497725749145232e+01 4.962511276177618280e-02
1.668459828301767089e+01 4.960282296821753867e-02
1.669421930854389302e+01 4.957719781366584644e-02
1.670384033407011515e+01 4.954670514015580007e-02
1.671346135959633372e+01 4.950981097517078572e-02
1.672308238512255585e+01 4.946497856632894180e-02
1.673270341064877442e+01 4.941200062742339555e-02
1.674232443617499655e+01 4.936042497674681534e-02
1.675194546170121868e+01 4.932414802123599729e-02
1.676156648722743725e+01 4.931695090637484152e-02
1.677118751275365938e+01 4.932959692908032295e-02
1.678080853827987795e+01 4.930334240083261016e-02
1.679042956380610008e+01 4.922752576050484080e-02
1.680005058933231865e+01 4.915972923070052042e-02
1.680967161485854078e+01 4.912254375399517647e-02
1.681929264038476290e+01 4.910819574427040257e-02
1.682891366591098148e+01 4.910809911044176218e-02
1.683853469143720361e+01 4.911364980171643163e-02
1.684815571696342218e+01 4.911624989046001200e-02
1.685777674248964431e+01 4.910731865540934882e-02
1.686739776801586643e+01 4.907859350311256919e-02
1.687701879354208501e+01 4.903141232782076003e-02
1.688663981906830713e+01 4.897844089393703360e-02
1.689626084459452571e+01 4.893299748744458361e-02
1.690588187012074783e+01 4.890601047404281865e-02
1.691550289564696996e+01 4.889389600992496976e-02
1.692512392117318853e+01 4.888762850003551541e-02
1.693474494669941066e+01 4.887821851767779752e-02
1.694436597222563279e+01 4.886034137300498265e-02
1.695398699775185136e+01 4.883493765221992577e-02
1.696360802327807349e+01 4.880356278319045865e-02
1.697322904880429206e+01 4.876777340643624614e-02
1.698285007433051419e+01 4.872912722897153326e-02
1.699247109985673632e+01 4.868918274150523667e-02
1.700209212538295489e+01 4.864949879927126658e-02
1.701171315090917702e+01 4.861163406682640631e-02
1.702133417643539559e+01 4.857710985034506546e-02
1.703095520196161772e+01 4.854613031672222467e-02
1.704057622748783984e+01 4.851724658361065284e-02
1.705019725301405842e+01 4.848890515141655172e-02
1.705981827854028055e+01 4.845955361993223992e-02
1.706943930406649912e+01 4.842764153812767480e-02
1.707906032959272125e+01 4.839215133418132975e-02
1.708868135511894337e+01 4.835362695098639058e-02
1.709830238064516195e+01 4.831289705658978195e-02
1.710792340617138407e+01 4.827078985971518937e-02
1.711754443169760265e+01 4.822813317892121754e-02
1.712716545722382477e+01 4.818575450881487643e-02
1.713678648275004690e+01 4.814448108322313263e-02
1.714640750827626547e+01 4.810513993526408655e-02
1.715602853380248760e+01 4.806854939925270936e-02
1.716564955932870618e+01 4.803481373881304112e-02
1.717527058485492830e+01 4.800279644227480047e-02
1.718489161038115043e+01 4.797123394290475629e-02
1.719451263590736900e+01 4.793913494781722878e-02
1.720413366143359113e+01 4.790774781852292358e-02
1.721375468695981326e+01 4.787941241220999844e-02
1.722337571248603183e+01 4.785650380438691981e-02
1.723299673801225396e+01 4.784140993066331171e-02
1.724261776353847253e+01 4.783649318688890095e-02
1.725223878906469466e+01 4.784402913808714214e-02
1.726185981459091678e+01 4.786323488720818642e-02
1.727148084011713536e+01 4.787008010836083655e-02
1.728110186564335748e+01 4.784129025149894826e-02
1.729072289116957606e+01 4.779606603514507945e-02
1.730034391669579819e+01 4.775392812612875432e-02
1.730996494222202031e+01 4.771655009934316904e-02
1.731958596774823889e+01 4.768363333090294698e-02
1.732920699327446101e+01 4.765480760433916246e-02
1.733882801880067959e+01 4.762965715649963155e-02
1.734844904432690171e+01 4.760774239759613807e-02
1.735807006985312384e+01 4.758861736744693371e-02
1.736769109537934241e+01 4.757184295905000221e-02
1.737731212090556454e+01 4.755699591568707252e-02
1.738693314643178311e+01 4.754367358873960031e-02
1.739655417195800524e+01 4.753148402624140373e-02
1.740617519748422737e+01 4.751998095020870672e-02
1.741579622301044594e+01 4.750868999806680953e-02
1.742541724853666807e+01 4.749713301303366830e-02
1.743503827406289020e+01 4.748482856458272061e-02
1.744465929958910877e+01 4.747129238153801473e-02
1.745428032511533090e+01 4.745603776266249518e-02
1.746390135064154947e+01 4.743857596495799911e-02
1.747352237616777160e+01 4.741841656978491165e-02
1.748314340169399372e+01 4.739506782681359581e-02
1.749276442722021230e+01 4.736803697573253868e-02
1.750238545274643442e+01 4.733683054556583891e-02
1.751200647827265300e+01 4.730095463139099426e-02
1.752162750379887513e+01 4.725991514819911921e-02
1.753124852932509725e+01 4.721321806160489604e-02
1.754086955485131583e+01 4.716036959509110893e-02
1.755049058037753795e+01 4.710087641346434595e-02
1.756011160590375653e+01 4.703443382602561645e-02
1.756973263142997865e+01 4.696378560430861798e-02
1.757935365695620078e+01 4.689414764245622425e-02
1.758897468248241935e+01 4.683080676312139506e-02
1.759859570800864148e+01 4.677904927816344677e-02
1.760821673353486005e+01 4.674403150696512105e-02
1.761783775906108218e+01 4.672673869019426662e-02
1.762745878458730431e+01 4.672318951388433617e-02
1.763707981011352288e+01 4.672911293710931002e-02
1.764670083563974501e+01 4.674022648782356903e-02
1.765632186116596358e+01 4.675220159957851201e-02
1.766594288669218571e+01 4.676069819353374790e-02
1.767556391221840784e+01 4.676158787339345507e-02
1.768518493774462641e+01 4.675400444064290589e-02
1.769480596327084854e+01 4.673964028120006914e-02
1.770442698879707066e+01 4.672025646032347546e-02
1.771404801432328924e+01 4.669761401813529722e-02
1.772366903984951136e+01 4.667347389365596178e-02
1.773329006537572994e+01 4.664959688455181525e-02
1.774291109090195206e+01 4.662756772063784971e-02
1.775253211642817419e+01 4.660757543480953391e-02
1.776215314195439277e+01 4.658914419724099337e-02
1.777177416748061489e+01 4.657179418795798914e-02
1.778139519300683347e+01 4.655504567191323662e-02
1.779101621853305559e+01 4.653841899665751847e-02
1.780063724405927772e+01 4.652143459248149482e-02
1.781025826958549629e+01 4.650361297499892160e-02
1.781987929511171842e+01 4.648447475014022556e-02
1.782950032063793699e+01 4.646354062152168590e-02
1.783912134616415912e+01 4.644033140015416117e-02
1.784874237169038125e+01 4.641436801645483501e-02
1.785836339721659982e+01 4.638517153452376834e-02
1.786798442274282195e+01 4.635226534429964795e-02
1.787760544826904052e+01 4.631552123464915960e-02
1.788722647379526265e+01 4.627553873509883398e-02
1.789684749932148478e+01 4.623300855537543913e-02
1.790646852484770335e+01 4.618862130210109329e-02
1.791608955037392548e+01 4.614306745781496244e-02
1.792571057590014760e+01 4.609703736585542971e-02
1.793533160142636618e+01 4.605122122110984206e-02
1.794495262695258830e+01 4.600630906663473463e-02
1.795457365247880688e+01 4.596299079614765692e-02
1.796419467800502900e+01 4.592195616238943512e-02
1.797381570353125113e+01 4.588389479135289439e-02
1.798343672905746971e+01 4.584949620237283030e-02
1.799305775458369183e+01 4.581944983406974897e-02
1.800267878010991041e+01 4.579444507613820298e-02
1.801229980563613253e+01 4.577517130696955733e-02
1.802192083116235466e+01 4.576231793709715362e-02
1.803154185668857323e+01 4.575657445845066063e-02
1.804116288221479536e+01 4.575863049940528948e-02
1.805078390774101393e+01 4.576876752379215735e-02
1.806040493326723606e+01 4.578366319272406809e-02
1.807002595879345819e+01 4.579811785896108906e-02
1.807964698431967676e+01 4.580699973054058738e-02
1.808926800984589889e+01 4.580836865430864407e-02
1.809888903537211746e+01 4.580436935603381804e-02
1.810851006089833959e+01 4.579741438464918213e-02
1.811813108642456172e+01 4.578941471854377360e-02
1.812775211195078029e+01 4.578065752186645521e-02
1.813737313747700242e+01 4.577110255809203887e-02
1.814699416300322099e+01 4.576070947253767923e-02
1.815661518852944312e+01 4.574943780428090273e-02
1.816623621405566524e+01 4.573724699568523094e-02
1.817585723958188382e+01 4.572409639960270389e-02
1.818547826510810594e+01 4.570994528431124304e-02
1.819509929063432807e+01 4.569475283623802148e-02
1.820472031616054664e+01 4.567847818493202261e-02
1.821434134168676877e+01 4.566110905974190420e-02
1.822396236721298735e+01 4.564271723938086861e-02
1.823358339273920947e+01 4.562338984599487168e-02
1.824320441826543160e+01 4.560321401932311558e-02
1.825282544379165017e+01 4.558227691673745474e-02
1.826244646931787230e+01 4.556066571321142067e-02
1.827206749484409087e+01 4.553846760121987858e-02
1.828168852037031300e+01 4.551576979057161965e-02
1.829130954589653513e+01 4.549265950817654725e-02
1.830093057142275370e+01 4.546922399775017720e-02
1.831055159694897583e+01 4.544555051945776275e-02
1.832017262247519440e+01 4.542172634950095156e-02
1.832979364800141653e+01 4.539783877964948672e-02
1.833941467352763866e+01 4.537397511672103950e-02
1.834903569905385723e+01 4.535022268201206047e-02
1.835865672458007936e+01 4.532666881068200815e-02
1.836827775010629793e+01 4.530340085109466064e-02
1.837789877563252006e+01 4.528050616411814777e-02
1.838751980115874218e+01 4.525807212238713850e-02
1.839714082668496076e+01 4.523618610952894609e-02
1.840676185221118288e+01 4.521493551935612532e-02
1.841638287773740501e+01 4.519440775502726187e-02
1.842600390326362358e+01 4.517469022817777180e-02
1.843562492878984571e+01 4.515587035802186289e-02
1.844524595431606429e+01 4.513803557042699727e-02
1.845486697984228641e+01 4.512127329696116740e-02
1.846448800536850854e+01 4.510567097391354058e-02
1.847410903089472711e+01 4.509131629588190859e-02
1.848373005642094924e+01 4.507842038138820673e-02
1.849335108194716781e+01 4.506751559226941650e-02
1.850297210747338994e+01 4.505918529682687024e-02
1.851259313299961207e+01 4.505386323036129903e-02
1.852221415852583064e+01 4.505113465842108117e-02
1.853183518405205277e+01 4.505028512235127736e-02
1.854145620957827134e+01 4.505060046268952179e-02
1.855107723510449347e+01 4.505136733076167688e-02
1.856069826063071559e+01 4.505187327599696062e-02
1.857031928615693417e+01 4.505141352591657267e-02
1.857994031168315630e+01 4.504959233292682441e-02
1.858956133720937487e+01 4.504644279789902367e-02
1.859918236273559700e+01 4.504202953810743093e-02
1.860880338826181912e+01 4.503641701281491105e-02
1.861842441378803770e+01 4.502966953920245485e-02
1.862804543931425982e+01 4.502185130714891209e-02
1.863766646484047840e+01 4.501302639284258250e-02
1.864728749036670052e+01 4.500325877120841395e-02
1.865690851589292265e+01 4.499261232713627767e-02
1.866652954141914122e+01 4.498115086549818453e-02
1.867615056694536335e+01 4.496893811994320811e-02
1.868577159247158548e+01 4.495603776046113581e-02
1.869539261799780405e+01 4.494251339970683351e-02
1.870501364352402618e+01 4.492842859807859301e-02
1.871463466905024475e+01 4.491384686754531369e-02
1.872425569457646688e+01 4.489883167421736959e-02
1.873387672010268901e+01 4.488344643965793551e-02
1.874349774562890758e+01 4.486775454093116372e-02
1.875311877115512971e+01 4.485181930938480360e-02
1.876273979668134828e+01 4.483570402816484252e-02
1.877236082220757041e+01 4.481947192845980171e-02
1.878198184773379253e+01 4.480318618447293177e-02
1.879160287326001111e+01 4.478690990711929609e-02
1.880122389878623324e+01 4.477070613644582725e-02
1.881084492431245181e+01 4.475463783277063706e-02
1.882046594983867394e+01 4.473876786653804144e-02
1.883008697536489606e+01 4.472315900688485918e-02
1.883970800089111464e+01 4.470787390891219071e-02
1.884932902641733676e+01 4.469297509965615423e-02
1.885895005194355534e+01 4.467852496274983543e-02
1.886857107746977746e+01 4.466458572176658370e-02
1.887819210299599959e+01 4.465121942223439222e-02
1.888781312852221816e+01 4.463848791230763668e-02
1.889743415404844029e+01 4.462645282208238529e-02
1.890705517957466242e+01 4.461517554153772436e-02
1.891667620510088099e+01 4.460471719708418437e-02
1.892629723062710312e+01 4.459513588115721766e-02
1.893591825615332169e+01 4.458635901056953732e-02
1.894553928167954382e+01 4.457813013606849034e-02
1.895516030720576595e+01 4.457018071622866756e-02
1.896478133273198452e+01 4.456231657010553682e-02
1.897440235825820665e+01 4.455451483496371962e-02
1.898402338378442522e+01 4.454677703352080687e-02
1.899364440931064735e+01 4.453910459858644727e-02
1.900326543483686947e+01 4.453149887689457354e-02
1.901288646036308805e+01 4.452396113285506801e-02
1.902250748588931017e+01 4.451649255222363960e-02
1.903212851141552875e+01 4.450909424568883638e-02
1.904174953694175088e+01 4.450176725237479231e-02
1.905137056246797300e+01 4.449451254325911820e-02
1.906099158799419158e+01 4.448733102450442428e-02
1.907061261352041370e+01 4.448022354070289147e-02
1.908023363904663228e+01 4.447319087803275339e-02
1.908985466457285440e+01 4.446623376732592586e-02
1.909947569009907653e+01 4.445935288704586791e-02
1.910909671562529510e+01 4.445254886617500817e-02
1.911871774115151723e+01 4.444582228701077220e-02
1.912833876667773936e+01 4.443917368786987065e-02
1.913795979220395793e+01 4.443260356569982833e-02
1.914758081773018006e+01 4.442611237859733775e-02
1.915720184325639863e+01 4.441970054823277114e-02
1.916682286878262076e+01 4.441336846218046919e-02
1.917644389430884289e+01 4.440711647615388363e-02
1.918606491983506146e+01 4.440094491614584443e-02
1.919568594536128359e+01 4.439485408047256360e-02
1.920530697088750216e+01 4.438884424172194476e-02
1.921492799641372429e+01 4.438291564860485927e-02
1.922454902193994641e+01 4.437706852771014510e-02
1.923417004746616499e+01 4.437130308516176042e-02
1.924379107299238711e+01 4.436561950817904942e-02
1.925341209851860569e+01 4.436001796653881585e-02
1.926303312404482782e+01 4.435449861393977317e-02
1.927265414957104994e+01 4.434906158926869152e-02
1.928227517509726852e+01 4.434370701776806784e-02
1.929189620062349064e+01 4.433843501210556898e-02
1.930151722614970922e+01 4.433324567334457483e-02
1.931113825167593134e+01 4.432813909181611972e-02
1.932075927720215347e+01 4.432311534789180191e-02
1.933038030272837204e+01 4.431817451265782776e-02
1.934000132825459417e+01 4.431331664849007951e-02
1.934962235378081274e+01 4.430854180952993604e-02
1.935924337930703487e+01 4.430385004206099930e-02
1.936886440483325700e+01 4.429924138478686518e-02
1.937848543035947557e+01 4.429471586900928654e-02
1.938810645588569770e+01 4.429027351870760965e-02
1.939772748141191983e+01 4.428591435051858205e-02
1.940734850693813840e+01 4.428163837361717009e-02
1.941696953246436053e+01 4.427744558949817111e-02
1.942659055799057910e+01 4.427333599165851619e-02
1.943621158351680123e+01 4.426930956518048549e-02
1.944583260904302335e+01 4.426536628621562802e-02
1.945545363456924193e+01 4.426150612136967727e-02
1.946507466009546405e+01 4.425772902698816430e-02
1.947469568562168263e+01 4.425403494834287410e-02
1.948431671114790475e+01 4.425042381871934632e-02
1.949393773667412688e+01 4.424689555840491395e-02
1.950355876220034546e+01 4.424345007357786269e-02
1.951317978772656758e+01 4.424008725509720463e-02
1.952280081325278616e+01 4.423680697719335059e-02
1.953242183877900828e+01 4.423360909605951463e-02
1.954204286430523041e+01 4.423049344834374674e-02
1.955166388983144898e+01 4.422745984954162823e-02
1.956128491535767111e+01 4.422450809228964386e-02
1.957090594088388968e+01 4.422163794455878649e-02
1.958052696641011181e+01 4.421884914774862341e-02
1.959014799193633394e+01 4.421614141468165754e-02
1.959976901746255251e+01 4.421351442749754668e-02
1.960939004298877464e+01 4.421096783544738867e-02
1.961901106851499677e+01 4.420850125258759394e-02
1.962863209404121534e+01 4.420611425537328970e-02
1.963825311956743747e+01 4.420380638015090208e-02
1.964787414509365604e+01 4.420157712054973570e-02
1.965749517061987817e+01 4.419942592477216214e-02
1.966711619614610029e+01 4.419735219278223687e-02
1.967673722167231887e+01 4.419535527339214787e-02
1.968635824719854099e+01 4.419343446124632951e-02
1.969597927272475957e+01 4.419158899370281834e-02
1.970560029825098169e+01 4.418981804761110826e-02
1.971522132377720382e+01 4.418812073598635953e-02
1.972484234930342240e+01 4.418649610457923982e-02
1.973446337482964452e+01 4.418494312834095328e-02
1.974408440035586310e+01 4.418346070778264578e-02
1.975370542588208522e+01 4.418204766522867977e-02
1.976332645140830735e+01 4.418070274096318195e-02
1.977294747693452592e+01 4.417942458926884391e-02
1.978256850246074805e+01 4.417821177435752450e-02
1.979218952798696662e+01 4.417706276619152300e-02
