7.618010371223582489e-01 1.932289160634543146e+00
7.714220626485789323e-01 1.924078311613267367e+00
7.810430881747997267e-01 1.915811246461783135e+00
7.906641137010204101e-01 1.907489153113920421e+00
8.002851392272412046e-01 1.899113219503507866e+00
8.099061647534618880e-01 1.890684633564375439e+00
8.195271902796826824e-01 1.882204583230352002e+00
8.291482158059033658e-01 1.873674256435267749e+00
8.387692413321241602e-01 1.865094841112950652e+00
8.483902668583448436e-01 1.856467525197231572e+00
8.580112923845655271e-01 1.847793496621938925e+00
8.676323179107863215e-01 1.839073943320902904e+00
8.772533434370071159e-01 1.830310053227951039e+00
8.868743689632277993e-01 1.821503014276915300e+00
8.964953944894484827e-01 1.812654014401623881e+00
9.061164200156692772e-01 1.803764241535905422e+00
9.157374455418899606e-01 1.794834883613590115e+00
9.253584710681107550e-01 1.785867128568507267e+00
9.349794965943314384e-01 1.776862164334486183e+00
9.446005221205522329e-01 1.767821178845355945e+00
9.542215476467729163e-01 1.758745360034946748e+00
9.638425731729935997e-01 1.749635895837086341e+00
9.734635986992143941e-01 1.740493974185605808e+00
9.830846242254351885e-01 1.731320783014334008e+00
9.927056497516558720e-01 1.722117510257100248e+00
1.002326675277876555e+00 1.712885343847733388e+00
1.011947700804097350e+00 1.703625471720063400e+00
1.021568726330317922e+00 1.694339081807920033e+00
1.031189751856538717e+00 1.685027362045131927e+00
1.040810777382759511e+00 1.675691500365528386e+00
1.050431802908980305e+00 1.666332684702939160e+00
1.060052828435201100e+00 1.656952102991193332e+00
1.069673853961421672e+00 1.647550943164120874e+00
1.079294879487642467e+00 1.638130393155550424e+00
1.088915905013863261e+00 1.628691640899312176e+00
1.098536930540083834e+00 1.619235874329234770e+00
1.108157956066304628e+00 1.609764281379147288e+00
1.117778981592525422e+00 1.600278049982880146e+00
1.127400007118746217e+00 1.590778368074262206e+00
1.137021032644966789e+00 1.581266423587122771e+00
1.146642058171187584e+00 1.571743404455291593e+00
1.156263083697408378e+00 1.562210498612597531e+00
1.165884109223628951e+00 1.552668893992870114e+00
1.175505134749849745e+00 1.543119778529939090e+00
1.185126160276070539e+00 1.533564340157633321e+00
1.194747185802291334e+00 1.524003766809782112e+00
1.204368211328512128e+00 1.514439246420215435e+00
1.213989236854732701e+00 1.504871966922762372e+00
1.223610262380953495e+00 1.495303116251251563e+00
1.233231287907174067e+00 1.485733882339513867e+00
1.242852313433394862e+00 1.476165453121377702e+00
1.252473338959615656e+00 1.466599016530672595e+00
1.262094364485836451e+00 1.457035760501227850e+00
1.271715390012057245e+00 1.447476872966872774e+00
1.281336415538277818e+00 1.437923541861437560e+00
1.290957441064498612e+00 1.428376955118750402e+00
1.300578466590719184e+00 1.418838300672641051e+00
1.310199492116939979e+00 1.409308766456939477e+00
1.319820517643160773e+00 1.399789540404145605e+00
1.329441543169381568e+00 1.390281777393675089e+00
1.339062568695602362e+00 1.380786513419373085e+00
1.348683594221823157e+00 1.371304757755613002e+00
1.358304619748043729e+00 1.361837519676768249e+00
1.367925645274264523e+00 1.352385808457211347e+00
1.377546670800485096e+00 1.342950633371317704e+00
1.387167696326705890e+00 1.333533003693458507e+00
1.396788721852926685e+00 1.324133928698008944e+00
1.406409747379147479e+00 1.314754417659341090e+00
1.416030772905368273e+00 1.305395479851829021e+00
1.425651798431588846e+00 1.296058124549846147e+00
1.435272823957809640e+00 1.286743361027765653e+00
1.444893849484030213e+00 1.277452198559960950e+00
1.454514875010251007e+00 1.268185646420805446e+00
1.464135900536471802e+00 1.258944713884672773e+00
1.473756926062692596e+00 1.249730410225935895e+00
1.483377951588913390e+00 1.240543744718968666e+00
1.492998977115133963e+00 1.231385726638144273e+00
1.502620002641354757e+00 1.222257365257836126e+00
1.512241028167575330e+00 1.213159669852417633e+00
1.521862053693796124e+00 1.204093649696261759e+00
1.531483079220016918e+00 1.195060263025379932e+00
1.541104104746237713e+00 1.186060113060070975e+00
1.550725130272458507e+00 1.177093652187794603e+00
1.560346155798679302e+00 1.168161332245097439e+00
1.569967181324899874e+00 1.159263605068528102e+00
1.579588206851120669e+00 1.150400922494632994e+00
1.589209232377341241e+00 1.141573736359961400e+00
1.598830257903562035e+00 1.132782498501059720e+00
1.608451283429782830e+00 1.124027660754475688e+00
1.618072308956003624e+00 1.115309674956757480e+00
1.627693334482224419e+00 1.106628992944452161e+00
1.637314360008444991e+00 1.097986066554107465e+00
1.646935385534665786e+00 1.089381347622271790e+00
1.656556411060886358e+00 1.080815287985491757e+00
1.666177436587107152e+00 1.072288339480315544e+00
1.675798462113327947e+00 1.063800953943290439e+00
1.685419487639548741e+00 1.055353583210964175e+00
1.695040513165769536e+00 1.046946679119884704e+00
1.704661538691990108e+00 1.038580693506038655e+00
1.714282564218210902e+00 1.030256077815069116e+00
1.723903589744431475e+00 1.021973282420165718e+00
1.733524615270652269e+00 1.013732757511951910e+00
1.743145640796873064e+00 1.005534953281050470e+00
1.752766666323093858e+00 9.973803199180844015e-01
1.762387691849314653e+00 9.892693076136761521e-01
1.772008717375535225e+00 9.812023665584488352e-01
1.781629742901756019e+00 9.731799469430254534e-01
1.791250768427976814e+00 9.652024989580283432e-01
1.800871793954197386e+00 9.572704727940812841e-01
1.810492819480418181e+00 9.493843186418061686e-01
1.820113845006638975e+00 9.415444866918263322e-01
1.829734870532859770e+00 9.337514271347643335e-01
1.839355896059080342e+00 9.260055901612435081e-01
1.848976921585301136e+00 9.183074259618861923e-01
1.858597947111521931e+00 9.106573847273152778e-01
1.868218972637742725e+00 9.030559157594894026e-01
1.877839998163963298e+00 8.955033330481294573e-01
1.887461023690184092e+00 8.879996713331778091e-01
1.897082049216404886e+00 8.805449308483894733e-01
1.906703074742625459e+00 8.731391118275187990e-01
1.916324100268846253e+00 8.657822145043193585e-01
1.925945125795067048e+00 8.584742391125455008e-01
1.935566151321287842e+00 8.512151858859519082e-01
1.945187176847508415e+00 8.440050550582921529e-01
1.954808202373729209e+00 8.368438468633208061e-01
1.964429227899950003e+00 8.297315615347919948e-01
1.974050253426170798e+00 8.226681993064599574e-01
1.983671278952391370e+00 8.156537604120789320e-01
1.993292304478612165e+00 8.086882450854030457e-01
2.002913330004832737e+00 8.017716535601866479e-01
2.012534355531053532e+00 7.949039860701834215e-01
2.022155381057274326e+00 7.880852428491480488e-01
2.031776406583495120e+00 7.813154241308348791e-01
2.041397432109715915e+00 7.745945301489973733e-01
2.051018457635936265e+00 7.679225611373906579e-01
2.060639483162157504e+00 7.612995173297681939e-01
2.070260508688377854e+00 7.547253989598849966e-01
2.079881534214599093e+00 7.482002062614938609e-01
2.089502559740819443e+00 7.417239394683508014e-01
2.099123585267040237e+00 7.352965988142086129e-01
2.108744610793261032e+00 7.289181845328219778e-01
2.118365636319481382e+00 7.225886968579455782e-01
2.127986661845702621e+00 7.163081360233325423e-01
2.137607687371922971e+00 7.100765022627381073e-01
2.147228712898144209e+00 7.038937958099156234e-01
2.156849738424364560e+00 6.977600164019577278e-01
2.166470763950585354e+00 6.916750841694363494e-01
2.176091789476806149e+00 6.856387528399923159e-01
2.185712815003026943e+00 6.796507552666188889e-01
2.195333840529247738e+00 6.737108243023087750e-01
2.204954866055468088e+00 6.678186928000554579e-01
2.214575891581689326e+00 6.619740936128507558e-01
2.224196917107909677e+00 6.561767595936890407e-01
2.233817942634130471e+00 6.504264235955623530e-01
2.243438968160351266e+00 6.447228184714639543e-01
2.253059993686572060e+00 6.390656770743866621e-01
2.262681019212792854e+00 6.334547322573237382e-01
2.272302044739013205e+00 6.278897168732683332e-01
2.281923070265234443e+00 6.223703637752125983e-01
2.291544095791454794e+00 6.168964286656185569e-01
2.301165121317675588e+00 6.114679624529439916e-01
2.310786146843896383e+00 6.060852215585008640e-01
2.320407172370117177e+00 6.007484665735863816e-01
2.330028197896337971e+00 5.954579580894970858e-01
2.339649223422558322e+00 5.902139566975298512e-01
2.349270248948779560e+00 5.850167229889811082e-01
2.358891274474999911e+00 5.798665175551486195e-01
2.368512300001220705e+00 5.747636009873283713e-01
2.378133325527441500e+00 5.697082338768176824e-01
2.387754351053662294e+00 5.647006768149130940e-01
2.397375376579883088e+00 5.597411903929115917e-01
2.406996402106103439e+00 5.548300352021102722e-01
2.416617427632324677e+00 5.499674034812693790e-01
2.426238453158545028e+00 5.451529636901936149e-01
2.435859478684765822e+00 5.403861420438141883e-01
2.445480504210986616e+00 5.356663634444930322e-01
2.455101529737207411e+00 5.309930527945918577e-01
2.464722555263428205e+00 5.263656349964724868e-01
2.474343580789648556e+00 5.217835349524966304e-01
2.483964606315869794e+00 5.172461775650254445e-01
2.493585631842090145e+00 5.127529877364218613e-01
2.503206657368311383e+00 5.083033903690462596e-01
2.512827682894531733e+00 5.038968103652613495e-01
2.522448708420752528e+00 4.995326726274285645e-01
2.532069733946973322e+00 4.952104058757615390e-01
2.541690759473193673e+00 4.909295040322083081e-01
2.551311784999414911e+00 4.866895156910864273e-01
2.560932810525635261e+00 4.824899911381949069e-01
2.570553836051856500e+00 4.783304806593307035e-01
2.580174861578076850e+00 4.742105345402932715e-01
2.589795887104297645e+00 4.701297030668799559e-01
2.599416912630518439e+00 4.660875365248888236e-01
2.609037938156739234e+00 4.620835852001182742e-01
2.618658963682960028e+00 4.581173993783665410e-01
2.628279989209180378e+00 4.541885293454314687e-01
2.637901014735401617e+00 4.502965253871112350e-01
2.647522040261621967e+00 4.464409527565448843e-01
2.657143065787842762e+00 4.426214601558471351e-01
2.666764091314063556e+00 4.388377251975469351e-01
2.676385116840284351e+00 4.350894255223666240e-01
2.686006142366505145e+00 4.313762387710285418e-01
2.695627167892725495e+00 4.276978425842554721e-01
2.705248193418946734e+00 4.240539146027695327e-01
2.714869218945167084e+00 4.204441324672933411e-01
2.724490244471387879e+00 4.168681738185492369e-01
2.734111269997608673e+00 4.133257162972596710e-01
2.743732295523829467e+00 4.098164375441471496e-01
2.753353321050050262e+00 4.063400022331650763e-01
2.762974346576271056e+00 4.028959363638889846e-01
2.772595372102491407e+00 3.994836818827823266e-01
2.782216397628712201e+00 3.961026795597475947e-01
2.791837423154932996e+00 3.927523701646881138e-01
2.801458448681153790e+00 3.894321944675068203e-01
2.811079474207374584e+00 3.861415932381068727e-01
2.820700499733595379e+00 3.828800072463910409e-01
2.830321525259816173e+00 3.796468772622625387e-01
2.839942550786036524e+00 3.764416440556244137e-01
2.849563576312257318e+00 3.732637483963795466e-01
2.859184601838478113e+00 3.701127333718490231e-01
2.868805627364698907e+00 3.669886740783658841e-01
2.878426652890919701e+00 3.638918179815525122e-01
2.888047678417140496e+00 3.608224126357240102e-01
2.897668703943361290e+00 3.577807055951954252e-01
2.907289729469582085e+00 3.547669444142821926e-01
2.916910754995802435e+00 3.517813766472995818e-01
2.926531780522023229e+00 3.488242498485623622e-01
2.936152806048244024e+00 3.458958115723858029e-01
2.945773831574464818e+00 3.429963093730852286e-01
2.955394857100685613e+00 3.401259908049757974e-01
2.965015882626906407e+00 3.372851034223723898e-01
2.974636908153127202e+00 3.344738947795905526e-01
2.984257933679347552e+00 3.316926124309453328e-01
2.993878959205568346e+00 3.289415039307517219e-01
3.003499984731789141e+00 3.262208168333250446e-01
3.013121010258009935e+00 3.235307986929804591e-01
3.022742035784230730e+00 3.208716970640330124e-01
3.032363061310451524e+00 3.182437595007981401e-01
3.041984086836672319e+00 3.156472335575907229e-01
3.051605112362892669e+00 3.130823395757326710e-01
3.061226137889113463e+00 3.105485254457923117e-01
3.070847163415334258e+00 3.080443751847783407e-01
3.080468188941555052e+00 3.055684272403969559e-01
3.090089214467775847e+00 3.031192200603537446e-01
3.099710239993996641e+00 3.006952920923550709e-01
3.109331265520217435e+00 2.982951817841069109e-01
3.118952291046438230e+00 2.959174275833151291e-01
3.128573316572658580e+00 2.935605679376857569e-01
3.138194342098879375e+00 2.912231412949247700e-01
3.147815367625100169e+00 2.889038234522302573e-01
3.157436393151320964e+00 2.866026619052264857e-01
3.167057418677541758e+00 2.843204928135367737e-01
3.176678444203762552e+00 2.820581617609603797e-01
3.186299469729983347e+00 2.798165143312967285e-01
3.195920495256203697e+00 2.775963961083451892e-01
3.205541520782424492e+00 2.753986526759047981e-01
3.215162546308645286e+00 2.732241296177750911e-01
3.224783571834866081e+00 2.710736725177553263e-01
3.234404597361086875e+00 2.689481199966263225e-01
3.244025622887307669e+00 2.668474214760314656e-01
3.253646648413528464e+00 2.647697737298257969e-01
3.263267673939748814e+00 2.627131685314070264e-01
3.272888699465969609e+00 2.606755976541728081e-01
3.282509724992190403e+00 2.586550528715210184e-01
3.292130750518411197e+00 2.566495259568493670e-01
3.301751776044631992e+00 2.546570086835556745e-01
3.311372801570852786e+00 2.526754928250376508e-01
3.320993827097073581e+00 2.507029701918278564e-01
3.330614852623293931e+00 2.487381246980598093e-01
3.340235878149514726e+00 2.467821020668364285e-01
3.349856903675735520e+00 2.448365951453964906e-01
3.359477929201956314e+00 2.429032967809785226e-01
3.369098954728177109e+00 2.409838998208212180e-01
3.378719980254397903e+00 2.390800971121631036e-01
3.388341005780618698e+00 2.371935815022427896e-01
3.397962031306839492e+00 2.353260458382988862e-01
3.407583056833059842e+00 2.334791827911273931e-01
3.417204082359280637e+00 2.316541250048951006e-01
3.426825107885501431e+00 2.298502034177951070e-01
3.436446133411722226e+00 2.280663873531310060e-01
3.446067158937943020e+00 2.263016461342064189e-01
3.455688184464163815e+00 2.245549490843251061e-01
3.465309209990384609e+00 2.228252655267906335e-01
3.474930235516604959e+00 2.211115647849068999e-01
3.484551261042825754e+00 2.194128161819772771e-01
3.494172286569046548e+00 2.177279946756997264e-01
3.503793312095267343e+00 2.160564259740798687e-01
3.513414337621488137e+00 2.143979868711827219e-01
3.523035363147708932e+00 2.127526024446562136e-01
3.532656388673929726e+00 2.111201977721483269e-01
3.542277414200150076e+00 2.095006979313068785e-01
3.551898439726370871e+00 2.078940279997797125e-01
3.561519465252591665e+00 2.063001130552147011e-01
3.571140490778812460e+00 2.047188781752597997e-01
3.580761516305033254e+00 2.031502838665999733e-01
3.590382541831254049e+00 2.015945615925482659e-01
3.600003567357474843e+00 2.000520679202722751e-01
3.609624592883695637e+00 1.985231600898778870e-01
3.619245618409915988e+00 1.970081953414708209e-01
3.628866643936136782e+00 1.955075309151565743e-01
3.638487669462357577e+00 1.940215240510410888e-01
3.648108694988578371e+00 1.925505319892300560e-01
3.657729720514799165e+00 1.910949119698292509e-01
3.667350746041019960e+00 1.896550212329443097e-01
3.676971771567240754e+00 1.882312170186810907e-01
3.686592797093461105e+00 1.868238565671452300e-01
3.696213822619681899e+00 1.854332971184425027e-01
3.705834848145902694e+00 1.840598959126786283e-01
3.715455873672123488e+00 1.827040101899593261e-01
3.725076899198344282e+00 1.813659971903903156e-01
3.734697924724565077e+00 1.800462039837527617e-01
3.744318950250785871e+00 1.787440057056268183e-01
3.753939975777006222e+00 1.774570150874686669e-01
3.763561001303227016e+00 1.761826588203363186e-01
3.773182026829447810e+00 1.749183635952880345e-01
3.782803052355668605e+00 1.736615561033818256e-01
3.792424077881889399e+00 1.724096630356760362e-01
3.802045103408110194e+00 1.711601110832286221e-01
3.811666128934330988e+00 1.699103421135041425e-01
3.821287154460551783e+00 1.686592341997703581e-01
3.830908179986772133e+00 1.674082618861697513e-01
3.840529205512992927e+00 1.661591727725926781e-01
3.850150231039213722e+00 1.649137144589296611e-01
3.859771256565434516e+00 1.636736345450715280e-01
3.869392282091655311e+00 1.624406806309086071e-01
3.879013307617876105e+00 1.612166003163316430e-01
3.888634333144096900e+00 1.600031190947875104e-01
3.898255358670317250e+00 1.588012601613361940e-01
3.907876384196538044e+00 1.576112161146586976e-01
3.917497409722758839e+00 1.564331315607353501e-01
3.927118435248979633e+00 1.552671511055463693e-01
3.936739460775200428e+00 1.541134193550720011e-01
3.946360486301421222e+00 1.529720809152925187e-01
3.955981511827642016e+00 1.518432803921880569e-01
3.965602537353862367e+00 1.507271243336016364e-01
3.975223562880083161e+00 1.496233821007693920e-01
3.984844588406303956e+00 1.485316468893003727e-01
3.994465613932524750e+00 1.474515103610350153e-01
4.004086639458745545e+00 1.463825641778137565e-01
4.013707664984966783e+00 1.453244000014768944e-01
4.023328690511187133e+00 1.442766094938648935e-01
4.032949716037407484e+00 1.432387843168181907e-01
4.042570741563627834e+00 1.422105161321770839e-01
4.052191767089849073e+00 1.411913966017817879e-01
4.061812792616070311e+00 1.401810173874729615e-01
4.071433818142290662e+00 1.391789701510909583e-01
4.081054843668511012e+00 1.381848465544760485e-01
4.090675869194732250e+00 1.371982382594686412e-01
4.100296894720953489e+00 1.362187369279091731e-01
4.109917920247173839e+00 1.352460273728502416e-01
4.119538945773394190e+00 1.342805324237336395e-01
4.129159971299614540e+00 1.333230261356416757e-01
4.138780996825835778e+00 1.323742847088539565e-01
4.148402022352057017e+00 1.314350843436501715e-01
4.158023047878277367e+00 1.305062012403102045e-01
4.167644073404497718e+00 1.295884115991135510e-01
4.177265098930718068e+00 1.286824570120642386e-01
4.186886124456939307e+00 1.277882406161157114e-01
4.196507149983160545e+00 1.269048028002977835e-01
4.206128175509380895e+00 1.260311444855473084e-01
4.215749201035601246e+00 1.251662665928011953e-01
4.225370226561822484e+00 1.243091700429962976e-01
4.234991252088043723e+00 1.234588557570695522e-01
4.244612277614264073e+00 1.226143246559580069e-01
4.254233303140484423e+00 1.217745776605984875e-01
4.263854328666704774e+00 1.209386156919279032e-01
4.273475354192926012e+00 1.201054396708831212e-01
4.283096379719147251e+00 1.192740505184011340e-01
4.292717405245367601e+00 1.184434491554188784e-01
4.302338430771587952e+00 1.176126365028732218e-01
4.311959456297809190e+00 1.167806237126764318e-01
4.321580481824029540e+00 1.159474851219892272e-01
4.331201507350250779e+00 1.151152720346869107e-01
4.340822532876471129e+00 1.142862510908186219e-01
4.350443558402691480e+00 1.134626889304332087e-01
4.360064583928912718e+00 1.126468521935795747e-01
4.369685609455133957e+00 1.118410075203068454e-01
4.379306634981354307e+00 1.110474047325098607e-01
4.388927660507574657e+00 1.102671892562881173e-01
4.398548686033795008e+00 1.094997375305991894e-01
4.408169711560016246e+00 1.087442669392604949e-01
4.417790737086237485e+00 1.079999948660894660e-01
4.427411762612457835e+00 1.072661386949036733e-01
4.437032788138678185e+00 1.065419158095204377e-01
4.446653813664899424e+00 1.058265296703780750e-01
4.456274839191120662e+00 1.051188324523959217e-01
4.465895864717341013e+00 1.044173068781483193e-01
4.475516890243561363e+00 1.037204181105690903e-01
4.485137915769781713e+00 1.030266313125921263e-01
4.494758941296002952e+00 1.023344116471513188e-01
4.504379966822224191e+00 1.016422242771806428e-01
4.514000992348444541e+00 1.009488217258258241e-01
4.523622017874664891e+00 1.002555413732614115e-01
4.533243043400885242e+00 9.956508788466962578e-02
4.542864068927106480e+00 9.888017835639230368e-02
4.552485094453327719e+00 9.820352988477140666e-02
4.562106119979548069e+00 9.753785956614879904e-02
4.571727145505768419e+00 9.688588367663446277e-02
4.581348171031989658e+00 9.624907607862644154e-02
4.590969196558210896e+00 9.562516765826452325e-02
4.600590222084431247e+00 9.501118726692459049e-02
4.610211247610651597e+00 9.440416375598249810e-02
4.619832273136871947e+00 9.380112597681411479e-02
4.629453298663093186e+00 9.319910278079519828e-02
4.639074324189314424e+00 9.259525462785586636e-02
4.648695349715534775e+00 9.198924541746880679e-02
4.658316375241755125e+00 9.138298213394396852e-02
4.667937400767975475e+00 9.077845110228406622e-02
4.677558426294196714e+00 9.017763864749173131e-02
4.687179451820417952e+00 8.958253109456981722e-02
4.696800477346638303e+00 8.899511457467289277e-02
4.706421502872858653e+00 8.841684236077827774e-02
4.716042528399079892e+00 8.784747283156485453e-02
4.725663553925301130e+00 8.728642813645597076e-02
4.735284579451521481e+00 8.673313042487483526e-02
4.744905604977741831e+00 8.618700184624461524e-02
4.754526630503962181e+00 8.564746454998860281e-02
4.764147656030184308e+00 8.511394068552982639e-02
4.773768681556404658e+00 8.458585240229175850e-02
4.783389707082625009e+00 8.406262184969749696e-02
4.793010732608845359e+00 8.354367117717029223e-02
4.802631758135065709e+00 8.302842253413335316e-02
4.812252783661287836e+00 8.251629807000981920e-02
4.821873809187508186e+00 8.200673163067552507e-02
4.831494834713728537e+00 8.149962076472122563e-02
4.841115860239948887e+00 8.099547064779220873e-02
4.850736885766169237e+00 8.049482759782100594e-02
4.860357911292391364e+00 7.999823793273989903e-02
4.869978936818611714e+00 7.950624797048148895e-02
4.879599962344832065e+00 7.901940305099787454e-02
4.889220987871052415e+00 7.853795870391160061e-02
4.898842013397274542e+00 7.806147770292284904e-02
4.908463038923494892e+00 7.758942149055400583e-02
4.918084064449715243e+00 7.712125150932724882e-02
4.927705089975935593e+00 7.665642920176483910e-02
4.937326115502155943e+00 7.619441601807624975e-02
4.946947141028378070e+00 7.573499083116544406e-02
4.956568166554598420e+00 7.527909374933024200e-02
4.966189192080818771e+00 7.482793035579557439e-02
4.975810217607039121e+00 7.438270623378641366e-02
4.985431243133259471e+00 7.394462696652777389e-02
4.995052268659481598e+00 7.351489813724451650e-02
5.004673294185701948e+00 7.309425612111312975e-02
5.014294319711922299e+00 7.268130038155072581e-02
5.023915345238142649e+00 7.227402236922096657e-02
5.033536370764364776e+00 7.187041349156267356e-02
5.043157396290585126e+00 7.146846515601489036e-02
5.052778421816805476e+00 7.106616877001649402e-02
5.062399447343025827e+00 7.066211195392166355e-02
5.072020472869246177e+00 7.025762055758345836e-02
5.081641498395468304e+00 6.985480604335371491e-02
5.091262523921688654e+00 6.945577994043192205e-02
5.100883549447909004e+00 6.906265377801738825e-02
5.110504574974129355e+00 6.867753908119070272e-02
5.120125600500351482e+00 6.830191623362749653e-02
5.129746626026571832e+00 6.793488117888207833e-02
5.139367651552792182e+00 6.757496685791937463e-02
5.148988677079012533e+00 6.722070621170440907e-02
5.158609702605232883e+00 6.687063218120217756e-02
5.168230728131455010e+00 6.652327863263418628e-02
5.177851753657675360e+00 6.617759505629959571e-02
5.187472779183895710e+00 6.583360041935105988e-02
5.197093804710116061e+00 6.549148335086894812e-02
5.206714830236336411e+00 6.515143247993361586e-02
5.216335855762558538e+00 6.481363643562527976e-02
5.225956881288778888e+00 6.447828384702446181e-02
5.235577906814999238e+00 6.414556334321142028e-02
5.245198932341219589e+00 6.381566355326645512e-02
5.254819957867441715e+00 6.348877310626992176e-02
5.264440983393662066e+00 6.316508063130220341e-02
5.274062008919882416e+00 6.284477475744362773e-02
5.283683034446102766e+00 6.252803401810813622e-02
5.293304059972323117e+00 6.221488546270254744e-02
5.302925085498545243e+00 6.190523931126147572e-02
5.312546111024765594e+00 6.159900276601997654e-02
5.322167136550985944e+00 6.129608302921290414e-02
5.331788162077206294e+00 6.099638730307518214e-02
5.341409187603426645e+00 6.069985989990323710e-02
5.351030213129648772e+00 6.040663726549798385e-02
5.360651238655869122e+00 6.011691783900528080e-02
5.370272264182089472e+00 5.983090009006226256e-02
5.379893289708309823e+00 5.954878248830598048e-02
5.389514315234531949e+00 5.927076231007876589e-02
5.399135340760752300e+00 5.899693412457569092e-02
5.408756366286972650e+00 5.872721224772348841e-02
5.418377391813193000e+00 5.846149273748978831e-02
5.427998417339413351e+00 5.819967165184226215e-02
5.437619442865635477e+00 5.794164504874843580e-02
5.447240468391855828e+00 5.768730170330916424e-02
5.456861493918076178e+00 5.743645924670901654e-02
5.466482519444296528e+00 5.718889510872147974e-02
5.476103544970518655e+00 5.694438626413546312e-02
5.485724570496739005e+00 5.670270968773994530e-02
5.495345596022959356e+00 5.646364310169312700e-02
5.504966621549179706e+00 5.622712457620258897e-02
5.514587647075400056e+00 5.599345087961082879e-02
5.524208672601622183e+00 5.576296746055796338e-02
5.533829698127842533e+00 5.553601976768422765e-02
5.543450723654062884e+00 5.531295324962971077e-02
5.553071749180283234e+00 5.509404013542316958e-02
5.562692774706503585e+00 5.487888244603627425e-02
5.572313800232725711e+00 5.466672264396865016e-02
5.581934825758946062e+00 5.445679975999438011e-02
5.591555851285166412e+00 5.424835282488743582e-02
5.601176876811386762e+00 5.404062905238169595e-02
5.610797902337608889e+00 5.383340824495730370e-02
5.620418927863829239e+00 5.362732057694506727e-02
5.630039953390049590e+00 5.342307235761057510e-02
5.639660978916269940e+00 5.322136989621941566e-02
5.649282004442490290e+00 5.302291950203723292e-02
5.658903029968712417e+00 5.282842748432960145e-02
5.668524055494932767e+00 5.263860015236219991e-02
5.678145081021153118e+00 5.245414381540063758e-02
5.687766106547373468e+00 5.227576478271050986e-02
5.697387132073593818e+00 5.210416936355743989e-02
5.707008157599815945e+00 5.193991474771250672e-02
5.716629183126036295e+00 5.178168119944314557e-02
5.726250208652256646e+00 5.162686629328765153e-02
5.735871234178476996e+00 5.147284275692665806e-02
5.745492259704699123e+00 5.131698331804079166e-02
5.755113285230919473e+00 5.115670928757822672e-02
5.764734310757139824e+00 5.099160194602004453e-02
5.774355336283360174e+00 5.082421634014117062e-02
5.783976361809580524e+00 5.065732409322058760e-02
5.793597387335802651e+00 5.049369682853726421e-02
5.803218412862023001e+00 5.033610332835690426e-02
5.812839438388243352e+00 5.018618432474035440e-02
5.822460463914463702e+00 5.004273705305179593e-02
5.832081489440684052e+00 4.990411768419018845e-02
5.841702514966906179e+00 4.976868238905447772e-02
5.851323540493126529e+00 4.963478733854358865e-02
5.860944566019346880e+00 4.950112895968456633e-02
5.870565591545567230e+00 4.936784625367999363e-02
5.880186617071789357e+00 4.923546045959142220e-02
5.889807642598009707e+00 4.910449281911231229e-02
5.899428668124230057e+00 4.897546457393598535e-02
5.909049693650450408e+00 4.884889696575585999e-02
5.918670719176670758e+00 4.872531123626531319e-02
5.928291744702892885e+00 4.860522862715769415e-02
5.937912770229113235e+00 4.848917038012644926e-02
5.947533795755333585e+00 4.837765773686492771e-02
5.957154821281553936e+00 4.827113269401804574e-02
5.966775846807776063e+00 4.816936571238548265e-02
5.976396872333996413e+00 4.807178904480341464e-02
5.986017897860216763e+00 4.797783236696313153e-02
5.995638923386437114e+00 4.788692535455592314e-02
6.005259948912657464e+00 4.779850805702705319e-02
6.014880974438879591e+00 4.771212409737145971e-02
6.024501999965099941e+00 4.762737663593641368e-02
6.034123025491320291e+00 4.754386954404277860e-02
6.043744051017540642e+00 4.746120669301152895e-02
6.053365076543760992e+00 4.737899195416362536e-02
6.062986102069983119e+00 4.729682919881994518e-02
6.072607127596203469e+00 4.721432229830148375e-02
6.082228153122423819e+00 4.713107512392918086e-02
6.091849178648644170e+00 4.704669154702394857e-02
6.101470204174866296e+00 4.696092687907973962e-02
6.111091229701086647e+00 4.687492999164882129e-02
6.120712255227306997e+00 4.679060058977763115e-02
6.130333280753527347e+00 4.670984564942483319e-02
6.139954306279747698e+00 4.663457214654904981e-02
6.149575331805969824e+00 4.656651809232679323e-02
6.159196357332190175e+00 4.650618788788912078e-02
6.168817382858410525e+00 4.645353889798609082e-02
6.178438408384630876e+00 4.640852603036211416e-02
6.188059433910851226e+00 4.637110419276165713e-02
6.197680459437073353e+00 4.634068040460177090e-02
6.207301484963293703e+00 4.631380424939796070e-02
6.216922510489514053e+00 4.628609679418854705e-02
6.226543536015734404e+00 4.625317861297678634e-02
6.236164561541956530e+00 4.621067062049217383e-02
6.245785587068176881e+00 4.615636217997409751e-02
6.255406612594397231e+00 4.609535675152186956e-02
6.265027638120617581e+00 4.603429829454593752e-02
6.274648663646837932e+00 4.597983076845667261e-02
6.284269689173060058e+00 4.593856643503313464e-02
6.293890714699280409e+00 4.591279197869135159e-02
6.303511740225500759e+00 4.589611570772050841e-02
6.313132765751721109e+00 4.588110899371297680e-02
6.322753791277941460e+00 4.586034320826117699e-02
6.332374816804163586e+00 4.582662023852385885e-02
6.341995842330383937e+00 4.577936919497250373e-02
6.351616867856604287e+00 4.572547884660863732e-02
6.361237893382824637e+00 4.567223569607375272e-02
6.370858918909046764e+00 4.562692624600934305e-02
6.380479944435267114e+00 4.559622298769512583e-02
6.390100969961487465e+00 4.558058397661098049e-02
6.399721995487707815e+00 4.557685691106427156e-02
6.409343021013928166e+00 4.558184494444940393e-02
6.418964046540150292e+00 4.559235123016078944e-02
6.428585072066370643e+00 4.560517892159279829e-02
6.438206097592590993e+00 4.561713117213983537e-02
6.447827123118811343e+00 4.562501113519633333e-02
6.457448148645033470e+00 4.562562196415662075e-02
6.467069174171253820e+00 4.561581737316659085e-02
6.476690199697474171e+00 4.559610970918414469e-02
6.486311225223694521e+00 4.557307414544833207e-02
6.495932250749914871e+00 4.555385605053942355e-02
6.505553276276136998e+00 4.554560079303764109e-02
6.515174301802357348e+00 4.555475036732752753e-02
6.524795327328577699e+00 4.557932935421550591e-02
6.534416352854798049e+00 4.561181522811842692e-02
6.544037378381018399e+00 4.564458763303350791e-02
6.553658403907240526e+00 4.567002634371675196e-02
6.563279429433460876e+00 4.568268774932097293e-02
6.572900454959681227e+00 4.568483435105755164e-02
6.582521480485901577e+00 4.568043324626627072e-02
6.592142506012123704e+00 4.567345153228691279e-02
6.601763531538344054e+00 4.566785237221471921e-02
6.611384557064564405e+00 4.566748537269064295e-02
6.621005582590784755e+00 4.567607206430150668e-02
6.630626608117005105e+00 4.569732712628379878e-02
6.640247633643227232e+00 4.573496523787401458e-02
6.649868659169447582e+00 4.579115111350114814e-02
6.659489684695667933e+00 4.585960255517668865e-02
6.669110710221888283e+00 4.593117396717126544e-02
6.678731735748108633e+00 4.599671744709098870e-02
6.688352761274330760e+00 4.604722035476503661e-02
6.697973786800551110e+00 4.607995372313040960e-02
6.707594812326771461e+00 4.610099962019775094e-02
6.717215837852991811e+00 4.611709902621646123e-02
6.726836863379213938e+00 4.613499292143603825e-02
6.736457888905434288e+00 4.616053168691816588e-02
6.746078914431654638e+00 4.619434619651601598e-02
6.755699939957874989e+00 4.623517169791206000e-02
6.765320965484095339e+00 4.628174075826047701e-02
6.774941991010317466e+00 4.633278594471545303e-02
6.784563016536537816e+00 4.638703982443112550e-02
6.794184042062758166e+00 4.644323496456164574e-02
6.803805067588978517e+00 4.650010393226121364e-02
6.813426093115200644e+00 4.655637929468399439e-02
6.823047118641420994e+00 4.661156075419700673e-02
6.832668144167641344e+00 4.666855544910379627e-02
6.842289169693861695e+00 4.673121625312556121e-02
6.851910195220082045e+00 4.680339607624334208e-02
6.861531220746304172e+00 4.688860147492132646e-02
6.871152246272524522e+00 4.698403997720092262e-02
6.880773271798744872e+00 4.708142695504375502e-02
6.890394297324965223e+00 4.717229375246668327e-02
6.900015322851185573e+00 4.724818549103709797e-02
6.909636348377407700e+00 4.730528956056980622e-02
6.919257373903628050e+00 4.735116045124650175e-02
6.928878399429848400e+00 4.739506040895047345e-02
6.938499424956068751e+00 4.744625167956492695e-02
6.948120450482290877e+00 4.751253029828026581e-02
6.957741476008511228e+00 4.759113927719244019e-02
6.967362501534731578e+00 4.767470031663437191e-02
6.976983527060951928e+00 4.775581554670685347e-02
6.986604552587172279e+00 4.782733972237969422e-02
6.996225578113394405e+00 4.788866001652102716e-02
7.005846603639614756e+00 4.794612427072383193e-02
7.015467629165835106e+00 4.800641870988921200e-02
7.025088654692055457e+00 4.807622033382140392e-02
7.034709680218275807e+00 4.815917913771268488e-02
7.044330705744497934e+00 4.825156916562429316e-02
7.053951731270718284e+00 4.834856228053683452e-02
7.063572756796938634e+00 4.844533034543094252e-02
7.073193782323158985e+00 4.853776964785658926e-02
7.082814807849381111e+00 4.862585196490121220e-02
7.092435833375601462e+00 4.871097314019182806e-02
7.102056858901821812e+00 4.879453050903510836e-02
7.111677884428042162e+00 4.887792140673762747e-02
7.121298909954262513e+00 4.896254316860600142e-02
7.130919935480484639e+00 4.904979312994687396e-02
7.140540961006704990e+00 4.914106862606681947e-02
7.150161986532925340e+00 4.923772329287239014e-02
7.159783012059145690e+00 4.933939078770503001e-02
7.169404037585366041e+00 4.944345813329513450e-02
7.179025063111588167e+00 4.954716096011031051e-02
7.188646088637808518e+00 4.964774317119031305e-02
7.198267114164028868e+00 4.974446227312725316e-02
7.207888139690249218e+00 4.984120322880959686e-02
7.217509165216471345e+00 4.994249857177924384e-02
7.227130190742691696e+00 5.005288083540526678e-02
7.236751216268912046e+00 5.017510232927833297e-02
7.246372241795132396e+00 5.030489240056916500e-02
7.255993267321352747e+00 5.043624880323038795e-02
7.265614292847574873e+00 5.056316929121459219e-02
7.275235318373795224e+00 5.068049333359984920e-02
7.284856343900015574e+00 5.078848996146709954e-02
7.294477369426235924e+00 5.088958330800756602e-02
7.304098394952458051e+00 5.098620295069714037e-02
7.313719420478678401e+00 5.108077846701158248e-02
7.323340446004898752e+00 5.117573943442674939e-02
7.332961471531119102e+00 5.127351543041849119e-02
7.342582497057339452e+00 5.137653603246266493e-02
7.352203522583561579e+00 5.148708241480305647e-02
7.361824548109781929e+00 5.160510273984911939e-02
7.371445573636002280e+00 5.172868989970878101e-02
7.381066599162222630e+00 5.185588550682213721e-02
7.390687624688442980e+00 5.198476371062398654e-02
7.400308650214665107e+00 5.211417118039070318e-02
7.409929675740885457e+00 5.224374077589255538e-02
7.419550701267105808e+00 5.237314062828901662e-02
7.429171726793326158e+00 5.250203886873945625e-02
7.438792752319548285e+00 5.263010362840334772e-02
7.448413777845768635e+00 5.275700303844006039e-02
7.458034803371988986e+00 5.288240523000901916e-02
7.467655828898209336e+00 5.300598431896266088e-02
7.477276854424429686e+00 5.312769542314131621e-02
7.486897879950651813e+00 5.324788941991746849e-02
7.496518905476872163e+00 5.336694696992698439e-02
7.506139931003092514e+00 5.348525840426564260e-02
7.515760956529312864e+00 5.360377068510476656e-02
7.525381982055533214e+00 5.372428025156685688e-02
7.535003007581755341e+00 5.384865508326416167e-02
7.544624033107975691e+00 5.397873409434560121e-02
7.554245058634196042e+00 5.411456523726757006e-02
7.563866084160416392e+00 5.425339308621605905e-02
7.573487109686638519e+00 5.439221783491972328e-02
7.583108135212858869e+00 5.452808000814370754e-02
7.592729160739079219e+00 5.466031855683720769e-02
7.602350186265299570e+00 5.479176686768684468e-02
7.611971211791519920e+00 5.492555110039096244e-02
7.621592237317742047e+00 5.506475584541356549e-02
7.631213262843962397e+00 5.521054127694585006e-02
7.640834288370182747e+00 5.536137300787268706e-02
7.650455313896403098e+00 5.551551556089180661e-02
7.660076339422623448e+00 5.567122819674790585e-02
7.669697364948845575e+00 5.582659027331580981e-02
7.679318390475065925e+00 5.597946078838803713e-02
7.688939416001286276e+00 5.612768528185109462e-02
7.698560441527506626e+00 5.626921195937308745e-02
7.708181467053728753e+00 5.640443350420636104e-02
7.717802492579949103e+00 5.653623419234583836e-02
7.727423518106169453e+00 5.666761038967636083e-02
7.737044543632389804e+00 5.680155846208269355e-02
7.746665569158610154e+00 5.694107477544963630e-02
7.756286594684832281e+00 5.708915569566196113e-02
7.765907620211052631e+00 5.724879758860445395e-02
7.775528645737272981e+00 5.742229940580911851e-02
7.785149671263493332e+00 5.760452000110778681e-02
7.794770696789715458e+00 5.778581714820232862e-02
7.804391722315935809e+00 5.795648595974484812e-02
7.814012747842156159e+00 5.810805373683326086e-02
7.823633773368376509e+00 5.824065182690853909e-02
7.833254798894596860e+00 5.835807968911303073e-02
7.842875824420818986e+00 5.846415041322692435e-02
7.852496849947039337e+00 5.856472600528488115e-02
7.862117875473259687e+00 5.867481863649873924e-02
7.871738900999480038e+00 5.881199379652783665e-02
7.881359926525700388e+00 5.899379879086802392e-02
7.890980952051922515e+00 5.922505891325009070e-02
7.900601977578142865e+00 5.947565124214328897e-02
7.910223003104363215e+00 5.970950439623551320e-02
7.919844028630583566e+00 5.989089007077006560e-02
7.929465054156805692e+00 6.000888362275787896e-02
7.939086079683026043e+00 6.009365092253384638e-02
7.948707105209246393e+00 6.017922078870657776e-02
7.958328130735466743e+00 6.029854281805525212e-02
7.967949156261687094e+00 6.046061917524495760e-02
7.977570181787909220e+00 6.065098067110605978e-02
7.987191207314129571e+00 6.085417412233094792e-02
7.996812232840349921e+00 6.105572440596243600e-02
8.006433258366570271e+00 6.125044109925006919e-02
8.016054283892790622e+00 6.143826262671263361e-02
8.025675309419012748e+00 6.161918137317733829e-02
8.035296334945233099e+00 6.179318972347126737e-02
8.044917360471453449e+00 6.196028006242166458e-02
8.054538385997673799e+00 6.212044477485566957e-02
8.064159411523895926e+00 6.227367624560047749e-02
8.073780437050116277e+00 6.241996685948320717e-02
8.083401462576336627e+00 6.255930900133108152e-02
8.093022488102556977e+00 6.269169505597123326e-02
8.102643513628777328e+00 6.281729532808973115e-02
8.112264539154999454e+00 6.294087214371800465e-02
8.121885564681219805e+00 6.307207601704324651e-02
8.131506590207440155e+00 6.322079468801967972e-02
8.141127615733660505e+00 6.339520130554743282e-02
8.150748641259882632e+00 6.358902814974934370e-02
8.160369666786102982e+00 6.378877163846834175e-02
8.169990692312323333e+00 6.398087479581124337e-02
8.179611717838543683e+00 6.415562725970161417e-02
8.189232743364764033e+00 6.431617907864646544e-02
8.198853768890986160e+00 6.446836477209860750e-02
8.208474794417206510e+00 6.461800141988660595e-02
8.218095819943426861e+00 6.477012193073074242e-02
8.227716845469647211e+00 6.492867445594116549e-02
8.237337870995867561e+00 6.509752759867488969e-02
8.246958896522089688e+00 6.527997262116259913e-02
8.256579922048310038e+00 6.547350771070808984e-02
8.266200947574530389e+00 6.567228803407977600e-02
8.275821973100750739e+00 6.587042855562116883e-02
8.285442998626972866e+00 6.606340850253203389e-02
8.295064024153193216e+00 6.625132531035567152e-02
8.304685049679413567e+00 6.643525266600734669e-02
8.314306075205633917e+00 6.661626425640219951e-02
8.323927100731854267e+00 6.679543376845545333e-02
8.333548126258076394e+00 6.697383488908230376e-02
8.343169151784296744e+00 6.715254130519787701e-02
8.352790177310517095e+00 6.733230288142816322e-02
8.362411202836737445e+00 6.751145496812863134e-02
8.372032228362957795e+00 6.768724234571313336e-02
8.381653253889179922e+00 6.785692181764509112e-02
8.391274279415400272e+00 6.802190689883461094e-02
8.400895304941620623e+00 6.819313214558429814e-02
8.410516330467840973e+00 6.838285952315303895e-02
8.420137355994063100e+00 6.860218518061837745e-02
8.429758381520283450e+00 6.884468636203006087e-02
8.439379407046503800e+00 6.909041584375488765e-02
8.449000432572724151e+00 6.931907633201629670e-02
8.458621458098944501e+00 6.951548708735515170e-02
8.468242483625166628e+00 6.968363387232810735e-02
8.477863509151386978e+00 6.983198953485166005e-02
8.487484534677607328e+00 6.996902692284230618e-02
8.497105560203827679e+00 7.010321888421668091e-02
8.506726585730048029e+00 7.024303826689123897e-02
8.516347611256270156e+00 7.039695791878258779e-02
8.525968636782490506e+00 7.057078053808769902e-02
8.535589662308710857e+00 7.075634962628665758e-02
8.545210687834931207e+00 7.094096216148838840e-02
8.554831713361153334e+00 7.111209292417292049e-02
8.564452738887373684e+00 7.126527284639352922e-02
8.574073764413594034e+00 7.140714820919678851e-02
8.583694789939814385e+00 7.154517735199786288e-02
8.593315815466034735e+00 7.168681861421188906e-02
8.602936840992256862e+00 7.183953033525404541e-02
8.612557866518477212e+00 7.201077085453946869e-02
8.622178892044697562e+00 7.220782883787989215e-02
8.631799917570917913e+00 7.242899139741094949e-02
8.641420943097140039e+00 7.265923190445913726e-02
8.651041968623360390e+00 7.288244998678970743e-02
8.660662994149580740e+00 7.308529376260670951e-02
8.670284019675801090e+00 7.327130756103385212e-02
8.679905045202021441e+00 7.345045173931091798e-02
8.689526070728243567e+00 7.363255123755650666e-02
8.699147096254463918e+00 7.382091978073782035e-02
8.708768121780684268e+00 7.400994012149085532e-02
8.718389147306904619e+00 7.419334810384420331e-02
8.728010172833124969e+00 7.436651658963974731e-02
8.737631198359347096e+00 7.453331063802910716e-02
8.747252223885567446e+00 7.470034061133311309e-02
8.756873249411787796e+00 7.487409641695765006e-02
8.766494274938009923e+00 7.505768159128112238e-02
8.776115300464230273e+00 7.525045294347423863e-02
8.785736325990450624e+00 7.545157314079083133e-02
8.795357351516670974e+00 7.565960117725176182e-02
8.804978377042891324e+00 7.587083445682758776e-02
8.814599402569113451e+00 7.608104086373378150e-02
8.824220428095333801e+00 7.628614748669937384e-02
8.833841453621554152e+00 7.648450804399065106e-02
8.843462479147774502e+00 7.667636728054813555e-02
8.853083504673996629e+00 7.686201993251469411e-02
8.862704530200216979e+00 7.704176073603313801e-02
8.872325555726437329e+00 7.721588442724641732e-02
8.881946581252657680e+00 7.738468574229739882e-02
8.891567606778878030e+00 7.754915871927854643e-02
8.901188632305100157e+00 7.771580214479441306e-02
8.910809657831320507e+00 7.789372015099414737e-02
8.920430683357540858e+00 7.809178297349214648e-02
8.930051708883761208e+00 7.830867982631603552e-02
8.939672734409981558e+00 7.852958768532002087e-02
8.949293759936203685e+00 7.873875106644281918e-02
8.958914785462424035e+00 7.892504970280303511e-02
8.968535810988644386e+00 7.909505869457382488e-02
8.978156836514864736e+00 7.925957516296022742e-02
8.987777862041086863e+00 7.942891461506348949e-02
8.997398887567307213e+00 7.960747364165705886e-02
9.007019913093527563e+00 7.979567244629943989e-02
9.016640938619747914e+00 7.999382344068846351e-02
9.026261964145968264e+00 8.019959286397002063e-02
9.035882989672190391e+00 8.040615521813490596e-02
9.045504015198410741e+00 8.060624912069909442e-02
9.055125040724631091e+00 8.079499790806028703e-02
9.064746066250851442e+00 8.097829964511986389e-02
9.074367091777071792e+00 8.116509405073711603e-02
9.083988117303293919e+00 8.136374967660833790e-02
9.093609142829514269e+00 8.157505950844269604e-02
9.103230168355734619e+00 8.179444579090323908e-02
9.112851193881954970e+00 8.201721680578093199e-02
9.122472219408177097e+00 8.223868083486689240e-02
9.132093244934397447e+00 8.245414615995198815e-02
9.141714270460617797e+00 8.265892106426861452e-02
9.151335295986838148e+00 8.284992995943300798e-02
9.160956321513058498e+00 8.303037602264490280e-02
9.170577347039280625e+00 8.320498701227958815e-02
9.180198372565500975e+00 8.337788034940059323e-02
9.189819398091721325e+00 8.354721735350011114e-02
9.199440423617941676e+00 8.370779642594965153e-02
9.209061449144162026e+00 8.385491767363946469e-02
9.218682474670384153e+00 8.400118400808592733e-02
9.228303500196604503e+00 8.417975318708606491e-02
9.237924525722824853e+00 8.442490289336312959e-02
9.247545551249045204e+00 8.474358955590653719e-02
9.257166576775267330e+00 8.507511733181696845e-02
9.266787602301487681e+00 8.534850011200603714e-02
9.276408627827708031e+00 8.550891108702504684e-02
9.286029653353928381e+00 8.558805249426690298e-02
9.295650678880148732e+00 8.564646822002021376e-02
9.305271704406370858e+00 8.574107246518768155e-02
9.314892729932591209e+00 8.588441686383571638e-02
9.324513755458811559e+00 8.605948462165614876e-02
9.334134780985031909e+00 8.624892581278992276e-02
9.343755806511254036e+00 8.644260085896633694e-02
9.353376832037474387e+00 8.663933923758150579e-02
9.362997857563694737e+00 8.683853147271800021e-02
9.372618883089915087e+00 8.703956808845833559e-02
9.382239908616135438e+00 8.724183960888504119e-02
9.391860934142357564e+00 8.744473655808070178e-02
9.401481959668577915e+00 8.764736146804059935e-02
9.411102985194798265e+00 8.784756696340985382e-02
9.420724010721018615e+00 8.804286666081845292e-02
9.430345036247238966e+00 8.823117979199865402e-02
9.439966061773461092e+00 8.841376414705240383e-02
9.449587087299681443e+00 8.859351845422197558e-02
9.459208112825901793e+00 8.877334721001645113e-02
9.468829138352122143e+00 8.895606035225707420e-02
9.478450163878344270e+00 8.914438934700466555e-02
9.488071189404564620e+00 8.934098995075868965e-02
9.497692214930784971e+00 8.954542110530716581e-02
9.507313240457005321e+00 8.975307050122134644e-02
9.516934265983225671e+00 8.995903161462892594e-02
9.526555291509447798e+00 9.015839792165764033e-02
9.536176317035668148e+00 9.034626289843505909e-02
9.545797342561888499e+00 9.051772039397874836e-02
9.555418368088108849e+00 9.067206875779182385e-02
9.565039393614329200e+00 9.082323180615817226e-02
9.574660419140551326e+00 9.098831144508479074e-02
9.584281444666771677e+00 9.118105250877063528e-02
9.593902470192992027e+00 9.139659410134308437e-02
9.603523495719212377e+00 9.162366599361544683e-02
9.613144521245434504e+00 9.185099200223514893e-02
9.622765546771654854e+00 9.206729594384931159e-02
9.632386572297875205e+00 9.226130163510530557e-02
9.642007597824095555e+00 9.242319173854217362e-02
9.651628623350315905e+00 9.256392951189183760e-02
9.661249648876538032e+00 9.270995551917658728e-02
9.670870674402758382e+00 9.288690872935836951e-02
9.680491699928978733e+00 9.309185136322627174e-02
9.690112725455199083e+00 9.329232245120520906e-02
9.699733750981419433e+00 9.345517555469859405e-02
9.709354776507641560e+00 9.357838028790931018e-02
9.718975802033861910e+00 9.370340581311810413e-02
9.728596827560082261e+00 9.387466597214477737e-02
9.738217853086302611e+00 9.410615678944400653e-02
9.747838878612524738e+00 9.435539843361154255e-02
9.757459904138745088e+00 9.457384448079564354e-02
9.767080929664965439e+00 9.473650401148239752e-02
9.776701955191185789e+00 9.487554870259998219e-02
9.786322980717406139e+00 9.503164636031417867e-02
9.795944006243628266e+00 9.523066370858171426e-02
9.805565031769848616e+00 9.545229410742998855e-02
9.815186057296068967e+00 9.566725229438018119e-02
9.824807082822289317e+00 9.585338330331584500e-02
9.834428108348511444e+00 9.601654781844017050e-02
9.844049133874731794e+00 9.616948628498604712e-02
9.853670159400952144e+00 9.632493914818640590e-02
9.863291184927172495e+00 9.649564685327420566e-02
9.872912210453392845e+00 9.669434984548237744e-02
9.882533235979614972e+00 9.692949902654404704e-02
9.892154261505835322e+00 9.718478186789415718e-02
9.901775287032055672e+00 9.743501893222446253e-02
9.911396312558276023e+00 9.765824592886747368e-02
9.921017338084496373e+00 9.785425683492514348e-02
9.930638363610718500e+00 9.803183704316595359e-02
9.940259389136938850e+00 9.819944122807824916e-02
9.949880414663159200e+00 9.836276370066000807e-02
9.959501440189379551e+00 9.852621886199225409e-02
9.969122465715601678e+00 9.869351870402319482e-02
9.978743491241822028e+00 9.886243966803820449e-02
9.988364516768042378e+00 9.902775090761241350e-02
9.997985542294262729e+00 9.918534121384532665e-02
1.000760656782048308e+01 9.934164333263668933e-02
1.001722759334670521e+01 9.950878201046770011e-02
1.002684861887292556e+01 9.969722335565900373e-02
1.003646964439914591e+01 9.990082781156081615e-02
1.004609066992536626e+01 1.001041339712733652e-01
1.005571169545158661e+01 1.002928919804936952e-01
1.006533272097780873e+01 1.004658409908893019e-01
1.007495374650402908e+01 1.006291247261414668e-01
1.008457477203024943e+01 1.007889730676709283e-01
1.009419579755646978e+01 1.009516158968985361e-01
1.010381682308269191e+01 1.011232830952451256e-01
1.011343784860891226e+01 1.013088793160775436e-01
1.012305887413513261e+01 1.015008511090891713e-01
1.013267989966135296e+01 1.016848166282292576e-01
1.014230092518757331e+01 1.018485475430784964e-01
1.015192195071379544e+01 1.019993553974039291e-01
1.016154297624001579e+01 1.021546924400348333e-01
1.017116400176623614e+01 1.023295801118571241e-01
1.018078502729245649e+01 1.025189020825343494e-01
1.019040605281867862e+01 1.027078783279877505e-01
1.020002707834489897e+01 1.028838844181607232e-01
1.020964810387111932e+01 1.030500495197252953e-01
1.021926912939733967e+01 1.032163248520724524e-01
1.022889015492356002e+01 1.033909064018727897e-01
1.023851118044978215e+01 1.035709920892595032e-01
1.024813220597600250e+01 1.037495895723781481e-01
1.025775323150222285e+01 1.039207086427543364e-01
1.026737425702844320e+01 1.040836532221446897e-01
1.027699528255466355e+01 1.042394553378425542e-01
1.028661630808088567e+01 1.043896720540752748e-01
1.029623733360710602e+01 1.045381423286692174e-01
1.030585835913332637e+01 1.046893260274503468e-01
1.031547938465954672e+01 1.048476830291409923e-01
1.032510041018576885e+01 1.050176732124636914e-01
1.033472143571198920e+01 1.052037508077741379e-01
1.034434246123820955e+01 1.054056418656919986e-01
1.035396348676442990e+01 1.056097606611050843e-01
1.036358451229065025e+01 1.058002396178054083e-01
1.037320553781687238e+01 1.059700655042319500e-01
1.038282656334309273e+01 1.061317712517506756e-01
1.039244758886931308e+01 1.063003787579109433e-01
1.040206861439553343e+01 1.064811037369753771e-01
1.041168963992175378e+01 1.066624033323339549e-01
1.042131066544797591e+01 1.068313206747278227e-01
1.043093169097419626e+01 1.069838143576900547e-01
1.044055271650041661e+01 1.071274871343899093e-01
1.045017374202663696e+01 1.072707262917872439e-01
1.045979476755285908e+01 1.074219191168419157e-01
1.046941579307907944e+01 1.075894528965137126e-01
1.047903681860529979e+01 1.077803080015483084e-01
1.048865784413152014e+01 1.079822225821119724e-01
1.049827886965774049e+01 1.081689961849123111e-01
1.050789989518396261e+01 1.083173392440212601e-01
1.051752092071018296e+01 1.084322834869181906e-01
1.052714194623640331e+01 1.085335603110511304e-01
1.053676297176262366e+01 1.086410261406453304e-01
1.054638399728884401e+01 1.087745373999260551e-01
1.055600502281506614e+01 1.089539504493879513e-01
1.056562604834128649e+01 1.091870738602832014e-01
1.057524707386750684e+01 1.094360208413717311e-01
1.058486809939372719e+01 1.096521393131299343e-01
1.059448912491994932e+01 1.098102301525833019e-01
1.060411015044616967e+01 1.099429822125456424e-01
1.061373117597239002e+01 1.100915084617801326e-01
1.062335220149861037e+01 1.102734346126687387e-01
1.063297322702483072e+01 1.104684706447935094e-01
1.064259425255105285e+01 1.106535443343080460e-01
1.065221527807727320e+01 1.108224058563569425e-01
1.066183630360349355e+01 1.109865580621096082e-01
1.067145732912971390e+01 1.111572892957988362e-01
1.068107835465593602e+01 1.113326443900225365e-01
1.069069938018215637e+01 1.115016850282943700e-01
1.070032040570837673e+01 1.116551508344436755e-01
1.070994143123459708e+01 1.117964557387926966e-01
1.071956245676081743e+01 1.119343293209090900e-01
1.072918348228703955e+01 1.120760235135977861e-01
1.073880450781325990e+01 1.122229213990909302e-01
1.074842553333948025e+01 1.123749669108497357e-01
1.075804655886570060e+01 1.125321039823355129e-01
1.076766758439192095e+01 1.126942765470094476e-01
1.077728860991814308e+01 1.128612927295105095e-01
1.078690963544436343e+01 1.130274703095595079e-01
1.079653066097058378e+01 1.131798705231478464e-01
1.080615168649680413e+01 1.133060850883833848e-01
1.081577271202302626e+01 1.134092463179787180e-01
1.082539373754924661e+01 1.135045300822524195e-01
1.083501476307546696e+01 1.136074227396614011e-01
1.084463578860168731e+01 1.137333819268830509e-01
1.085425681412790766e+01 1.138978525582429041e-01
1.086387783965412979e+01 1.141073470680272345e-01
1.087349886518035014e+01 1.143353555440871916e-01
1.088311989070657049e+01 1.145478508273109070e-01
1.089274091623279084e+01 1.147242331323073128e-01
1.090236194175901119e+01 1.148699095028391792e-01
1.091198296728523331e+01 1.149932722564431936e-01
1.092160399281145367e+01 1.151028927097925009e-01
1.093122501833767402e+01 1.152075295423365398e-01
1.094084604386389437e+01 1.153154990587433593e-01
1.095046706939011649e+01 1.154307821840008380e-01
1.096008809491633684e+01 1.155549418686998286e-01
1.096970912044255719e+01 1.156895148181669303e-01
1.097933014596877754e+01 1.158360377377287281e-01
1.098895117149499789e+01 1.159960241718076407e-01
1.099857219702122002e+01 1.161670073444642654e-01
1.100819322254744037e+01 1.163380580818658694e-01
1.101781424807366072e+01 1.164974370894829026e-01
1.102743527359988107e+01 1.166404653943625830e-01
1.103705629912610142e+01 1.167699912322153338e-01
1.104667732465232355e+01 1.168902289721488186e-01
1.105629835017854390e+01 1.170143861647616607e-01
1.106591937570476425e+01 1.171604270128019792e-01
1.107554040123098460e+01 1.173372592928512564e-01
1.108516142675720673e+01 1.175186198897583967e-01
1.109478245228342708e+01 1.176700296991695788e-01
1.110440347780964743e+01 1.177807122965813802e-01
1.111402450333586778e+01 1.178812655898498624e-01
1.112364552886208813e+01 1.180048610499328382e-01
1.113326655438831025e+01 1.181581898212737125e-01
1.114288757991453060e+01 1.183260754947395577e-01
1.115250860544075096e+01 1.184940683255295835e-01
1.116212963096697131e+01 1.186560743140299551e-01
1.117175065649319343e+01 1.188091239148307415e-01
1.118137168201941378e+01 1.189502530083518805e-01
1.119099270754563413e+01 1.190764974750134625e-01
1.120061373307185448e+01 1.191853291376836488e-01
1.121023475859807483e+01 1.192861914923033922e-01
1.121985578412429696e+01 1.194016916899775932e-01
1.122947680965051731e+01 1.195507560223018073e-01
1.123909783517673766e+01 1.197171676155183717e-01
1.124871886070295801e+01 1.198677316026943440e-01
1.125833988622917836e+01 1.199817571787725051e-01
1.126796091175540049e+01 1.200773257803074007e-01
1.127758193728162084e+01 1.201795894729601882e-01
1.128720296280784119e+01 1.203007221806040167e-01
1.129682398833406154e+01 1.204364816910882402e-01
1.130644501386028367e+01 1.205815721212228214e-01
1.131606603938650402e+01 1.207306975878176120e-01
1.132568706491272437e+01 1.208785629064793310e-01
1.133530809043894472e+01 1.210222003570423921e-01
1.134492911596516507e+01 1.211661576991951983e-01
1.135455014149138719e+01 1.213163361954446018e-01
1.136417116701760754e+01 1.214728012477796354e-01
1.137379219254382789e+01 1.216282649286858225e-01
1.138341321807004825e+01 1.217749701246786387e-01
1.139303424359626860e+01 1.219051597222735872e-01
1.140265526912249072e+01 1.220110842214206098e-01
1.141227629464871107e+01 1.220929349587695639e-01
1.142189732017493142e+01 1.221738701447299541e-01
1.143151834570115177e+01 1.222805695114740215e-01
1.144113937122737390e+01 1.224233338533376181e-01
1.145076039675359425e+01 1.225946090303186853e-01
1.146038142227981460e+01 1.227809334692941678e-01
1.147000244780603495e+01 1.229352734203717629e-01
1.147962347333225530e+01 1.229970472277202576e-01
1.148924449885847743e+01 1.229605065092428118e-01
1.149886552438469778e+01 1.229423775242967920e-01
1.150848654991091813e+01 1.230675511254008814e-01
1.151810757543713848e+01 1.233217053578311712e-01
1.152772860096336061e+01 1.235760985877200208e-01
1.153734962648958096e+01 1.237278625078074151e-01
1.154697065201580131e+01 1.238077453100103337e-01
1.155659167754202166e+01 1.238840587169720009e-01
1.156621270306824201e+01 1.239944991827179044e-01
1.157583372859446413e+01 1.241304670331335597e-01
1.158545475412068448e+01 1.242795129092410800e-01
1.159507577964690483e+01 1.244291874520627172e-01
1.160469680517312518e+01 1.245670431608516676e-01
1.161431783069934554e+01 1.246817763701095899e-01
1.162393885622556766e+01 1.247651722649106287e-01
1.163355988175178801e+01 1.248114135295888133e-01
1.164318090727800836e+01 1.248513584828901540e-01
1.165280193280422871e+01 1.249492136194772368e-01
1.166242295833045084e+01 1.251459342749332571e-01
1.167204398385667119e+01 1.253672229893681989e-01
1.168166500938289154e+01 1.255064234715446980e-01
1.169128603490911189e+01 1.255340638406192422e-01
1.170090706043533224e+01 1.255320546702869133e-01
1.171052808596155437e+01 1.255814802444263356e-01
1.172014911148777472e+01 1.256885856924158662e-01
1.172977013701399507e+01 1.258242181447727370e-01
1.173939116254021542e+01 1.259660452204266756e-01
1.174901218806643577e+01 1.261071649724395949e-01
1.175863321359265790e+01 1.262429380287017067e-01
1.176825423911887825e+01 1.263715063594569865e-01
1.177787526464509860e+01 1.264929537628903811e-01
1.178749629017131895e+01 1.266074037184075907e-01
1.179711731569754107e+01 1.267149797054143989e-01
1.180673834122376142e+01 1.268158052033164229e-01
1.181635936674998177e+01 1.269100036915196128e-01
1.182598039227620212e+01 1.269976986494296411e-01
1.183560141780242247e+01 1.270813509428958266e-01
1.184522244332864460e+01 1.271738916321651369e-01
1.185484346885486495e+01 1.272904924793664128e-01
1.186446449438108530e+01 1.274216982837645395e-01
1.187408551990730565e+01 1.275272739291582746e-01
1.188370654543352600e+01 1.275752403472384111e-01
1.189332757095974813e+01 1.275936471423738672e-01
1.190294859648596848e+01 1.276319886066411835e-01
1.191256962201218883e+01 1.277131000882829048e-01
1.192219064753840918e+01 1.278186540004156713e-01
1.193181167306463131e+01 1.279288831696121231e-01
1.194143269859085166e+01 1.280392103700102868e-01
1.195105372411707201e+01 1.281517813855023447e-01
1.196067474964329236e+01 1.282666414195574034e-01
1.197029577516951271e+01 1.283799862126706048e-01
1.197991680069573484e+01 1.284876071086668015e-01
1.198953782622195519e+01 1.285852954513707624e-01
1.199915885174817554e+01 1.286689010706199288e-01
1.200877987727439589e+01 1.287422418486373343e-01
1.201840090280061801e+01 1.288251149590507461e-01
1.202802192832683836e+01 1.289354633776824688e-01
1.203764295385305871e+01 1.290558293197434092e-01
1.204726397937927906e+01 1.291494704076412148e-01
1.205688500490549941e+01 1.292013636413258115e-01
1.206650603043172154e+01 1.292426760641918471e-01
1.207612705595794189e+01 1.293074845209823409e-01
1.208574808148416224e+01 1.294014519246264316e-01
1.209536910701038259e+01 1.295143201848385217e-01
1.210499013253660294e+01 1.296356558044901297e-01
1.211461115806282507e+01 1.297550252864527187e-01
1.212423218358904542e+01 1.298624768732640766e-01
1.213385320911526577e+01 1.299525270415548273e-01
1.214347423464148612e+01 1.300221439376847143e-01
1.215309526016770825e+01 1.300720072578427089e-01
1.216271628569392860e+01 1.301100672757813659e-01
1.217233731122014895e+01 1.301451249886016737e-01
1.218195833674636930e+01 1.301859813934042875e-01
1.219157936227258965e+01 1.302414374872901126e-01
1.220120038779881178e+01 1.303202942673599152e-01
1.221082141332503213e+01 1.304313527307145448e-01
1.222044243885125248e+01 1.305788305630958823e-01
1.223006346437747283e+01 1.307345556813251375e-01
1.223968448990369318e+01 1.308568670975545079e-01
1.224930551542991530e+01 1.309295475517067708e-01
1.225892654095613565e+01 1.309745057188911044e-01
1.226854756648235600e+01 1.310150469790727912e-01
1.227816859200857635e+01 1.310646909309281516e-01
1.228778961753479848e+01 1.311331072330542413e-01
1.229741064306101883e+01 1.312165007975390763e-01
1.230703166858723918e+01 1.312947766151027484e-01
1.231665269411345953e+01 1.313520162143940462e-01
1.232627371963967988e+01 1.313946037979655257e-01
1.233589474516590201e+01 1.314347809063191874e-01
1.234551577069212236e+01 1.314812372269901219e-01
1.235513679621834271e+01 1.315393397287843436e-01
1.236475782174456306e+01 1.316143276626857428e-01
1.237437884727078341e+01 1.317114402796781547e-01
1.238399987279700554e+01 1.318341607059209941e-01
1.239362089832322589e+01 1.319637033303389939e-01
1.240324192384944624e+01 1.320660596606135773e-01
1.241286294937566659e+01 1.321214284016070106e-01
1.242248397490188871e+01 1.321415951130671396e-01
1.243210500042810907e+01 1.321446925664256089e-01
1.244172602595432942e+01 1.321661911629255226e-01
1.245134705148054977e+01 1.322489644745421800e-01
1.246096807700677012e+01 1.323924186774850242e-01
1.247058910253299224e+01 1.325320919524197727e-01
1.248021012805921259e+01 1.326133505073297247e-01
1.248983115358543294e+01 1.326545382892072578e-01
1.249945217911165329e+01 1.326946969684185129e-01
1.250907320463787542e+01 1.327393951806565831e-01
1.251869423016409577e+01 1.327621932942453231e-01
1.252831525569031612e+01 1.327484721126827860e-01
1.253793628121653647e+01 1.327219331494073895e-01
1.254755730674275682e+01 1.327132459971237244e-01
1.255717833226897895e+01 1.327530802485362149e-01
1.256679935779519930e+01 1.328715728215176528e-01
1.257642038332141965e+01 1.330561189933510413e-01
1.258604140884764000e+01 1.332207855646505290e-01
1.259566243437386035e+01 1.332922616112795222e-01
1.260528345990008248e+01 1.333054454834109448e-01
1.261490448542630283e+01 1.333301654294093974e-01
1.262452551095252318e+01 1.333958399996741373e-01
1.263414653647874353e+01 1.334917835883941695e-01
1.264376756200496565e+01 1.335969664245138244e-01
1.265338858753118600e+01 1.336657284690518366e-01
1.266300961305740636e+01 1.336567127524157794e-01
1.267263063858362671e+01 1.336096928144604179e-01
1.268225166410984706e+01 1.336077572839277916e-01
1.269187268963606918e+01 1.336806559090526758e-01
1.270149371516228953e+01 1.337778726212438818e-01
1.271111474068850988e+01 1.338526578245486098e-01
1.272073576621473023e+01 1.339033042606497248e-01
1.273035679174095058e+01 1.339403894641928161e-01
1.273997781726717271e+01 1.339744912461038329e-01
1.274959884279339306e+01 1.340161121763894791e-01
1.275921986831961341e+01 1.340646099618392484e-01
1.276884089384583376e+01 1.340965023380117360e-01
1.277846191937205589e+01 1.340937515279626013e-01
1.278808294489827624e+01 1.340877181377631289e-01
1.279770397042449659e+01 1.341261541972777471e-01
1.280732499595071694e+01 1.342139501035387317e-01
1.281694602147693729e+01 1.343139007657506989e-01
1.282656704700315942e+01 1.343975316263841258e-01
1.283618807252937977e+01 1.344632541977020534e-01
1.284580909805560012e+01 1.345137213577119462e-01
1.285543012358182047e+01 1.345515859844212958e-01
1.286505114910804259e+01 1.345794722152085232e-01
1.287467217463426294e+01 1.345991704772775688e-01
1.288429320016048329e+01 1.346115292042228961e-01
1.289391422568670365e+01 1.346180526653538434e-01
1.290353525121292400e+01 1.346222847447812732e-01
1.291315627673914612e+01 1.346281352258791586e-01
1.292277730226536647e+01 1.346395138920213896e-01
1.293239832779158682e+01 1.346603045155262690e-01
1.294201935331780717e+01 1.346935653678098255e-01
1.295164037884402752e+01 1.347413756461146306e-01
1.296126140437024965e+01 1.348019893470707997e-01
1.297088242989647000e+01 1.348626268656235305e-01
1.298050345542269035e+01 1.349115642000324189e-01
1.299012448094891070e+01 1.349613752369465125e-01
1.299974550647513283e+01 1.350349642619788626e-01
1.300936653200135318e+01 1.351197424808304182e-01
1.301898755752757353e+01 1.351632230765342779e-01
1.302860858305379388e+01 1.351428116874338059e-01
1.303822960858001423e+01 1.351214597197151757e-01
1.304785063410623636e+01 1.351630246709690508e-01
1.305747165963245671e+01 1.352401254545981812e-01
1.306709268515867706e+01 1.352888653950094222e-01
1.307671371068489741e+01 1.352879789960562684e-01
1.308633473621111776e+01 1.352577835505118509e-01
1.309595576173733988e+01 1.352203142986788953e-01
1.310557678726356023e+01 1.351976064808601274e-01
1.311519781278978058e+01 1.352067055333322221e-01
1.312481883831600094e+01 1.352377224181259274e-01
1.313443986384222306e+01 1.352727314627738542e-01
1.314406088936844341e+01 1.353088347704470840e-01
1.315368191489466376e+01 1.353544758111918933e-01
1.316330294042088411e+01 1.354045335662375782e-01
1.317292396594710446e+01 1.354307795557931904e-01
1.318254499147332659e+01 1.354163288834656365e-01
1.319216601699954694e+01 1.353961123020389623e-01
1.320178704252576729e+01 1.354119876502936359e-01
1.321140806805198764e+01 1.354543483324213982e-01
1.322102909357820799e+01 1.354863068038440199e-01
1.323065011910443012e+01 1.354994477426267607e-01
1.324027114463065047e+01 1.355186948560572757e-01
1.324989217015687082e+01 1.355599192311155721e-01
1.325951319568309117e+01 1.356119399747410526e-01
1.326913422120931330e+01 1.356594602787490889e-01
1.327875524673553365e+01 1.356871833349550527e-01
1.328837627226175400e+01 1.356817718769632863e-01
1.329799729778797435e+01 1.356576214237620037e-01
1.330761832331419470e+01 1.356489680160866129e-01
1.331723934884041682e+01 1.356506268721242858e-01
1.332686037436663717e+01 1.355975352841985448e-01
1.333648139989285752e+01 1.354658128902534453e-01
1.334610242541907787e+01 1.353767564653653444e-01
1.335572345094530000e+01 1.354501355055224288e-01
1.336534447647152035e+01 1.355968128072460310e-01
1.337496550199774070e+01 1.356474183271314804e-01
1.338458652752396105e+01 1.355820240581074865e-01
1.339420755305018140e+01 1.355077455232569783e-01
1.340382857857640353e+01 1.354920236948785328e-01
1.341344960410262388e+01 1.355295429164273258e-01
1.342307062962884423e+01 1.356051591774936893e-01
1.343269165515506458e+01 1.356937507590887382e-01
1.344231268068128493e+01 1.357680927166103058e-01
1.345193370620750706e+01 1.358009601054562532e-01
1.346155473173372741e+01 1.357675608579286264e-01
1.347117575725994776e+01 1.356847583951047431e-01
1.348079678278616811e+01 1.356041285318740353e-01
1.349041780831239024e+01 1.355612435181980935e-01
1.350003883383861059e+01 1.355647451258274183e-01
1.350965985936483094e+01 1.356099721457772467e-01
1.351928088489105129e+01 1.356589249482310633e-01
1.352890191041727164e+01 1.356736761776529965e-01
1.353852293594349376e+01 1.356556105938474810e-01
1.354814396146971411e+01 1.356210237143728181e-01
1.355776498699593446e+01 1.355862395197548476e-01
1.356738601252215481e+01 1.355672514434420051e-01
1.357700703804837516e+01 1.355675389525906049e-01
1.358662806357459729e+01 1.355745319961755568e-01
1.359624908910081764e+01 1.355785607393217851e-01
1.360587011462703799e+01 1.355792205866252764e-01
1.361549114015325834e+01 1.355774320299626134e-01
1.362511216567948047e+01 1.355741155612102122e-01
1.363473319120570082e+01 1.355701916722446831e-01
1.364435421673192117e+01 1.355665808549424978e-01
1.365397524225814152e+01 1.355635048612395532e-01
1.366359626778436187e+01 1.355476504612721511e-01
1.367321729331058400e+01 1.354939558418587486e-01
1.368283831883680435e+01 1.354083791066352238e-01
1.369245934436302470e+01 1.353460548856212919e-01
1.370208036988924505e+01 1.353373555781958171e-01
1.371170139541546540e+01 1.353324730131983400e-01
1.372132242094168753e+01 1.352849154804497134e-01
1.373094344646790788e+01 1.352337981485483842e-01
1.374056447199412823e+01 1.352377838467586912e-01
1.375018549752034858e+01 1.352868523277968305e-01
1.375980652304657070e+01 1.353345060151025236e-01
1.376942754857279105e+01 1.353587533162909640e-01
1.377904857409901140e+01 1.353605050972905288e-01
1.378866959962523175e+01 1.353415248777381508e-01
1.379829062515145210e+01 1.353035761772707901e-01
1.380791165067767423e+01 1.352484225155256015e-01
1.381753267620389458e+01 1.351778274121395174e-01
1.382715370173011493e+01 1.350966132560967037e-01
1.383677472725633528e+01 1.350230349949723407e-01
1.384639575278255741e+01 1.349790336975389138e-01
1.385601677830877776e+01 1.349865505336928506e-01
1.386563780383499811e+01 1.350629572474104922e-01
1.387525882936121846e+01 1.351599234847646602e-01
1.388487985488743881e+01 1.351821522066640469e-01
1.389450088041366094e+01 1.351055907689254210e-01
1.390412190593988129e+01 1.349917132724595958e-01
1.391374293146610164e+01 1.348901612204610467e-01
1.392336395699232199e+01 1.348192424013161250e-01
1.393298498251854234e+01 1.347873400992789517e-01
1.394260600804476447e+01 1.347833416382325789e-01
1.395222703357098482e+01 1.347924921676906806e-01
1.396184805909720517e+01 1.348000368371670143e-01
1.397146908462342552e+01 1.347912207961752817e-01
1.398109011014964764e+01 1.347512891942291846e-01
1.399071113567586799e+01 1.346687617393709235e-01
1.400033216120208834e+01 1.345788569144188707e-01
1.400995318672830869e+01 1.345482952474427174e-01
1.401957421225452904e+01 1.345508056510404116e-01
1.402919523778075117e+01 1.344568036109267950e-01
1.403881626330697152e+01 1.342495873483857960e-01
1.404843728883319187e+01 1.341100807558864016e-01
1.405805831435941222e+01 1.341511661221067853e-01
1.406767933988563257e+01 1.342666848661912826e-01
1.407730036541185470e+01 1.343404188176729186e-01
1.408692139093807505e+01 1.343487436692629433e-01
1.409654241646429540e+01 1.342948381293924964e-01
1.410616344199051575e+01 1.342081742964141289e-01
1.411578446751673788e+01 1.341279138245491387e-01
1.412540549304295823e+01 1.340932335835555433e-01
1.413502651856917858e+01 1.341367315770950197e-01
1.414464754409539893e+01 1.341899539445400580e-01
1.415426856962161928e+01 1.341106408642059045e-01
1.416388959514784140e+01 1.339035549179551088e-01
1.417351062067406176e+01 1.337373505203116320e-01
1.418313164620028211e+01 1.336981140467587703e-01
1.419275267172650246e+01 1.337295936773842120e-01
1.420237369725272458e+01 1.337763655670973217e-01
1.421199472277894493e+01 1.338121752389339891e-01
1.422161574830516528e+01 1.338146696735264263e-01
1.423123677383138563e+01 1.337614958515070118e-01
1.424085779935760598e+01 1.336432725917604536e-01
1.425047882488382811e+01 1.335092960198251133e-01
1.426009985041004846e+01 1.334172424446614103e-01
1.426972087593626881e+01 1.333716075018731295e-01
1.427934190146248916e+01 1.333556807432787483e-01
1.428896292698870951e+01 1.333526967006753161e-01
1.429858395251493164e+01 1.333464385220979598e-01
1.430820497804115199e+01 1.333284307961377924e-01
1.431782600356737234e+01 1.332958626313658079e-01
1.432744702909359269e+01 1.332446180176909967e-01
1.433706805461981482e+01 1.331696737335333891e-01
1.434668908014603517e+01 1.330856720823016814e-01
1.435631010567225552e+01 1.330323515500321796e-01
1.436593113119847587e+01 1.330127142475557855e-01
1.437555215672469622e+01 1.329643601699463662e-01
1.438517318225091834e+01 1.328484243112184882e-01
1.439479420777713869e+01 1.326931801888057982e-01
1.440441523330335905e+01 1.325360413547291005e-01
1.441403625882957940e+01 1.324144213571919748e-01
1.442365728435579975e+01 1.323560644500210992e-01
1.443327830988202187e+01 1.323508856929360433e-01
1.444289933540824222e+01 1.323795502152316783e-01
1.445252036093446257e+01 1.324227231462029308e-01
1.446214138646068292e+01 1.324600437384915452e-01
1.447176241198690505e+01 1.324642239057810256e-01
1.448138343751312540e+01 1.324107351193828941e-01
1.449100446303934575e+01 1.323251262080320234e-01
1.450062548856556610e+01 1.322547991148582958e-01
1.451024651409178645e+01 1.321949256887405832e-01
1.451986753961800858e+01 1.321084196387969090e-01
1.452948856514422893e+01 1.319915678698675710e-01
1.453910959067044928e+01 1.318681052953068755e-01
1.454873061619666963e+01 1.317625521199634608e-01
1.455835164172288998e+01 1.316985970443300680e-01
1.456797266724911211e+01 1.316728729546902676e-01
1.457759369277533246e+01 1.316499635300072135e-01
1.458721471830155281e+01 1.316085094116439258e-01
1.459683574382777316e+01 1.315501662570732755e-01
1.460645676935399528e+01 1.314783806584933767e-01
1.461607779488021563e+01 1.313965992081023715e-01
1.462569882040643598e+01 1.313082684980982906e-01
1.463531984593265634e+01 1.312168513653646784e-01
1.464494087145887669e+01 1.311314727710465589e-01
1.465456189698509881e+01 1.310751939361418372e-01
1.466418292251131916e+01 1.310575989252259488e-01
1.467380394803753951e+01 1.310426690535255456e-01
1.468342497356375986e+01 1.309979262428721813e-01
1.469304599908998199e+01 1.309318466365765599e-01
1.470266702461620234e+01 1.308617574992166355e-01
1.471228805014242269e+01 1.308049860953704457e-01
1.472190907566864304e+01 1.307743942344896104e-01
1.473153010119486339e+01 1.307616523028575783e-01
1.474115112672108552e+01 1.307514893562994884e-01
1.475077215224730587e+01 1.307249957996340084e-01
1.476039317777352622e+01 1.306620182598973445e-01
1.477001420329974657e+01 1.305424022817342766e-01
1.477963522882596692e+01 1.303574809078668073e-01
1.478925625435218905e+01 1.301819513230943748e-01
1.479887727987840940e+01 1.301119128487158438e-01
1.480849830540462975e+01 1.301164832010710537e-01
1.481811933093085010e+01 1.301087734390486972e-01
1.482774035645707222e+01 1.300648062845202457e-01
1.483736138198329257e+01 1.299952799857708174e-01
1.484698240750951292e+01 1.299112467070852872e-01
1.485660343303573327e+01 1.298237586127482801e-01
1.486622445856195363e+01 1.297438678670445877e-01
1.487584548408817575e+01 1.296814201182979465e-01
1.488546650961439610e+01 1.296302392034880402e-01
1.489508753514061645e+01 1.295734855073111536e-01
1.490470856066683680e+01 1.295045030603315939e-01
1.491432958619305715e+01 1.294245806516315933e-01
1.492395061171927928e+01 1.293352068209900618e-01
1.493357163724549963e+01 1.292378701081859094e-01
1.494319266277171998e+01 1.291340590529980459e-01
1.495281368829794033e+01 1.290257459128472672e-01
1.496243471382416246e+01 1.289242339297514972e-01
1.497205573935038281e+01 1.288473996176897063e-01
1.498167676487660316e+01 1.287748812450585090e-01
1.499129779040282351e+01 1.286538792863335112e-01
1.500091881592904386e+01 1.285165756725537844e-01
1.501053984145526599e+01 1.284741188285098978e-01
1.502016086698148634e+01 1.285130278225488920e-01
1.502978189250770669e+01 1.284945429440340070e-01
1.503940291803392704e+01 1.283646820761912555e-01
1.504902394356014739e+01 1.281626793172913614e-01
1.505864496908636951e+01 1.279343167929929692e-01
1.506826599461258986e+01 1.277277651528931912e-01
1.507788702013881021e+01 1.275913074718663942e-01
1.508750804566503056e+01 1.275702425113770522e-01
1.509712907119125269e+01 1.276337560402258098e-01
1.510675009671747304e+01 1.276736083139554945e-01
1.511637112224369339e+01 1.276557857675542640e-01
1.512599214776991374e+01 1.276267874004390346e-01
1.513561317329613409e+01 1.275939838356832945e-01
1.514523419882235622e+01 1.275216043436682156e-01
1.515485522434857657e+01 1.274126905270784871e-01
1.516447624987479692e+01 1.273110427060398231e-01
1.517409727540101727e+01 1.272366760134733266e-01
1.518371830092723940e+01 1.271839409894931217e-01
1.519333932645345975e+01 1.271460738011217784e-01
1.520296035197968010e+01 1.271162767857126341e-01
1.521258137750590045e+01 1.270870624859879172e-01
1.522220240303212080e+01 1.270502994016911580e-01
1.523182342855834293e+01 1.269978313667392278e-01
1.524144445408456328e+01 1.269215022150491090e-01
1.525106547961078363e+01 1.268131557805377840e-01
1.526068650513700398e+01 1.266672924590765970e-01
1.527030753066322433e+01 1.265207938427728163e-01
1.527992855618944645e+01 1.264388586161240280e-01
1.528954958171566680e+01 1.264049398359425591e-01
1.529917060724188715e+01 1.263460398970624177e-01
1.530879163276810750e+01 1.262642633448018692e-01
1.531841265829432963e+01 1.262069076772667497e-01
1.532803368382054998e+01 1.261212196013004605e-01
1.533765470934677033e+01 1.259057532489565867e-01
1.534727573487299068e+01 1.256369188957708327e-01
1.535689676039921103e+01 1.254816165118866622e-01
1.536651778592543316e+01 1.254550945611330182e-01
1.537613881145165351e+01 1.254892010742583441e-01
1.538575983697787386e+01 1.255149458178699273e-01
1.539538086250409421e+01 1.254740876721446297e-01
1.540500188803031456e+01 1.253866882857014586e-01
1.541462291355653669e+01 1.252994045877226792e-01
1.542424393908275704e+01 1.252075057695674065e-01
1.543386496460897739e+01 1.250905516089022285e-01
1.544348599013519774e+01 1.249537012778989264e-01
1.545310701566141987e+01 1.248125615597616561e-01
1.546272804118764022e+01 1.246902367257228389e-01
1.547234906671386057e+01 1.246121029369623573e-01
1.548197009224008092e+01 1.246035359529605868e-01
1.549159111776630127e+01 1.246647525920068639e-01
1.550121214329252339e+01 1.247051653634812379e-01
1.551083316881874374e+01 1.246461907091551136e-01
1.552045419434496409e+01 1.245094491933070591e-01
1.553007521987118444e+01 1.243358176791232172e-01
1.553969624539740657e+01 1.241661730297897170e-01
1.554931727092362692e+01 1.240413921084928400e-01
1.555893829644984727e+01 1.240017987188302140e-01
1.556855932197606762e+01 1.240272992241051309e-01
1.557818034750228797e+01 1.239853022646027619e-01
1.558780137302851010e+01 1.238275218431942326e-01
1.559742239855473045e+01 1.236588232012335586e-01
1.560704342408095080e+01 1.235414904034854017e-01
1.561666444960717115e+01 1.234621547399328834e-01
1.562628547513339150e+01 1.234021409912473694e-01
1.563590650065961363e+01 1.233434109612738111e-01
1.564552752618583398e+01 1.232810474349321367e-01
1.565514855171205433e+01 1.232219685249775348e-01
1.566476957723827468e+01 1.231661441549083275e-01
1.567439060276449680e+01 1.231077626238589462e-01
1.568401162829071716e+01 1.230408596741320582e-01
1.569363265381693751e+01 1.229594710480303027e-01
1.570325367934315786e+01 1.228576324878563053e-01
1.571287470486937821e+01 1.227323448783488175e-01
1.572249573039560033e+01 1.226008969561492024e-01
1.573211675592182068e+01 1.224890709504721925e-01
1.574173778144804103e+01 1.224226778610726235e-01
1.575135880697426138e+01 1.224083236879901365e-01
1.576097983250048173e+01 1.223729612705757447e-01
1.577060085802670386e+01 1.222634530208411147e-01
1.578022188355292421e+01 1.221570125731035739e-01
1.578984290907914456e+01 1.221152592842653928e-01
1.579946393460536491e+01 1.220957560919559287e-01
1.580908496013158704e+01 1.220579329935658902e-01
1.581870598565780739e+01 1.219958641583571979e-01
1.582832701118402774e+01 1.219076016953771768e-01
1.583794803671024809e+01 1.217916066090265065e-01
1.584756906223646844e+01 1.216593011957125409e-01
1.585719008776269057e+01 1.215365338052350475e-01
1.586681111328891092e+01 1.214324490027130082e-01
1.587643213881513127e+01 1.213401813672803503e-01
1.588605316434135162e+01 1.212542302735847982e-01
1.589567418986757197e+01 1.211704889245833056e-01
1.590529521539379409e+01 1.210848801421719328e-01
1.591491624092001445e+01 1.209933267482468655e-01
1.592453726644623480e+01 1.208917515647042057e-01
1.593415829197245515e+01 1.207789392605931184e-01
1.594377931749867727e+01 1.206674015827405716e-01
1.595340034302489762e+01 1.205710355666800432e-01
1.596302136855111797e+01 1.204942612790413092e-01
1.597264239407733832e+01 1.204394400832244916e-01
1.598226341960355867e+01 1.204088262094442224e-01
1.599188444512978080e+01 1.203937250803900072e-01
1.600150547065599937e+01 1.203655269309980153e-01
1.601112649618222150e+01 1.203083796933324678e-01
1.602074752170844008e+01 1.202268306162137118e-01
1.603036854723466220e+01 1.201268932534126227e-01
1.603998957276088433e+01 1.200145321155444422e-01
1.604961059828710290e+01 1.198950200670498983e-01
1.605923162381332503e+01 1.197731183245739212e-01
1.606885264933954360e+01 1.196535760898267409e-01
1.607847367486576573e+01 1.195411425645183934e-01
1.608809470039198786e+01 1.194405669503591227e-01
1.609771572591820643e+01 1.193552751889084967e-01
1.610733675144442856e+01 1.192831002976663113e-01
1.611695777697064713e+01 1.192203978929676778e-01
1.612657880249686926e+01 1.191635235824810152e-01
1.613619982802309138e+01 1.191088329738747426e-01
1.614582085354930996e+01 1.190526816748172512e-01
1.615544187907553209e+01 1.189914252929769600e-01
1.616506290460175421e+01 1.189217669851557330e-01
1.617468393012797279e+01 1.188484140303697062e-01
1.618430495565419491e+01 1.187831986755590874e-01
1.619392598118041349e+01 1.187267108427839946e-01
1.620354700670663561e+01 1.186713931841886505e-01
1.621316803223285774e+01 1.186095190668032123e-01
1.622278905775907631e+01 1.185333618576576986e-01
1.623241008328529844e+01 1.184351955568307829e-01
1.624203110881151702e+01 1.183128358708885330e-01
1.625165213433773914e+01 1.181831292561953545e-01
1.626127315986396127e+01 1.180670040979132085e-01
1.627089418539017984e+01 1.179850240787525539e-01
1.628051521091640197e+01 1.179367266405686177e-01
1.629013623644262054e+01 1.178902369178906617e-01
1.629975726196884267e+01 1.178280778706977394e-01
1.630937828749506480e+01 1.177506577828880407e-01
1.631899931302128337e+01 1.176610712866040936e-01
1.632862033854750550e+01 1.175637374764378490e-01
1.633824136407372407e+01 1.174632328347458426e-01
1.634786238959994620e+01 1.173641945716938084e-01
1.635748341512616832e+01 1.172712591472897664e-01
1.636710444065238690e+01 1.171873606839347881e-01
1.637672546617860903e+01 1.171102888290394273e-01
1.638634649170482760e+01 1.170368652210943133e-01
1.639596751723104973e+01 1.169639114985899231e-01
1.640558854275727185e+01 1.168882493000168304e-01
1.641520956828349043e+01 1.168067002638656093e-01
1.642483059380971255e+01 1.167160860286266810e-01
1.643445161933593468e+01 1.166148597260943248e-01
1.644407264486215325e+01 1.165164326197321298e-01
1.645369367038837538e+01 1.164381995998198249e-01
1.646331469591459395e+01 1.163756868081316648e-01
1.647293572144081608e+01 1.163195846006941231e-01
1.648255674696703821e+01 1.162689730948432559e-01
1.649217777249325678e+01 1.162246506433416426e-01
1.650179879801947891e+01 1.161871403977174783e-01
1.651141982354569748e+01 1.161466599148229389e-01
1.652104084907191961e+01 1.160813986911231471e-01
1.653066187459814174e+01 1.159871720226362257e-01
1.654028290012436031e+01 1.158748213066176369e-01
1.654990392565058244e+01 1.157556234784278548e-01
1.655952495117680101e+01 1.156408554734274508e-01
1.656914597670302314e+01 1.155417903903217108e-01
1.657876700222924526e+01 1.154657196613512876e-01
1.658838802775546384e+01 1.154084255154947808e-01
1.659800905328168596e+01 1.153636228338630332e-01
1.660763007880790454e+01 1.153251090551539043e-01
1.661725110433412667e+01 1.152888497025730818e-01
1.662687212986034879e+01 1.152531394434510859e-01
1.663649315538656737e+01 1.152163877664867803e-01
1.664611418091278949e+01 1.151770041603789180e-01
1.665573520643901162e+01 1.151333981138263490e-01
1.666535623196523019e+01 1.150839791155278680e-01
1.667497725749145232e+01 1.150271566541822693e-01
1.668459828301767089e+01 1.149613402184884031e-01
1.669421930854389302e+01 1.148849392971450500e-01
1.670384033407011515e+01 1.147963633788509769e-01
1.671346135959633372e+01 1.146940219523051030e-01
1.672308238512255585e+01 1.145763245062061536e-01
1.673270341064877442e+01 1.144441346746598448e-01
1.674232443617499655e+01 1.143162629460399149e-01
1.675194546170121868e+01 1.142194895777613184e-01
1.676156648722743725e+01 1.141804405079852036e-01
1.677118751275365938e+01 1.141856114855953619e-01
1.678080853827987795e+01 1.141342702976839568e-01
1.679042956380610008e+01 1.139981390793464860e-01
1.680005058933231865e+01 1.138548046788266238e-01
1.680967161485854078e+01 1.137387434487496241e-01
1.681929264038476290e+01 1.136461706843603647e-01
1.682891366591098148e+01 1.135723464044404440e-01
1.683853469143720361e+01 1.135125306277712520e-01
1.684815571696342218e+01 1.134619833731344285e-01
1.685777674248964431e+01 1.134159646593115300e-01
1.686739776801586643e+01 1.133698025934383319e-01
1.687701879354208501e+01 1.133209821109918275e-01
1.688663981906830713e+01 1.132695354031366675e-01
1.689626084459452571e+01 1.132156415130771004e-01
1.690588187012074783e+01 1.131596105905404021e-01
1.691550289564696996e+01 1.131025475387841817e-01
1.692512392117318853e+01 1.130458551531945272e-01
1.693474494669941066e+01 1.129909269333103650e-01
1.694436597222563279e+01 1.129383762896238874e-01
1.695398699775185136e+01 1.128874827765181804e-01
1.696360802327807349e+01 1.128373952820553305e-01
1.697322904880429206e+01 1.127872626942975492e-01
1.698285007433051419e+01 1.127362339013069231e-01
1.699247109985673632e+01 1.126834577911456498e-01
1.700209212538295489e+01 1.126280832518758435e-01
1.701171315090917702e+01 1.125692591715596463e-01
1.702133417643539559e+01 1.125061595552935695e-01
1.703095520196161772e+01 1.124388643091932816e-01
1.704057622748783984e+01 1.123685908895418611e-01
1.705019725301405842e+01 1.122966289537994100e-01
1.705981827854028055e+01 1.122242681594260300e-01
1.706943930406649912e+01 1.121527978899264366e-01
1.707906032959272125e+01 1.120831803551913253e-01
1.708868135511894337e+01 1.120154167342791857e-01
1.709830238064516195e+01 1.119493326485869328e-01
1.710792340617138407e+01 1.118847537195115371e-01
1.711754443169760265e+01 1.118215055684499554e-01
1.712716545722382477e+01 1.117594138167991302e-01
1.713678648275004690e+01 1.116983040859559906e-01
1.714640750827626547e+01 1.116380019973175902e-01
1.715602853380248760e+01 1.115783033473220914e-01
1.716564955932870618e+01 1.115165144361048022e-01
1.717527058485492830e+01 1.114456152560037994e-01
1.718489161038115043e+01 1.113581530622961002e-01
1.719451263590736900e+01 1.112485103049308255e-01
1.720413366143359113e+01 1.111256479904573491e-01
1.721375468695981326e+01 1.110054808616689065e-01
1.722337571248603183e+01 1.109039665273795078e-01
1.723299673801225396e+01 1.108370625964030659e-01
1.724261776353847253e+01 1.108207266775535077e-01
1.725223878906469466e+01 1.108709163796447461e-01
1.726185981459091678e+01 1.109868845970793938e-01
1.727148084011713536e+01 1.110327642116847868e-01
1.728110186564335748e+01 1.108769079982446781e-01
1.729072289116957606e+01 1.106450399211597879e-01
1.730034391669579819e+01 1.104582423551707521e-01
1.730996494222202031e+01 1.103219157660821209e-01
1.731958596774823889e+01 1.102294367887623333e-01
1.732920699327446101e+01 1.101741820580795922e-01
1.733882801880067959e+01 1.101495282089022254e-01
1.734844904432690171e+01 1.101488518760985608e-01
1.735807006985312384e+01 1.101655296945369400e-01
1.736769109537934241e+01 1.101929382990856215e-01
1.737731212090556454e+01 1.102244543246129332e-01
1.738693314643178311e+01 1.102534544059871752e-01
1.739655417195800524e+01 1.102740168186412822e-01
1.740617519748422737e+01 1.102847511681424447e-01
1.741579622301044594e+01 1.102860675699724458e-01
1.742541724853666807e+01 1.102783807167095759e-01
1.743503827406289020e+01 1.102621053009321395e-01
1.744465929958910877e+01 1.102376560152183854e-01
1.745428032511533090e+01 1.102054475521466181e-01
1.746390135064154947e+01 1.101658946042951143e-01
1.747352237616777160e+01 1.101194118642420949e-01
1.748314340169399372e+01 1.100664140245659478e-01
1.749276442722021230e+01 1.100073157778448524e-01
1.750238545274643442e+01 1.099425318166571408e-01
1.751200647827265300e+01 1.098724768335811036e-01
1.752162750379887513e+01 1.097975655211949758e-01
1.753124852932509725e+01 1.097182125720770618e-01
1.754086955485131583e+01 1.096348326788056660e-01
1.755049058037753795e+01 1.095478405339590233e-01
1.756011160590375653e+01 1.094577928367883035e-01
1.756973263142997865e+01 1.093675479879406970e-01
1.757935365695620078e+01 1.092818312911413847e-01
1.758897468248241935e+01 1.092054219004475052e-01
1.759859570800864148e+01 1.091430989699160026e-01
1.760821673353486005e+01 1.090993830684899302e-01
1.761783775906108218e+01 1.090704619687661719e-01
1.762745878458730431e+01 1.090426003027652052e-01
1.763707981011352288e+01 1.090014830079066577e-01
1.764670083563974501e+01 1.089376625022409756e-01
1.765632186116596358e+01 1.088605949644109033e-01
1.766594288669218571e+01 1.087843250650595839e-01
1.767556391221840784e+01 1.087222747853328619e-01
1.768518493774462641e+01 1.086782827473758845e-01
1.769480596327084854e+01 1.086486717858897721e-01
1.770442698879707066e+01 1.086295632312565401e-01
1.771404801432328924e+01 1.086170784138581064e-01
1.772366903984951136e+01 1.086073386640764721e-01
1.773329006537572994e+01 1.085964653122935830e-01
1.774291109090195206e+01 1.085809355917866925e-01
1.775253211642817419e+01 1.085600501806725515e-01
1.776215314195439277e+01 1.085344549521728846e-01
1.777177416748061489e+01 1.085048040332491776e-01
1.778139519300683347e+01 1.084717515508630270e-01
1.779101621853305559e+01 1.084359516319759048e-01
1.780063724405927772e+01 1.083980584035494771e-01
1.781025826958549629e+01 1.083587259925452434e-01
1.781987929511171842e+01 1.083186085259247172e-01
1.782950032063793699e+01 1.082783601306495508e-01
1.783912134616415912e+01 1.082386349336812020e-01
1.784874237169038125e+01 1.082000870619812954e-01
1.785836339721659982e+01 1.081633706425113306e-01
1.786798442274282195e+01 1.081291377228213030e-01
1.787760544826904052e+01 1.080977075068457610e-01
1.788722647379526265e+01 1.080687036818361868e-01
1.789684749932148478e+01 1.080416627192483936e-01
1.790646852484770335e+01 1.080161210905381669e-01
1.791608955037392548e+01 1.079916152671613061e-01
1.792571057590014760e+01 1.079676817205736244e-01
1.793533160142636618e+01 1.079438569222309491e-01
1.794495262695258830e+01 1.079196773435890377e-01
1.795457365247880688e+01 1.078946794561037176e-01
1.796419467800502900e+01 1.078683997312307324e-01
1.797381570353125113e+01 1.078403746404259789e-01
1.798343672905746971e+01 1.078101406551452146e-01
1.799305775458369183e+01 1.077772342468441974e-01
1.800267878010991041e+01 1.077411918869787683e-01
1.801229980563613253e+01 1.077015500470047127e-01
1.802192083116235466e+01 1.076578451983778301e-01
1.803154185668857323e+01 1.076096138125539892e-01
1.804116288221479536e+01 1.075563923609888645e-01
1.805078390774101393e+01 1.074983968954150854e-01
1.806040493326723606e+01 1.074418409664447682e-01
1.807002595879345819e+01 1.073960615791430956e-01
1.807964698431967676e+01 1.073702013107381142e-01
1.808926800984589889e+01 1.073650868129591152e-01
1.809888903537211746e+01 1.073709056332890488e-01
1.810851006089833959e+01 1.073771512264845157e-01
1.811813108642456172e+01 1.073757121406072740e-01
1.812775211195078029e+01 1.073662120189133179e-01
1.813737313747700242e+01 1.073498331081859380e-01
1.814699416300322099e+01 1.073277576552083973e-01
1.815661518852944312e+01 1.073011679067640139e-01
1.816623621405566524e+01 1.072712461096360509e-01
1.817585723958188382e+01 1.072391745106077848e-01
1.818547826510810594e+01 1.072061353564625064e-01
1.819509929063432807e+01 1.071733108939835338e-01
1.820472031616054664e+01 1.071418831177503583e-01
1.821434134168676877e+01 1.071127378141263353e-01
1.822396236721298735e+01 1.070858923176434135e-01
1.823358339273920947e+01 1.070612056265637102e-01
1.824320441826543160e+01 1.070385367391494258e-01
1.825282544379165017e+01 1.070177446536627608e-01
1.826244646931787230e+01 1.069986883683659434e-01
1.827206749484409087e+01 1.069812268815211465e-01
1.828168852037031300e+01 1.069652191913905565e-01
1.829130954589653513e+01 1.069505242962364572e-01
1.830093057142275370e+01 1.069370011943209520e-01
1.831055159694897583e+01 1.069245088839062829e-01
1.832017262247519440e+01 1.069129063632546783e-01
1.832979364800141653e+01 1.069020526306282692e-01
1.833941467352763866e+01 1.068918066842892839e-01
1.834903569905385723e+01 1.068820275224999783e-01
1.835865672458007936e+01 1.068725741435224419e-01
1.836827775010629793e+01 1.068633055456189862e-01
1.837789877563252006e+01 1.068540807270517423e-01
1.838751980115874218e+01 1.068447586860829523e-01
1.839714082668496076e+01 1.068351984209747613e-01
1.840676185221118288e+01 1.068252589299894389e-01
1.841638287773740501e+01 1.068147992113891165e-01
1.842600390326362358e+01 1.068036782634360776e-01
1.843562492878984571e+01 1.067917550843924535e-01
1.844524595431606429e+01 1.067788886725204445e-01
1.845486697984228641e+01 1.067649380260822511e-01
1.846448800536850854e+01 1.067497621433401433e-01
1.847410903089472711e+01 1.067332211464782632e-01
1.848373005642094924e+01 1.067157201896959118e-01
1.849335108194716781e+01 1.066990842302328601e-01
1.850297210747338994e+01 1.066853664866199286e-01
1.851259313299961207e+01 1.066762659328484297e-01
1.852221415852583064e+01 1.066714618975728862e-01
1.853183518405205277e+01 1.066699190331921870e-01
1.854145620957827134e+01 1.066706011631130546e-01
1.855107723510449347e+01 1.066724721107424473e-01
1.856069826063071559e+01 1.066744956994871846e-01
1.857031928615693417e+01 1.066756457247694662e-01
1.857994031168315630e+01 1.066753501052204872e-01
1.858956133720937487e+01 1.066736682982926954e-01
1.859918236273559700e+01 1.066707064307867714e-01
1.860880338826181912e+01 1.066665706295032712e-01
1.861842441378803770e+01 1.066613670212427922e-01
1.862804543931425982e+01 1.066552017328058904e-01
1.863766646484047840e+01 1.066481808909932050e-01
1.864728749036670052e+01 1.066404106226053611e-01
1.865690851589292265e+01 1.066319970544429147e-01
1.866652954141914122e+01 1.066230463133064632e-01
1.867615056694536335e+01 1.066136645259965765e-01
1.868577159247158548e+01 1.066039578193138798e-01
1.869539261799780405e+01 1.065940323200589984e-01
1.870501364352402618e+01 1.065839941550324743e-01
1.871463466905024475e+01 1.065739494510348911e-01
1.872425569457646688e+01 1.065640043348669158e-01
1.873387672010268901e+01 1.065542649333290903e-01
1.874349774562890758e+01 1.065448373732220122e-01
1.875311877115512971e+01 1.065358277813462651e-01
1.876273979668134828e+01 1.065273422845025020e-01
1.877236082220757041e+01 1.065194870094912649e-01
1.878198184773379253e+01 1.065123680831131653e-01
1.879160287326001111e+01 1.065060916321687867e-01
1.880122389878623324e+01 1.065007637834587684e-01
1.881084492431245181e+01 1.064964906637836245e-01
1.882046594983867394e+01 1.064933783999440220e-01
1.883008697536489606e+01 1.064915331187405306e-01
1.883970800089111464e+01 1.064910609469737757e-01
1.884932902641733676e+01 1.064920680114442852e-01
1.885895005194355534e+01 1.064946604389526985e-01
1.886857107746977746e+01 1.064989443562995713e-01
1.887819210299599959e+01 1.065050258902855984e-01
1.888781312852221816e+01 1.065130111677112662e-01
1.889743415404844029e+01 1.065230063153772277e-01
1.890705517957466242e+01 1.065351174600840389e-01
1.891667620510088099e+01 1.065494507286323111e-01
1.892629723062710312e+01 1.065661028779728292e-01
1.893591825615332169e+01 1.065847250980834771e-01
1.894553928167954382e+01 1.066043377723899094e-01
1.895516030720576595e+01 1.066239145197169225e-01
1.896478133273198452e+01 1.066427146378202961e-01
1.897440235825820665e+01 1.066606674005110694e-01
1.898402338378442522e+01 1.066777980094633926e-01
1.899364440931064735e+01 1.066941316663514161e-01
1.900326543483686947e+01 1.067096935728493595e-01
1.901288646036308805e+01 1.067245089306313177e-01
1.902250748588931017e+01 1.067386029413714132e-01
1.903212851141552875e+01 1.067520008067439075e-01
1.904174953694175088e+01 1.067647277284229090e-01
1.905137056246797300e+01 1.067768089080825822e-01
1.906099158799419158e+01 1.067882695473970217e-01
1.907061261352041370e+01 1.067991348480404890e-01
1.908023363904663228e+01 1.068094300116870371e-01
1.908985466457285440e+01 1.068191802400108581e-01
1.909947569009907653e+01 1.068284107346861439e-01
1.910909671562529510e+01 1.068371466973870310e-01
1.911871774115151723e+01 1.068454133297876973e-01
1.912833876667773936e+01 1.068532358335622240e-01
1.913795979220395793e+01 1.068606394103848445e-01
1.914758081773018006e+01 1.068676492619297230e-01
1.915720184325639863e+01 1.068742905898709128e-01
1.916682286878262076e+01 1.068805885958826890e-01
1.917644389430884289e+01 1.068865684816391604e-01
1.918606491983506146e+01 1.068922554488145049e-01
1.919568594536128359e+01 1.068976746990828175e-01
1.920530697088750216e+01 1.069028514341183317e-01
1.921492799641372429e+01 1.069078108555951562e-01
1.922454902193994641e+01 1.069125781651874552e-01
1.923417004746616499e+01 1.069171785645693928e-01
1.924379107299238711e+01 1.069216372554151195e-01
1.925341209851860569e+01 1.069259794393987995e-01
1.926303312404482782e+01 1.069302303181945829e-01
1.927265414957104994e+01 1.069344150934766480e-01
1.928227517509726852e+01 1.069385589669191172e-01
1.929189620062349064e+01 1.069426871401961826e-01
1.930151722614970922e+01 1.069468248149819389e-01
1.931113825167593134e+01 1.069509971929506337e-01
1.932075927720215347e+01 1.069552294757763616e-01
1.933038030272837204e+01 1.069595468651332870e-01
1.934000132825459417e+01 1.069639745626955463e-01
1.934962235378081274e+01 1.069685377701373868e-01
1.935924337930703487e+01 1.069732616891328342e-01
1.936886440483325700e+01 1.069781715213561774e-01
1.937848543035947557e+01 1.069832924684814557e-01
1.938810645588569770e+01 1.069886497321829166e-01
1.939772748141191983e+01 1.069942685141346550e-01
1.940734850693813840e+01 1.070001740160108766e-01
1.941696953246436053e+01 1.070063914394856902e-01
1.942659055799057910e+01 1.070129459862332877e-01
1.943621158351680123e+01 1.070198628579278333e-01
1.944583260904302335e+01 1.070271672562434634e-01
1.945545363456924193e+01 1.070348843828543006e-01
1.946507466009546405e+01 1.070430394394345369e-01
1.947469568562168263e+01 1.070516576276583642e-01
1.948431671114790475e+01 1.070607641491998774e-01
1.949393773667412688e+01 1.070703842057332683e-01
1.950355876220034546e+01 1.070805429989326873e-01
1.951317978772656758e+01 1.070912657304722987e-01
1.952280081325278616e+01 1.071025776020262110e-01
1.953242183877900828e+01 1.071145038152686302e-01
1.954204286430523041e+01 1.071270695718737759e-01
1.955166388983144898e+01 1.071403000735156319e-01
1.956128491535767111e+01 1.071542205218685151e-01
1.957090594088388968e+01 1.071688561186065064e-01
1.958052696641011181e+01 1.071842320654037839e-01
1.959014799193633394e+01 1.072003735639344840e-01
1.959976901746255251e+01 1.072173058158727849e-01
1.960939004298877464e+01 1.072350540228928506e-01
1.961901106851499677e+01 1.072536433866688177e-01
1.962863209404121534e+01 1.072730991088748226e-01
1.963825311956743747e+01 1.072934463911850989e-01
1.964787414509365604e+01 1.073147104352737136e-01
1.965749517061987817e+01 1.073369164428148587e-01
1.966711619614610029e+01 1.073600896154827261e-01
1.967673722167231887e+01 1.073842551549514385e-01
1.968635824719854099e+01 1.074094382628951183e-01
1.969597927272475957e+01 1.074356641409879715e-01
1.970560029825098169e+01 1.074629579909041482e-01
1.971522132377720382e+01 1.074913450143178545e-01
1.972484234930342240e+01 1.075208504129031156e-01
1.973446337482964452e+01 1.075514993883342207e-01
1.974408440035586310e+01 1.075833171422852091e-01
1.975370542588208522e+01 1.076163288764303422e-01
1.976332645140830735e+01 1.076505597924437702e-01
1.977294747693452592e+01 1.076860350919995463e-01
1.978256850246074805e+01 1.077227799767719457e-01
1.979218952798696662e+01 1.077608196484350356e-01
