7.618010371223582489e-01 1.923572093027750229e+00
7.702944218175038493e-01 1.916429687790043079e+00
7.787878065126494498e-01 1.909249948570492794e+00
7.872811912077949392e-01 1.902033955360233675e+00
7.957745759029405397e-01 1.894782785823816873e+00
8.042679605980861401e-01 1.887497515005591930e+00
8.127613452932317406e-01 1.880179215040139962e+00
8.212547299883772300e-01 1.872828954866794460e+00
8.297481146835228305e-01 1.865447799948366958e+00
8.382414993786684310e-01 1.858036811994251858e+00
8.467348840738140314e-01 1.850597048687867119e+00
8.552282687689595209e-01 1.843129563418649530e+00
8.637216534641051213e-01 1.835635405018597455e+00
8.722150381592507218e-01 1.828115617503525137e+00
8.807084228543963222e-01 1.820571239819020803e+00
8.892018075495418117e-01 1.813003305591238679e+00
8.976951922446874121e-01 1.805412842882601065e+00
9.061885769398330126e-01 1.797800873952427825e+00
9.146819616349786131e-01 1.790168415022607151e+00
9.231753463301242135e-01 1.782516476048337184e+00
9.316687310252697030e-01 1.774846060493993294e+00
9.401621157204153034e-01 1.767158165114202539e+00
9.486555004155609039e-01 1.759453779740120183e+00
9.571488851107063933e-01 1.751733887071008411e+00
9.656422698058519938e-01 1.743999462471107043e+00
9.741356545009975942e-01 1.736251473771872389e+00
9.826290391961431947e-01 1.728490881079588704e+00
9.911224238912887952e-01 1.720718636588387751e+00
9.996158085864343956e-01 1.712935684398711134e+00
1.008109193281579996e+00 1.705142960341221592e+00
1.016602577976725374e+00 1.697341391806189259e+00
1.025095962671870975e+00 1.689531897578365305e+00
1.033589347367016575e+00 1.681715387677345630e+00
1.042082732062162176e+00 1.673892763203447931e+00
1.050576116757307776e+00 1.666064916189079481e+00
1.059069501452453377e+00 1.658232729455622723e+00
1.067562886147598977e+00 1.650397076475814684e+00
1.076056270842744578e+00 1.642558821241620892e+00
1.084549655537890178e+00 1.634718818137592677e+00
1.093043040233035779e+00 1.626877911819694100e+00
1.101536424928181157e+00 1.619036937099581186e+00
1.110029809623326758e+00 1.611196718834311925e+00
1.118523194318472358e+00 1.603358071821467945e+00
1.127016579013617958e+00 1.595521800699656989e+00
1.135509963708763559e+00 1.587688699854369334e+00
1.144003348403909159e+00 1.579859553329159727e+00
1.152496733099054538e+00 1.572035134742112650e+00
1.160990117794200138e+00 1.564216207207560050e+00
1.169483502489345739e+00 1.556403523263010014e+00
1.177976887184491339e+00 1.548597824801244416e+00
1.186470271879636940e+00 1.540799843007531145e+00
1.194963656574782540e+00 1.533010298301924479e+00
1.203457041269928141e+00 1.525229900286580120e+00
1.211950425965073741e+00 1.517459347698048910e+00
1.220443810660219341e+00 1.509699328364488835e+00
1.228937195355364942e+00 1.501950519167735587e+00
1.237430580050510542e+00 1.494213586010186390e+00
1.245923964745655921e+00 1.486489183786415813e+00
1.254417349440801521e+00 1.478777956359481172e+00
1.262910734135947122e+00 1.471080536541842676e+00
1.271404118831092722e+00 1.463397546080833722e+00
1.279897503526238323e+00 1.455729595648616481e+00
1.288390888221383701e+00 1.448077284836549739e+00
1.296884272916529302e+00 1.440441202153902367e+00
1.305377657611674902e+00 1.432821925030837606e+00
1.313871042306820502e+00 1.425220019825597317e+00
1.322364427001966103e+00 1.417636041835805605e+00
1.330857811697111703e+00 1.410070535313826534e+00
1.339351196392257304e+00 1.402524033486085120e+00
1.347844581087402904e+00 1.394997058576286975e+00
1.356337965782548505e+00 1.387490121832448242e+00
1.364831350477694105e+00 1.380003723557660100e+00
1.373324735172839706e+00 1.372538353144505008e+00
1.381818119867985306e+00 1.365094489113047649e+00
1.390311504563130907e+00 1.357672599152311532e+00
1.398804889258276285e+00 1.350273140165161978e+00
1.407298273953421885e+00 1.342896558316516664e+00
1.415791658648567486e+00 1.335543289084790253e+00
1.424285043343713086e+00 1.328213757316499377e+00
1.432778428038858465e+00 1.320908377283933399e+00
1.441271812734004065e+00 1.313627552745815663e+00
1.449765197429149666e+00 1.306371677010866872e+00
1.458258582124295266e+00 1.299141133004177995e+00
1.466751966819440867e+00 1.291936293336323427e+00
1.475245351514586467e+00 1.284757520375114703e+00
1.483738736209732068e+00 1.277605166319915941e+00
1.492232120904877668e+00 1.270479573278438634e+00
1.500725505600023268e+00 1.263381073345928085e+00
1.509218890295168869e+00 1.256309988686651335e+00
1.517712274990314469e+00 1.249266631617617751e+00
1.526205659685460070e+00 1.242251304694431902e+00
1.534699044380605670e+00 1.235264300799204573e+00
1.543192429075751049e+00 1.228305903230438201e+00
1.551685813770896649e+00 1.221376385794803454e+00
1.560179198466042250e+00 1.214476012900721935e+00
1.568672583161187850e+00 1.207605039653680601e+00
1.577165967856333451e+00 1.200763711953189317e+00
1.585659352551478829e+00 1.193952266591308486e+00
1.594152737246624429e+00 1.187170931352664605e+00
1.602646121941770030e+00 1.180419925115873570e+00
1.611139506636915630e+00 1.173699457956300485e+00
1.619632891332061231e+00 1.167009731250067572e+00
1.628126276027206831e+00 1.160350937779249136e+00
1.636619660722352432e+00 1.153723261838167868e+00
1.645113045417498032e+00 1.147126879340719219e+00
1.653606430112643633e+00 1.140561957928660330e+00
1.662099814807789233e+00 1.134028657080778046e+00
1.670593199502934834e+00 1.127527128222875596e+00
1.679086584198080434e+00 1.121057514838502023e+00
1.687579968893225812e+00 1.114619952580360840e+00
1.696073353588371413e+00 1.108214569382324433e+00
1.704566738283517013e+00 1.101841485571991575e+00
1.713060122978662614e+00 1.095500813983723232e+00
1.721553507673808214e+00 1.089192660072088925e+00
1.730046892368953593e+00 1.082917122025666146e+00
1.738540277064099193e+00 1.076674290881121765e+00
1.747033661759244794e+00 1.070464250637531034e+00
1.755527046454390394e+00 1.064287078370854234e+00
1.764020431149535995e+00 1.058142844348530343e+00
1.772513815844681595e+00 1.052031612144127326e+00
1.781007200539827195e+00 1.045953438751979103e+00
1.789500585234972796e+00 1.039908374701782323e+00
1.797993969930118396e+00 1.033896464173071905e+00
1.806487354625263997e+00 1.027917745109542702e+00
1.814980739320409375e+00 1.021972249333161775e+00
1.823474124015554976e+00 1.016060002658017769e+00
1.831967508710700576e+00 1.010181025003866973e+00
1.840460893405846177e+00 1.004335330509324997e+00
1.848954278100991777e+00 9.985229276446617730e-01
1.857447662796137378e+00 9.927438193241515663e-01
1.865941047491282978e+00 9.869980030179458241e-01
1.874434432186428579e+00 9.812854708634147771e-01
1.882927816881574179e+00 9.756062097759293783e-01
1.891421201576719557e+00 9.699602015590363946e-01
1.899914586271865158e+00 9.643474230139963410e-01
1.908407970967010758e+00 9.587678460486457332e-01
1.916901355662156359e+00 9.532214377855469101e-01
1.925394740357301959e+00 9.477081606693962268e-01
1.933888125052447560e+00 9.422279725736564249e-01
1.942381509747593160e+00 9.367808269063812032e-01
1.950874894442738761e+00 9.313666727152063451e-01
1.959368279137884139e+00 9.259854547914750933e-01
1.967861663833029739e+00 9.206371137734717935e-01
1.976355048528175340e+00 9.153215862487410481e-01
1.984848433223320940e+00 9.100388048554629572e-01
1.993341817918466541e+00 9.047886983828631324e-01
2.001835202613611919e+00 8.995711918706371657e-01
2.010328587308757520e+00 8.943862067073634625e-01
2.018821972003903120e+00 8.892336607278904514e-01
2.027315356699048721e+00 8.841134683096729674e-01
2.035808741394194321e+00 8.790255404680452633e-01
2.044302126089339922e+00 8.739697849504114435e-01
2.052795510784485522e+00 8.689461063293354437e-01
2.061288895479631122e+00 8.639544060945215653e-01
2.069782280174776723e+00 8.589945827436661352e-01
2.078275664869922323e+00 8.540665318721707422e-01
2.086769049565067924e+00 8.491701462617066154e-01
2.095262434260213524e+00 8.443053159676132680e-01
2.103755818955359125e+00 8.394719284051297414e-01
2.112249203650504725e+00 8.346698684344459052e-01
2.120742588345650326e+00 8.298990184445627083e-01
2.129235973040795926e+00 8.251592584359603855e-01
2.137729357735941527e+00 8.204504661020638467e-01
2.146222742431087127e+00 8.157725169095044748e-01
2.154716127126232728e+00 8.111252841771662281e-01
2.163209511821378328e+00 8.065086391540216004e-01
2.171702896516523928e+00 8.019224510957492225e-01
2.180196281211669085e+00 7.973665873401301063e-01
2.188689665906814685e+00 7.928409133812246434e-01
2.197183050601960286e+00 7.883452929423271360e-01
2.205676435297105886e+00 7.838795880477008593e-01
2.214169819992251487e+00 7.794436590930893249e-01
2.222663204687397087e+00 7.750373649150097410e-01
2.231156589382542688e+00 7.706605628588301116e-01
2.239649974077688288e+00 7.663131088456296425e-01
2.248143358772833444e+00 7.619948574378500039e-01
2.256636743467979045e+00 7.577056619037357832e-01
2.265130128163124645e+00 7.534453742805760079e-01
2.273623512858270246e+00 7.492138454367451850e-01
2.282116897553415846e+00 7.450109251325502946e-01
2.290610282248561447e+00 7.408364620798950639e-01
2.299103666943707047e+00 7.366903040007584114e-01
2.307597051638852648e+00 7.325722976845070455e-01
2.316090436333998248e+00 7.284822890440341148e-01
2.324583821029143849e+00 7.244201231707454447e-01
2.333077205724289449e+00 7.203856443883941418e-01
2.341570590419435050e+00 7.163786963057728885e-01
2.350063975114580650e+00 7.123991218682759197e-01
2.358557359809726250e+00 7.084467634083359000e-01
2.367050744504871851e+00 7.045214626947495784e-01
2.375544129200017451e+00 7.006230609808988818e-01
2.384037513895163052e+00 6.967513990518793277e-01
2.392530898590308652e+00 6.929063172705469675e-01
2.401024283285454253e+00 6.890876556224919680e-01
2.409517667980599853e+00 6.852952537599537042e-01
2.418011052675745454e+00 6.815289510446868038e-01
2.426504437370891054e+00 6.777885865897873563e-01
2.434997822066036655e+00 6.740739993004977171e-01
2.443491206761182255e+00 6.703850279139937918e-01
2.451984591456327855e+00 6.667215110381741194e-01
2.460477976151473456e+00 6.630832871894571934e-01
2.468971360846618612e+00 6.594701948296051164e-01
2.477464745541764213e+00 6.558820724015804737e-01
2.485958130236909813e+00 6.523187583644554088e-01
2.494451514932055414e+00 6.487800912273806730e-01
2.502944899627201014e+00 6.452659095826290825e-01
2.511438284322346615e+00 6.417760521377293692e-01
2.519931669017492215e+00 6.383103577466986422e-01
2.528425053712637816e+00 6.348686654403907781e-01
2.536918438407783416e+00 6.314508144559735081e-01
2.545411823102928572e+00 6.280566442655443060e-01
2.553905207798074173e+00 6.246859946039023948e-01
2.562398592493219773e+00 6.213387054954890854e-01
2.570891977188365374e+00 6.180146172805093263e-01
2.579385361883510974e+00 6.147135706402470090e-01
2.587878746578656575e+00 6.114354066215902384e-01
2.596372131273802175e+00 6.081799666607781152e-01
2.604865515968947776e+00 6.049470926063820198e-01
2.613358900664093376e+00 6.017366267415369396e-01
2.621852285359238977e+00 5.985484118054338332e-01
2.630345670054384577e+00 5.953822910140876834e-01
2.638839054749530177e+00 5.922381080803942321e-01
2.647332439444675778e+00 5.891157072334893829e-01
2.655825824139821378e+00 5.860149332374231523e-01
2.664319208834966979e+00 5.829356314091613811e-01
2.672812593530112579e+00 5.798776476359299714e-01
2.681305978225258180e+00 5.768408283919121970e-01
2.689799362920403780e+00 5.738250207543134085e-01
2.698292747615549381e+00 5.708300724188070108e-01
2.706786132310694981e+00 5.678558317143702627e-01
2.715279517005840582e+00 5.649021476175283274e-01
2.723772901700986182e+00 5.619688697660125687e-01
2.732266286396131783e+00 5.590558484718528565e-01
2.740759671091277383e+00 5.561629347339077656e-01
2.749253055786422983e+00 5.532899802498530972e-01
2.757746440481568140e+00 5.504368374276343845e-01
2.766239825176713740e+00 5.476033593963975932e-01
2.774733209871859341e+00 5.447894000169121176e-01
2.783226594567004941e+00 5.419948138914925106e-01
2.791719979262150542e+00 5.392194563734361568e-01
2.800213363957296142e+00 5.364631835759827716e-01
2.808706748652441743e+00 5.337258523808119381e-01
2.817200133347587343e+00 5.310073204460872276e-01
2.825693518042732943e+00 5.283074462140562311e-01
2.834186902737878544e+00 5.256260889182212681e-01
2.842680287433024144e+00 5.229631085900882104e-01
2.851173672128169745e+00 5.203183660655058551e-01
2.859667056823315345e+00 5.176917229906049522e-01
2.868160441518460502e+00 5.150830418273472100e-01
2.876653826213606102e+00 5.124921858586953816e-01
2.885147210908751703e+00 5.099190191934127592e-01
2.893640595603897303e+00 5.073634067705045103e-01
2.902133980299042904e+00 5.048252143633061850e-01
2.910627364994188504e+00 5.023043085832329391e-01
2.919120749689334104e+00 4.998005568831970780e-01
2.927614134384479705e+00 4.973138275607022485e-01
2.936107519079625305e+00 4.948439897606251581e-01
2.944600903774770906e+00 4.923909134776917607e-01
2.953094288469916506e+00 4.899544695586582344e-01
2.961587673165062107e+00 4.875345297042038006e-01
2.970081057860207707e+00 4.851309664705444891e-01
2.978574442555353308e+00 4.827436532707780614e-01
2.987067827250498908e+00 4.803724643759618718e-01
2.995561211945644509e+00 4.780172749159404266e-01
3.004054596640790109e+00 4.756779608799229786e-01
3.012547981335935265e+00 4.733543991168229770e-01
3.021041366031080866e+00 4.710464673353644272e-01
3.029534750726226466e+00 4.687540441039647621e-01
3.038028135421372067e+00 4.664770088503998324e-01
3.046521520116517667e+00 4.642152418612572329e-01
3.055014904811663268e+00 4.619686242811881782e-01
3.063508289506808868e+00 4.597370381119608163e-01
3.072001674201954469e+00 4.575203662113235259e-01
3.080495058897100069e+00 4.553184922916859723e-01
3.088988443592245670e+00 4.531313009186202501e-01
3.097481828287391270e+00 4.509586775091929955e-01
3.105975212982536870e+00 4.488005083301303544e-01
3.114468597677682471e+00 4.466566804958259640e-01
3.122961982372828071e+00 4.445270819661927275e-01
3.131455367067973672e+00 4.424116015443689265e-01
3.139948751763119272e+00 4.403101288742808372e-01
3.148442136458264873e+00 4.382225544380685678e-01
3.156935521153410029e+00 4.361487695533809439e-01
3.165428905848555630e+00 4.340886663705420534e-01
3.173922290543701230e+00 4.320421378695988857e-01
3.182415675238846831e+00 4.300090778572498995e-01
3.190909059933992431e+00 4.279893809636629021e-01
3.199402444629138031e+00 4.259829426391863461e-01
3.207895829324283632e+00 4.239896591509561552e-01
3.216389214019429232e+00 4.220094275794065153e-01
3.224882598714574833e+00 4.200421458146846865e-01
3.233375983409720433e+00 4.180877125529778304e-01
3.241869368104866034e+00 4.161460272927536286e-01
3.250362752800011634e+00 4.142169903309186330e-01
3.258856137495157235e+00 4.123005027589004556e-01
3.267349522190302835e+00 4.103964664586539079e-01
3.275842906885448436e+00 4.085047840985998047e-01
3.284336291580594036e+00 4.066253591294935466e-01
3.292829676275739637e+00 4.047580957802341395e-01
3.301323060970884793e+00 4.029028990536107080e-01
3.309816445666030393e+00 4.010596747219937197e-01
3.318309830361175994e+00 3.992283293229733632e-01
3.326803215056321594e+00 3.974087701549464113e-01
3.335296599751467195e+00 3.956009052726573438e-01
3.343789984446612795e+00 3.938046434826939501e-01
3.352283369141758396e+00 3.920198943389428536e-01
3.360776753836903996e+00 3.902465681380058449e-01
3.369270138532049597e+00 3.884845759145797994e-01
3.377763523227195197e+00 3.867338294368043439e-01
3.386256907922340798e+00 3.849942412015781024e-01
3.394750292617486398e+00 3.832657244298463550e-01
3.403243677312631998e+00 3.815481930618636608e-01
3.411737062007777599e+00 3.798415617524317778e-01
3.420230446702923199e+00 3.781457458661174886e-01
3.428723831398068800e+00 3.764606614724489986e-01
3.437217216093214400e+00 3.747862253410981226e-01
3.445710600788359557e+00 3.731223549370443204e-01
3.454203985483505157e+00 3.714689684157272964e-01
3.462697370178650758e+00 3.698259846181886634e-01
3.471190754873796358e+00 3.681933230662020051e-01
3.479684139568941958e+00 3.665709039573980532e-01
3.488177524264087559e+00 3.649586481603806498e-01
3.496670908959233159e+00 3.633564772098417106e-01
3.505164293654378760e+00 3.617643133016706924e-01
3.513657678349524360e+00 3.601820792880642275e-01
3.522151063044669961e+00 3.586096986726360347e-01
3.530644447739815561e+00 3.570470956055270539e-01
3.539137832434961162e+00 3.554941948785212413e-01
3.547631217130106762e+00 3.539509219201632528e-01
3.556124601825252363e+00 3.524172027908823446e-01
3.564617986520397963e+00 3.508929641781251552e-01
3.573111371215543564e+00 3.493781333914931508e-01
3.581604755910689164e+00 3.478726383578923387e-01
3.590098140605834320e+00 3.463764076166916950e-01
3.598591525300979921e+00 3.448893703148930845e-01
3.607084909996125521e+00 3.434114562023138917e-01
3.615578294691271122e+00 3.419425956267828637e-01
3.624071679386416722e+00 3.404827195293502751e-01
3.632565064081562323e+00 3.390317594395129697e-01
3.641058448776707923e+00 3.375896474704561112e-01
3.649551833471853524e+00 3.361563163143099220e-01
3.658045218166999124e+00 3.347316992374270717e-01
3.666538602862144725e+00 3.333157300756756092e-01
3.675031987557290325e+00 3.319083432297521008e-01
3.683525372252435925e+00 3.305094736605147521e-01
3.692018756947581526e+00 3.291190568843365138e-01
3.700512141642727126e+00 3.277370289684790605e-01
3.709005526337872727e+00 3.263633265264890282e-01
3.717498911033018327e+00 3.249978867136156246e-01
3.725992295728163928e+00 3.236406472222516095e-01
3.734485680423309084e+00 3.222915462773966455e-01
3.742979065118454685e+00 3.209505226321455185e-01
3.751472449813600285e+00 3.196175155631997278e-01
3.759965834508745886e+00 3.182924648664030576e-01
3.768459219203891486e+00 3.169753108523035157e-01
3.776952603899037086e+00 3.156659943417396419e-01
3.785445988594182687e+00 3.143644566614528513e-01
3.793939373289328287e+00 3.130706396397257008e-01
3.802432757984473888e+00 3.117844856020466349e-01
3.810926142679619488e+00 3.105059373668012102e-01
3.819419527374765089e+00 3.092349382409904646e-01
3.827912912069910689e+00 3.079714320159764318e-01
3.836406296765056290e+00 3.067153629632550227e-01
3.844899681460201890e+00 3.054666758302566065e-01
3.853393066155347491e+00 3.042253158361742926e-01
3.861886450850493091e+00 3.029912286678208000e-01
3.870379835545638691e+00 3.017643604755123055e-01
3.878873220240783848e+00 3.005446578689824899e-01
3.887366604935929448e+00 2.993320679133233408e-01
3.895859989631075049e+00 2.981265381249557644e-01
3.904353374326220649e+00 2.969280164676283973e-01
3.912846759021366250e+00 2.957364513484451174e-01
3.921340143716511850e+00 2.945517916139223091e-01
3.929833528411657451e+00 2.933739865460742169e-01
3.938326913106803051e+00 2.922029858585274975e-01
3.946820297801948652e+00 2.910387396926656378e-01
3.955313682497094252e+00 2.898811986138015717e-01
3.963807067192239852e+00 2.887303136073802734e-01
3.972300451887385453e+00 2.875860360752097167e-01
3.980793836582531053e+00 2.864483178317218659e-01
3.989287221277676654e+00 2.853171111002620886e-01
3.997780605972822254e+00 2.841923685094084329e-01
4.006273990667967411e+00 2.830740430893199377e-01
4.014767375363113899e+00 2.819620882681128649e-01
4.023260760058258612e+00 2.808564578682691271e-01
4.031754144753404212e+00 2.797571061030689199e-01
4.040247529448549813e+00 2.786639875730575477e-01
4.048740914143695413e+00 2.775770572625375077e-01
4.057234298838841013e+00 2.764962705360907713e-01
4.065727683533986614e+00 2.754215831351303212e-01
4.074221068229132214e+00 2.743529511744790539e-01
4.082714452924277815e+00 2.732903311389788814e-01
4.091207837619423415e+00 2.722336798801265889e-01
4.099701222314569016e+00 2.711829546127401125e-01
4.108194607009714616e+00 2.701381129116514068e-01
4.116687991704860217e+00 2.690991127084285672e-01
4.125181376400005817e+00 2.680659122881255962e-01
4.133674761095151418e+00 2.670384702860602588e-01
4.142168145790297018e+00 2.660167456846199707e-01
4.150661530485442618e+00 2.650006978100950539e-01
4.159154915180588219e+00 2.639902863295399138e-01
4.167648299875733819e+00 2.629854712476617506e-01
4.176141684570879420e+00 2.619862129037358600e-01
4.184635069266024132e+00 2.609924719685496330e-01
4.193128453961170621e+00 2.600042094413713700e-01
4.201621838656315333e+00 2.590213866469490145e-01
4.210115223351461822e+00 2.580439652325317579e-01
4.218608608046606534e+00 2.570719071649223975e-01
4.227101992741753023e+00 2.561051747275526758e-01
4.235595377436897735e+00 2.551437305175874859e-01
4.244088762132044224e+00 2.541875374430522250e-01
4.252582146827188936e+00 2.532365587199906787e-01
4.261075531522335424e+00 2.522907578696428899e-01
4.269568916217480137e+00 2.513500987156542799e-01
4.278062300912626625e+00 2.504145453813054201e-01
4.286555685607771338e+00 2.494840622867717239e-01
4.295049070302917826e+00 2.485586141464033449e-01
4.303542454998062539e+00 2.476381659660342738e-01
4.312035839693209027e+00 2.467226830403136950e-01
4.320529224388353740e+00 2.458121309500634066e-01
4.329022609083499340e+00 2.449064755596573884e-01
4.337515993778644940e+00 2.440056830144289868e-01
4.346009378473790541e+00 2.431097197380994446e-01
4.354502763168936141e+00 2.422185524302312709e-01
4.362996147864081742e+00 2.413321480637053706e-01
4.371489532559227342e+00 2.404504738822217658e-01
4.379982917254372943e+00 2.395734973978232429e-01
4.388476301949518543e+00 2.387011863884427043e-01
4.396969686644664144e+00 2.378335088954730836e-01
4.405463071339809744e+00 2.369704332213606046e-01
4.413956456034955345e+00 2.361119279272197446e-01
4.422449840730100945e+00 2.352579618304715681e-01
4.430943225425246546e+00 2.344085040025043754e-01
4.439436610120392146e+00 2.335635237663553632e-01
4.447929994815537746e+00 2.327229906944150717e-01
4.456423379510683347e+00 2.318868746061537589e-01
4.464916764205828059e+00 2.310551455658689246e-01
4.473410148900974548e+00 2.302277738804533735e-01
4.481903533596119260e+00 2.294047300971866765e-01
4.490396918291265749e+00 2.285859850015449779e-01
4.498890302986410461e+00 2.277715096150345064e-01
4.507383687681556950e+00 2.269612751930420447e-01
4.515877072376701662e+00 2.261552532227104340e-01
4.524370457071848151e+00 2.253534154208300944e-01
4.532863841766992863e+00 2.245557337317535540e-01
4.541357226462139351e+00 2.237621803253284636e-01
4.549850611157284064e+00 2.229727275948512610e-01
4.558343995852430552e+00 2.221873481550395157e-01
4.566837380547575265e+00 2.214060148400247841e-01
4.575330765242721753e+00 2.206287007013633950e-01
4.583824149937866466e+00 2.198553790060679414e-01
4.592317534633012954e+00 2.190860232346559244e-01
4.600810919328157667e+00 2.183206070792188813e-01
4.609304304023303267e+00 2.175591044415082498e-01
4.617797688718448867e+00 2.168014894310416052e-01
4.626291073413594468e+00 2.160477363632251901e-01
4.634784458108740068e+00 2.152978197574960673e-01
4.643277842803885669e+00 2.145517143354813694e-01
4.651771227499031269e+00 2.138093950191752579e-01
4.660264612194176870e+00 2.130708369291338944e-01
4.668757996889322470e+00 2.123360153826875374e-01
4.677251381584468071e+00 2.116049058921696813e-01
4.685744766279613671e+00 2.108774841631637365e-01
4.694238150974759272e+00 2.101537260927664186e-01
4.702731535669904872e+00 2.094336077678679020e-01
4.711224920365050473e+00 2.087171054634480438e-01
4.719718305060196073e+00 2.080041956408906212e-01
4.728211689755341673e+00 2.072948549463117796e-01
4.736705074450487274e+00 2.065890602089063277e-01
4.745198459145632874e+00 2.058867884393088266e-01
4.753691843840778475e+00 2.051880168279715533e-01
4.762185228535923187e+00 2.044927227435573425e-01
4.770678613231069676e+00 2.038008837313478872e-01
4.779171997926214388e+00 2.031124775116688874e-01
4.787665382621360877e+00 2.024274819783278001e-01
4.796158767316505589e+00 2.017458751970694353e-01
4.804652152011652078e+00 2.010676354040443203e-01
4.813145536706796790e+00 2.003927410042937451e-01
4.821638921401943279e+00 1.997211705702474083e-01
4.830132306097087991e+00 1.990529028402375500e-01
4.838625690792234479e+00 1.983879167170257696e-01
4.847119075487379192e+00 1.977261912663460242e-01
4.855612460182525680e+00 1.970677057154588130e-01
4.864105844877670393e+00 1.964124394517229311e-01
4.872599229572816881e+00 1.957603720211774367e-01
4.881092614267961594e+00 1.951114831271406891e-01
4.889585998963108082e+00 1.944657526288193494e-01
4.898079383658252794e+00 1.938231605399346191e-01
4.906572768353399283e+00 1.931836870273582474e-01
4.915066153048543995e+00 1.925473124097643873e-01
4.923559537743690484e+00 1.919140171562923880e-01
4.932052922438835196e+00 1.912837818852244631e-01
4.940546307133981685e+00 1.906565873626741014e-01
4.949039691829126397e+00 1.900324145012887711e-01
4.957533076524272886e+00 1.894112443589638928e-01
4.966026461219417598e+00 1.887930581375707739e-01
4.974519845914562310e+00 1.881778371816942019e-01
4.983013230609708799e+00 1.875655629773850253e-01
4.991506615304853511e+00 1.869562171509233928e-01
5.000000000000000000e+00 1.863497814675932340e-01
