7.618010371223582489e-01 1.179109125151144299e+00
7.714220626485789323e-01 1.174362305122125694e+00
7.810430881747997267e-01 1.169581781351306304e+00
7.906641137010204101e-01 1.164768237783254889e+00
8.002851392272412046e-01 1.159922358362539763e+00
8.099061647534618880e-01 1.155044827033729904e+00
8.195271902796826824e-01 1.150136327741393405e+00
8.291482158059033658e-01 1.145197544430100356e+00
8.387692413321241602e-01 1.140229161044417960e+00
8.483902668583448436e-01 1.135231861528916086e+00
8.580112923845655271e-01 1.130206329828162604e+00
8.676323179107863215e-01 1.125153249886726936e+00
8.772533434370071159e-01 1.120073305649176509e+00
8.868743689632277993e-01 1.114967181060082080e+00
8.964953944894484827e-01 1.109835560064010407e+00
9.061164200156692772e-01 1.104679126605531136e+00
9.157374455418899606e-01 1.099498564629212360e+00
9.253584710681107550e-01 1.094294558079623725e+00
9.349794965943314384e-01 1.089067790901333099e+00
9.446005221205522329e-01 1.083818947038909464e+00
9.542215476467729163e-01 1.078548710436922242e+00
9.638425731729935997e-01 1.073257765039938416e+00
9.734635986992143941e-01 1.067946794792528076e+00
9.830846242254351885e-01 1.062616483639259757e+00
9.927056497516558720e-01 1.057267515524701773e+00
1.002326675277876555e+00 1.051900574393423105e+00
1.011947700804097350e+00 1.046516344189992065e+00
1.021568726330317922e+00 1.041115508858978078e+00
1.031189751856538717e+00 1.035698752344949014e+00
1.040810777382759511e+00 1.030266758592474297e+00
1.050431802908980305e+00 1.024820211546122239e+00
1.060052828435201100e+00 1.019359795150461601e+00
1.069673853961421672e+00 1.013886193350060694e+00
1.079294879487642467e+00 1.008400090089488943e+00
1.088915905013863261e+00 1.002902169313314662e+00
1.098536930540083834e+00 9.973931149661068307e-01
1.108157956066304628e+00 9.918736109924336519e-01
1.117778981592525422e+00 9.863443413368638835e-01
1.127400007118746217e+00 9.808059899439666163e-01
1.137021032644966789e+00 9.752592407583107192e-01
1.146642058171187584e+00 9.697047777244640621e-01
1.156263083697408378e+00 9.641432847869962908e-01
1.165884109223628951e+00 9.585754458904750530e-01
1.175505134749849745e+00 9.530019449794703279e-01
1.185126160276070539e+00 9.474234659985495410e-01
1.194747185802291334e+00 9.418406928922823385e-01
1.204368211328512128e+00 9.362543096052368119e-01
1.213989236854732701e+00 9.306650000819820523e-01
1.223610262380953495e+00 9.250734482670865955e-01
1.233231287907174067e+00 9.194803381051194213e-01
1.242852313433394862e+00 9.138863535406485106e-01
1.252473338959615656e+00 9.082921785182432872e-01
1.262094364485836451e+00 9.026984969824719540e-01
1.271715390012057245e+00 8.971059928779037129e-01
1.281336415538277818e+00 8.915153501491072108e-01
1.290957441064498612e+00 8.859272527406505393e-01
1.300578466590719184e+00 8.803423845971030115e-01
1.310199492116939979e+00 8.747614296630330522e-01
1.319820517643160773e+00 8.691850718817859534e-01
1.329441543169381568e+00 8.636139647615860282e-01
1.339062568695602362e+00 8.580486523413985989e-01
1.348683594221823157e+00 8.524896540570298109e-01
1.358304619748043729e+00 8.469374893442851437e-01
1.367925645274264523e+00 8.413926776389700768e-01
1.377546670800485096e+00 8.358557383768905336e-01
1.387167696326705890e+00 8.303271909938515494e-01
1.396788721852926685e+00 8.248075549256589367e-01
1.406409747379147479e+00 8.192973496081185081e-01
1.416030772905368273e+00 8.137970944770354098e-01
1.425651798431588846e+00 8.083073089682157875e-01
1.435272823957809640e+00 8.028285125174645653e-01
1.444893849484030213e+00 7.973612245605878890e-01
1.454514875010251007e+00 7.919059645333910158e-01
1.464135900536471802e+00 7.864632518716797582e-01
1.473756926062692596e+00 7.810336060112595957e-01
1.483377951588913390e+00 7.756175463879360077e-01
1.492998977115133963e+00 7.702155924375146956e-01
1.502620002641354757e+00 7.648282635958012499e-01
1.512241028167575330e+00 7.594560792986012610e-01
1.521862053693796124e+00 7.540995589817199862e-01
1.531483079220016918e+00 7.487592175233528380e-01
1.541104104746237713e+00 7.434355380995895102e-01
1.550725130272458507e+00 7.381289904174889172e-01
1.560346155798679302e+00 7.328400441349124383e-01
1.569967181324899874e+00 7.275691689097235626e-01
1.579588206851120669e+00 7.223168343997838914e-01
1.589209232377341241e+00 7.170835102629566915e-01
1.598830257903562035e+00 7.118696661571037865e-01
1.608451283429782830e+00 7.066757717400881100e-01
1.618072308956003624e+00 7.015022966697721518e-01
1.627693334482224419e+00 6.963497106040184015e-01
1.637314360008444991e+00 6.912184832006890156e-01
1.646935385534665786e+00 6.861090841176469279e-01
1.656556411060886358e+00 6.810219830127544061e-01
1.666177436587107152e+00 6.759576495438742727e-01
1.675798462113327947e+00 6.709165533688684624e-01
1.685419487639548741e+00 6.658991641455999089e-01
1.695040513165769536e+00 6.609059515319311018e-01
1.704661538691990108e+00 6.559373849980799642e-01
1.714282564218210902e+00 6.509938034118392114e-01
1.723903589744431475e+00 6.460751868165330869e-01
1.733524615270652269e+00 6.411814541715207261e-01
1.743145640796873064e+00 6.363125244361619304e-01
1.752766666323093858e+00 6.314683165698165013e-01
1.762387691849314653e+00 6.266487495318433520e-01
1.772008717375535225e+00 6.218537422816022842e-01
1.781629742901756019e+00 6.170832137784528770e-01
1.791250768427976814e+00 6.123370829817544880e-01
1.800871793954197386e+00 6.076152688508671407e-01
1.810492819480418181e+00 6.029176903451496372e-01
1.820113845006638975e+00 5.982442664239620012e-01
1.829734870532859770e+00 5.935949160466632568e-01
1.839355896059080342e+00 5.889695581726135387e-01
1.848976921585301136e+00 5.843681117611719822e-01
1.858597947111521931e+00 5.797904957716981666e-01
1.868218972637742725e+00 5.752366300100664187e-01
1.877839998163963298e+00 5.707065631764175473e-01
1.887461023690184092e+00 5.662006099756226041e-01
1.897082049216404886e+00 5.617191179820862912e-01
1.906703074742625459e+00 5.572624347702123115e-01
1.916324100268846253e+00 5.528309079144044791e-01
1.925945125795067048e+00 5.484248849890667188e-01
1.935566151321287842e+00 5.440447135686031777e-01
1.945187176847508415e+00 5.396907412274177807e-01
1.954808202373729209e+00 5.353633155399142307e-01
1.964429227899950003e+00 5.310627840804964528e-01
1.974050253426170798e+00 5.267894944235687049e-01
1.983671278952391370e+00 5.225437941435348010e-01
1.993292304478612165e+00 5.183260308147984441e-01
2.002913330004832737e+00 5.141365520117640031e-01
2.012534355531053532e+00 5.099757053088349590e-01
2.022155381057274326e+00 5.058438382804155697e-01
2.031776406583495120e+00 5.017412985009094273e-01
2.041397432109715915e+00 4.976684335447206786e-01
2.051018457635936265e+00 4.936255909862537483e-01
2.060639483162157504e+00 4.896131183999115621e-01
2.070260508688377854e+00 4.856313633600990998e-01
2.079881534214599093e+00 4.816806734412191204e-01
2.089502559740819443e+00 4.777613962176768814e-01
2.099123585267040237e+00 4.738738792638753083e-01
2.108744610793261032e+00 4.700184701542186594e-01
2.118365636319481382e+00 4.661955164631112480e-01
2.127986661845702621e+00 4.624053657649563887e-01
2.137607687371922971e+00 4.586483656341584503e-01
2.147228712898144209e+00 4.549248636451210248e-01
2.156849738424364560e+00 4.512352045503915665e-01
2.166470763950585354e+00 4.475792808068422834e-01
2.176091789476806149e+00 4.439560394296123147e-01
2.185712815003026943e+00 4.403643088315822851e-01
2.195333840529247738e+00 4.368029174256327085e-01
2.204954866055468088e+00 4.332706936246444873e-01
2.214575891581689326e+00 4.297664658414978578e-01
2.224196917107909677e+00 4.262890624890737779e-01
2.233817942634130471e+00 4.228373119802528168e-01
2.243438968160351266e+00 4.194100427279153220e-01
2.253059993686572060e+00 4.160060831449423069e-01
2.262681019212792854e+00 4.126242616442142297e-01
2.272302044739013205e+00 4.092634066386118818e-01
2.281923070265234443e+00 4.059223465410154996e-01
2.291544095791454794e+00 4.025999975669732889e-01
2.301165121317675588e+00 3.992964103074071458e-01
2.310786146843896383e+00 3.960124250686308800e-01
2.320407172370117177e+00 3.927488981807800705e-01
2.330028197896337971e+00 3.895066859739901854e-01
2.339649223422558322e+00 3.862866447783968593e-01
2.349270248948779560e+00 3.830896309241355047e-01
2.358891274474999911e+00 3.799165007413423112e-01
2.368512300001220705e+00 3.767681105601521363e-01
2.378133325527441500e+00 3.736453167107010032e-01
2.387754351053662294e+00 3.705489755231244353e-01
2.397375376579883088e+00 3.674799433275579563e-01
2.406996402106103439e+00 3.644390764541374228e-01
2.416617427632324677e+00 3.614272520994862847e-01
2.426238453158545028e+00 3.584455073581392925e-01
2.435859478684765822e+00 3.554949532765288578e-01
2.445480504210986616e+00 3.525767013017864770e-01
2.455101529737207411e+00 3.496918628810432028e-01
2.464722555263428205e+00 3.468415494614301431e-01
2.474343580789648556e+00 3.440268724900786279e-01
2.483964606315869794e+00 3.412489434141195432e-01
2.493585631842090145e+00 3.385088736806844412e-01
2.503206657368311383e+00 3.358077747369039856e-01
2.512827682894531733e+00 3.331467580299097841e-01
2.522448708420752528e+00 3.305269350068328338e-01
2.532069733946973322e+00 3.279492208913983853e-01
2.541690759473193673e+00 3.254111797806564788e-01
2.551311784999414911e+00 3.229075658151076555e-01
2.560932810525635261e+00 3.204330461994674972e-01
2.570553836051856500e+00 3.179822881384506972e-01
2.580174861578076850e+00 3.155499588367729480e-01
2.589795887104297645e+00 3.131307254991491096e-01
2.599416912630518439e+00 3.107192553302944305e-01
2.609037938156739234e+00 3.083102155349239926e-01
2.618658963682960028e+00 3.058982733177532665e-01
2.628279989209180378e+00 3.034780958834972786e-01
2.637901014735401617e+00 3.010443504368710554e-01
2.647522040261621967e+00 2.985931564309818320e-01
2.657143065787842762e+00 2.961287301910028869e-01
2.666764091314063556e+00 2.936580931564633512e-01
2.676385116840284351e+00 2.911882695024599621e-01
2.686006142366505145e+00 2.887262834040893456e-01
2.695627167892725495e+00 2.862791590364483496e-01
2.705248193418946734e+00 2.838539205746333227e-01
2.714869218945167084e+00 2.814575921937411129e-01
2.724490244471387879e+00 2.790971980688682352e-01
2.734111269997608673e+00 2.767797623751113711e-01
2.743732295523829467e+00 2.745123092875672577e-01
2.753353321050050262e+00 2.723011708107688778e-01
2.762974346576271056e+00 2.701452764635520198e-01
2.772595372102491407e+00 2.680390689808693772e-01
2.782216397628712201e+00 2.659769282924924205e-01
2.791837423154932996e+00 2.639532343281933979e-01
2.801458448681153790e+00 2.619623670177444463e-01
2.811079474207374584e+00 2.599987062909173141e-01
2.820700499733595379e+00 2.580566320774841382e-01
2.830321525259816173e+00 2.561305243072169446e-01
2.839942550786036524e+00 2.542147629098877593e-01
2.849563576312257318e+00 2.523037278152684970e-01
2.859184601838478113e+00 2.503927345934042203e-01
2.868805627364698907e+00 2.484819637636867251e-01
2.878426652890919701e+00 2.465731720741896615e-01
2.888047678417140496e+00 2.446681170840360187e-01
2.897668703943361290e+00 2.427685563523491463e-01
2.907289729469582085e+00 2.408762474382520336e-01
2.916910754995802435e+00 2.389929479008680580e-01
2.926531780522023229e+00 2.371204152993201808e-01
2.936152806048244024e+00 2.352604071927314466e-01
2.945773831574464818e+00 2.334146811402252331e-01
2.955394857100685613e+00 2.315849947009244458e-01
2.965015882626906407e+00 2.297731054339522960e-01
2.974636908153127202e+00 2.279807708984320780e-01
2.984257933679347552e+00 2.262097486534868362e-01
2.993878959205568346e+00 2.244617962582395876e-01
3.003499984731789141e+00 2.227386712718135431e-01
3.013121010258009935e+00 2.210421312533319138e-01
3.022742035784230730e+00 2.193739337619177443e-01
3.032363061310451524e+00 2.177358363566942734e-01
3.041984086836672319e+00 2.161295965967845734e-01
3.051605112362892669e+00 2.145568573309618032e-01
3.061226137889113463e+00 2.130160053128430930e-01
3.070847163415334258e+00 2.115017858282869645e-01
3.080468188941555052e+00 2.100087520758436854e-01
3.090089214467775847e+00 2.085314572540632738e-01
3.099710239993996641e+00 2.070644545614960808e-01
3.109331265520217435e+00 2.056022971966922352e-01
3.118952291046438230e+00 2.041395383582018386e-01
3.128573316572658580e+00 2.026707312445752696e-01
3.138194342098879375e+00 2.011904290543624352e-01
3.147815367625100169e+00 1.996939017322756360e-01
3.157436393151320964e+00 1.981835773097917752e-01
3.167057418677541758e+00 1.966659993916267946e-01
3.176678444203762552e+00 1.951477607617246590e-01
3.186299469729983347e+00 1.936354542040293336e-01
3.195920495256203697e+00 1.921356725024849776e-01
3.205541520782424492e+00 1.906550084410351675e-01
3.215162546308645286e+00 1.892000548036240903e-01
3.224783571834866081e+00 1.877774043741956833e-01
3.234404597361086875e+00 1.863936179745211696e-01
3.244025622887307669e+00 1.850511747575287191e-01
3.253646648413528464e+00 1.837445087402770072e-01
3.263267673939748814e+00 1.824671129312884499e-01
3.272888699465969609e+00 1.812124803390851024e-01
3.282509724992190403e+00 1.799741039721893254e-01
3.292130750518411197e+00 1.787454768391233684e-01
3.301751776044631992e+00 1.775200919484095641e-01
3.311372801570852786e+00 1.762914423085700788e-01
3.320993827097073581e+00 1.750530210424352529e-01
3.330614852623293931e+00 1.738004517052691433e-01
3.340235878149514726e+00 1.725369357896086586e-01
3.349856903675735520e+00 1.712673589448161782e-01
3.359477929201956314e+00 1.699966068202538316e-01
3.369098954728177109e+00 1.687295650652840262e-01
3.378719980254397903e+00 1.674711193292690303e-01
3.388341005780618698e+00 1.662261552615710292e-01
3.397962031306839492e+00 1.649995585115523189e-01
3.407583056833059842e+00 1.637962143805606618e-01
3.417204082359280637e+00 1.626199035763324918e-01
3.426825107885501431e+00 1.614708531311092599e-01
3.436446133411722226e+00 1.603485768298049674e-01
3.446067158937943020e+00 1.592525884573334771e-01
3.455688184464163815e+00 1.581824017986089570e-01
3.465309209990384609e+00 1.571375306385453252e-01
3.474930235516604959e+00 1.561174887620566665e-01
3.484551261042825754e+00 1.551217899540567879e-01
3.494172286569046548e+00 1.541499274954128418e-01
3.503793312095267343e+00 1.532001182563564046e-01
3.513414337621488137e+00 1.522685736573929360e-01
3.523035363147708932e+00 1.513513294109042895e-01
3.532656388673929726e+00 1.504444212292724015e-01
3.542277414200150076e+00 1.495438848248791253e-01
3.551898439726370871e+00 1.486457559101061476e-01
3.561519465252591665e+00 1.477460701973354051e-01
3.571140490778812460e+00 1.468408633989487788e-01
3.580761516305033254e+00 1.459265545393024499e-01
3.590382541831254049e+00 1.450024941624493968e-01
3.600003567357474843e+00 1.440693863294852661e-01
3.609624592883695637e+00 1.431279423821219809e-01
3.619245618409915988e+00 1.421788736620713811e-01
3.628866643936136782e+00 1.412228915110452787e-01
3.638487669462357577e+00 1.402607072707556246e-01
3.648108694988578371e+00 1.392930322829142586e-01
3.657729720514799165e+00 1.383205778892331039e-01
3.667350746041019960e+00 1.373440554314239170e-01
3.676971771567240754e+00 1.363641762511987043e-01
3.686592797093461105e+00 1.353816516902692779e-01
3.696213822619681899e+00 1.343971930903474776e-01
3.705834848145902694e+00 1.334115117931451711e-01
3.715455873672123488e+00 1.324253191403743091e-01
3.725076899198344282e+00 1.314393264737466760e-01
3.734697924724565077e+00 1.304542564485886569e-01
3.744318950250785871e+00 1.294719129137109070e-01
3.753939975777006222e+00 1.284960602414396413e-01
3.763561001303227016e+00 1.275306697580963489e-01
3.773182026829447810e+00 1.265797127900026020e-01
3.782803052355668605e+00 1.256471606634798899e-01
3.792424077881889399e+00 1.247369847048498681e-01
3.802045103408110194e+00 1.238531562404339564e-01
3.811666128934330988e+00 1.229996174395584785e-01
3.821287154460551783e+00 1.221775512250485307e-01
3.830908179986772133e+00 1.213831521655833329e-01
3.840529205512992927e+00 1.206120902336338535e-01
3.850150231039213722e+00 1.198600354016713665e-01
3.859771256565434516e+00 1.191226576421671041e-01
3.869392282091655311e+00 1.183956269275921180e-01
3.879013307617876105e+00 1.176746132304177100e-01
3.888634333144096900e+00 1.169553591667746167e-01
3.898255358670317250e+00 1.162359151652139627e-01
3.907876384196538044e+00 1.155170610648530161e-01
3.917497409722758839e+00 1.147997344129191855e-01
3.927118435248979633e+00 1.140848727566399073e-01
3.936739460775200428e+00 1.133734136432425349e-01
3.946360486301421222e+00 1.126662946199544907e-01
3.955981511827642016e+00 1.119644532340031418e-01
3.965602537353862367e+00 1.112687156030262164e-01
3.975223562880083161e+00 1.105789206033564037e-01
3.984844588406303956e+00 1.098943913198321132e-01
3.994465613932524750e+00 1.092144463466038773e-01
4.004086639458745545e+00 1.085384042778222702e-01
4.013707664984966783e+00 1.078655837076377827e-01
4.023328690511187133e+00 1.071953032302010028e-01
4.032949716037407484e+00 1.065268814396624769e-01
4.042570741563627834e+00 1.058596369301726681e-01
4.052191767089849073e+00 1.051928882958820671e-01
4.061812792616070311e+00 1.045259541309413176e-01
4.071433818142290662e+00 1.038581530295009658e-01
4.081054843668511012e+00 1.031888035857114333e-01
4.090675869194732250e+00 1.025172243937233219e-01
4.100296894720953489e+00 1.018427340476871362e-01
4.109917920247173839e+00 1.011648631535827653e-01
4.119538945773394190e+00 1.004848220400799130e-01
4.129159971299614540e+00 9.980462042416314572e-02
4.138780996825835778e+00 9.912627290527853408e-02
4.148402022352057017e+00 9.845179408287223211e-02
4.158023047878277367e+00 9.778319855639053260e-02
4.167644073404497718e+00 9.712250092527940915e-02
4.177265098930718068e+00 9.647167064411105164e-02
4.186886124456939307e+00 9.583158344213042745e-02
4.196507149983160545e+00 9.520198963434077510e-02
4.206128175509380895e+00 9.458258805146746440e-02
4.215749201035601246e+00 9.397307752423590677e-02
4.225370226561822484e+00 9.337315688337144426e-02
4.234991252088043723e+00 9.278252495959951607e-02
4.244612277614264073e+00 9.220088058364560302e-02
4.254233303140484423e+00 9.162792258623504715e-02
4.263854328666704774e+00 9.106334979809327379e-02
4.273475354192926012e+00 9.050686104994561110e-02
4.283096379719147251e+00 8.995815517251753990e-02
4.292717405245367601e+00 8.941693099653449939e-02
4.302338430771587952e+00 8.888288735272188712e-02
4.311959456297809190e+00 8.835572517061500430e-02
4.321580481824029540e+00 8.783536348444856423e-02
4.331201507350250779e+00 8.732212688875949647e-02
4.340822532876471129e+00 8.681638415273035259e-02
4.350443558402691480e+00 8.631850404554344824e-02
4.360064583928912718e+00 8.582885533638119624e-02
4.369685609455133957e+00 8.534780679442606488e-02
4.379306634981354307e+00 8.487570088882633035e-02
4.388927660507574657e+00 8.441115304740207104e-02
4.398548686033795008e+00 8.395001237641058767e-02
4.408169711560016246e+00 8.348787925352672834e-02
4.417790737086237485e+00 8.302035405642536892e-02
4.427411762612457835e+00 8.254303716278151015e-02
4.437032788138678185e+00 8.205152895026997240e-02
4.446653813664899424e+00 8.154166360067133246e-02
4.456274839191120662e+00 8.101517415094940111e-02
4.465895864717341013e+00 8.047999755414865508e-02
4.475516890243561363e+00 7.994436562822955505e-02
4.485137915769781713e+00 7.941651019115264498e-02
4.494758941296002952e+00 7.890466306087837167e-02
4.504379966822224191e+00 7.841705605536732071e-02
4.514000992348444541e+00 7.796072470112873354e-02
4.523622017874664891e+00 7.753194366690500938e-02
4.533243043400885242e+00 7.712129556213700998e-02
4.542864068927106480e+00 7.671931124487703368e-02
4.552485094453327719e+00 7.631652157317737883e-02
4.562106119979548069e+00 7.590345740509039929e-02
4.571727145505768419e+00 7.547065221126088297e-02
4.581348171031989658e+00 7.501259678281044230e-02
4.590969196558210896e+00 7.453570399160779070e-02
4.600590222084431247e+00 7.404862282179246191e-02
4.610211247610651597e+00 7.356000225750390642e-02
4.619832273136871947e+00 7.307849128288163021e-02
4.629453298663093186e+00 7.261273888206508376e-02
4.639074324189314424e+00 7.217100653599424487e-02
4.648695349715534775e+00 7.175418469384718667e-02
4.658316375241755125e+00 7.135655935148919882e-02
4.667937400767975475e+00 7.097218289708050187e-02
4.677558426294196714e+00 7.059510771878126090e-02
4.687179451820417952e+00 7.021938620475175197e-02
4.696800477346638303e+00 6.983907134352389245e-02
4.706421502872858653e+00 6.944986645067036113e-02
4.716042528399079892e+00 6.905272413700271061e-02
4.725663553925301130e+00 6.864963835652004853e-02
4.735284579451521481e+00 6.824260306322153802e-02
4.744905604977741831e+00 6.783361221110624506e-02
4.754526630503962181e+00 6.742465975417329116e-02
4.764147656030184308e+00 6.701773964642167292e-02
4.773768681556404658e+00 6.661484584185062285e-02
4.783389707082625009e+00 6.621797229445923472e-02
4.793010732608845359e+00 6.582911295824656062e-02
4.802631758135065709e+00 6.545026178721173593e-02
4.812252783661287836e+00 6.508341273535375726e-02
4.821873809187508186e+00 6.473049423654866907e-02
4.831494834713728537e+00 6.439083719699854880e-02
4.841115860239948887e+00 6.406036877296279741e-02
4.850736885766169237e+00 6.373478565358117742e-02
4.860357911292391364e+00 6.340978452799342358e-02
4.869978936818611714e+00 6.308106208533945103e-02
4.879599962344832065e+00 6.274432353769542059e-02
4.889220987871052415e+00 6.239779974626437353e-02
4.898842013397274542e+00 6.204575882562482492e-02
4.908463038923494892e+00 6.169335197482535976e-02
4.918084064449715243e+00 6.134573039291436186e-02
4.927705089975935593e+00 6.100804527894029133e-02
4.937326115502155943e+00 6.068544777745769891e-02
4.946947141028378070e+00 6.038083887035458619e-02
4.956568166554598420e+00 6.008888771307760446e-02
4.966189192080818771e+00 5.980238154846700266e-02
4.975810217607039121e+00 5.951410761936312688e-02
4.985431243133259471e+00 5.921685316860630932e-02
4.995052268659481598e+00 5.890340543903681281e-02
5.004673294185701948e+00 5.856882920113295338e-02
5.014294319711922299e+00 5.821856175756705970e-02
5.023915345238142649e+00 5.786099169425139993e-02
5.033536370764364776e+00 5.750450780691076375e-02
5.043157396290585126e+00 5.715749889127018368e-02
5.052778421816805476e+00 5.682835374305442167e-02
5.062399447343025827e+00 5.652321565715089785e-02
5.072020472869246177e+00 5.623791500755224299e-02
5.081641498395468304e+00 5.596532333680247912e-02
5.091262523921688654e+00 5.569831193567981176e-02
5.100883549447909004e+00 5.542975209496236316e-02
5.110504574974129355e+00 5.515251512064874712e-02
5.120125600500351482e+00 5.486180464095476855e-02
5.129746626026571832e+00 5.456163575269593058e-02
5.139367651552792182e+00 5.425810407447997225e-02
5.148988677079012533e+00 5.395730522491470893e-02
5.158609702605232883e+00 5.366533482260793519e-02
5.168230728131455010e+00 5.338828305108196670e-02
5.177851753657675360e+00 5.312979866033674947e-02
5.187472779183895710e+00 5.288724814488175024e-02
5.197093804710116061e+00 5.265700138151359344e-02
5.206714830236336411e+00 5.243542824702890348e-02
5.216335855762558538e+00 5.221889861822429785e-02
5.225956881288778888e+00 5.200378237189647035e-02
5.235577906814999238e+00 5.178644938484203153e-02
5.245198932341219589e+00 5.156326953385757805e-02
5.254819957867441715e+00 5.133061269573974128e-02
5.264440983393662066e+00 5.108484874728522196e-02
5.274062008919882416e+00 5.082234756529060288e-02
5.283683034446102766e+00 5.053993592706006177e-02
5.293304059972323117e+00 5.024129633563208241e-02
5.302925085498545243e+00 4.993539865175353198e-02
5.312546111024765594e+00 4.963134931301430713e-02
5.322167136550985944e+00 4.933825475700413105e-02
5.331788162077206294e+00 4.906522142131281711e-02
5.341409187603426645e+00 4.881913578499028766e-02
5.351030213129648772e+00 4.859539072138064492e-02
5.360651238655869122e+00 4.838567060403994868e-02
5.370272264182089472e+00 4.818165798250087506e-02
5.379893289708309823e+00 4.797503540629607238e-02
5.389514315234531949e+00 4.775754112966323905e-02
5.399135340760752300e+00 4.752570792305062936e-02
5.408756366286972650e+00 4.728448303670166469e-02
5.418377391813193000e+00 4.703966602844968786e-02
5.427998417339413351e+00 4.679705645612804166e-02
5.437619442865635477e+00 4.656245387756997173e-02
5.447240468391855828e+00 4.634104186459179348e-02
5.456861493918076178e+00 4.613198662551825507e-02
5.466482519444296528e+00 4.593105412706156160e-02
5.476103544970518655e+00 4.573397185326987663e-02
5.485724570496739005e+00 4.553646728819137068e-02
5.495345596022959356e+00 4.533427722928628362e-02
5.504966621549179706e+00 4.512513666615239338e-02
5.514587647075400056e+00 4.491125053857314420e-02
5.524208672601622183e+00 4.469543042039095943e-02
5.533829698127842533e+00 4.448048788544839427e-02
5.543450723654062884e+00 4.426923450758786516e-02
5.553071749180283234e+00 4.406421813947471178e-02
5.562692774706503585e+00 4.386557268955513372e-02
5.572313800232725711e+00 4.367213701455831959e-02
5.581934825758946062e+00 4.348273761088132516e-02
5.591555851285166412e+00 4.329620097492103969e-02
5.601176876811386762e+00 4.311136143995606546e-02
5.610797902337608889e+00 4.292756340347620575e-02
5.620418927863829239e+00 4.274496567042970069e-02
5.630039953390049590e+00 4.256379996075916605e-02
5.639660978916269940e+00 4.238429799440730089e-02
5.649282004442490290e+00 4.220669149131676956e-02
5.658903029968712417e+00 4.203121217143018784e-02
5.668524055494932767e+00 4.185809175469031723e-02
5.678145081021153118e+00 4.168756196103980821e-02
5.687766106547373468e+00 4.151985451042130432e-02
5.697387132073593818e+00 4.135520112277748378e-02
5.707008157599815945e+00 4.119372788636992827e-02
5.716629183126036295e+00 4.103423133294012426e-02
5.726250208652256646e+00 4.087459937612542699e-02
5.735871234178476996e+00 4.071270232881055856e-02
5.745492259704699123e+00 4.054641050388015089e-02
5.755113285230919473e+00 4.037364862853217579e-02
5.764734310757139824e+00 4.019476064268404786e-02
5.774355336283360174e+00 4.001342116899353485e-02
5.783976361809580524e+00 3.983354740049975529e-02
5.793597387335802651e+00 3.965905653024183464e-02
5.803218412862023001e+00 3.949386160985837030e-02
5.812839438388243352e+00 3.934023131019256242e-02
5.822460463914463702e+00 3.919628928146741409e-02
5.832081489440684052e+00 3.905951622562834485e-02
5.841702514966906179e+00 3.892739284462075344e-02
5.851323540493126529e+00 3.879739984039005940e-02
5.860944566019346880e+00 3.866740276481367422e-02
5.870565591545567230e+00 3.853689880701954840e-02
5.880186617071789357e+00 3.840581748990396643e-02
5.889807642598009707e+00 3.827408833933993587e-02
5.899428668124230057e+00 3.814164088120041568e-02
5.909049693650450408e+00 3.800840464135840646e-02
5.918670719176670758e+00 3.787430914568688800e-02
5.928291744702892885e+00 3.773928392005882620e-02
5.937912770229113235e+00 3.760325849034723555e-02
5.947533795755333585e+00 3.746616238242509583e-02
5.957154821281553936e+00 3.732798162267161879e-02
5.966775846807776063e+00 3.718918103224160693e-02
5.976396872333996413e+00 3.705046656938962985e-02
5.986017897860216763e+00 3.691254602983500693e-02
5.995638923386437114e+00 3.677612720929704371e-02
6.005259948912657464e+00 3.664187893205078650e-02
6.014880974438879591e+00 3.651008092399488092e-02
6.024501999965099941e+00 3.638078924497473859e-02
6.034123025491320291e+00 3.625405728389580889e-02
6.043744051017540642e+00 3.612993842966355507e-02
6.053365076543760992e+00 3.600848607118344730e-02
6.062986102069983119e+00 3.588975359736092108e-02
6.072607127596203469e+00 3.577379439710146741e-02
6.082228153122423819e+00 3.566066185931056343e-02
6.091849178648644170e+00 3.555040937289365849e-02
6.101470204174866296e+00 3.544302620052085934e-02
6.111091229701086647e+00 3.533791151203283243e-02
6.120712255227306997e+00 3.523414654231026705e-02
6.130333280753527347e+00 3.513080944741922562e-02
6.139954306279747698e+00 3.502697838342581915e-02
6.149575331805969824e+00 3.492189669175959493e-02
6.159196357332190175e+00 3.481601373040144748e-02
6.168817382858410525e+00 3.471031365755705006e-02
6.178438408384630876e+00 3.460578303347915108e-02
6.188059433910851226e+00 3.450340841842050588e-02
6.197680459437073353e+00 3.440397809865641116e-02
6.207301484963293703e+00 3.430724628991711073e-02
6.216922510489514053e+00 3.421263118935778669e-02
6.226543536015734404e+00 3.411955081571038662e-02
6.236164561541956530e+00 3.402742318779795883e-02
6.245785587068176881e+00 3.393566690411894959e-02
6.255406612594397231e+00 3.384370251839530219e-02
6.265027638120617581e+00 3.375095099615933042e-02
6.274648663646837932e+00 3.365683330294334114e-02
6.284269689173060058e+00 3.356077818961821640e-02
6.293890714699280409e+00 3.346327682349078264e-02
6.303511740225500759e+00 3.336695189065925354e-02
6.313132765751721109e+00 3.327468076197191704e-02
6.322753791277941460e+00 3.318934080827714433e-02
6.332374816804163586e+00 3.311370430679946852e-02
6.341995842330383937e+00 3.304752213831697177e-02
6.351616867856604287e+00 3.298714427425073620e-02
6.361237893382824637e+00 3.292873935653434225e-02
6.370858918909046764e+00 3.286847602710142591e-02
6.380479944435267114e+00 3.280282131243516391e-02
6.390100969961487465e+00 3.273126220207228654e-02
6.399721995487707815e+00 3.265504017229969858e-02
6.409343021013928166e+00 3.257541834642035949e-02
6.418964046540150292e+00 3.249365984773721489e-02
6.428585072066370643e+00 3.241102779955325197e-02
6.438206097592590993e+00 3.232878532517143022e-02
6.447827123118811343e+00 3.224819554789468828e-02
6.457448148645033470e+00 3.217052159102597175e-02
6.467069174171253820e+00 3.209701490778765071e-02
6.476690199697474171e+00 3.202808249124806245e-02
6.486311225223694521e+00 3.196273195512330106e-02
6.495932250749914871e+00 3.189983930461056522e-02
6.505553276276136998e+00 3.183828054490699805e-02
6.515174301802357348e+00 3.177700644365146626e-02
6.524795327328577699e+00 3.171586246492587996e-02
6.534416352854798049e+00 3.165528368104644774e-02
6.544037378381018399e+00 3.159571556283567034e-02
6.553658403907240526e+00 3.153760357932219871e-02
6.563279429433460876e+00 3.148136333888581356e-02
6.572900454959681227e+00 3.142730473090188381e-02
6.582521480485901577e+00 3.137571425964531813e-02
6.592142506012123704e+00 3.132687842939094192e-02
6.601763531538344054e+00 3.128105242734959685e-02
6.611384557064564405e+00 3.123758751757137533e-02
6.621005582590784755e+00 3.119481546316874368e-02
6.630626608117005105e+00 3.115101348967372688e-02
6.640247633643227232e+00 3.110445882261838463e-02
6.649868659169447582e+00 3.105390091965387275e-02
6.659489684695667933e+00 3.100066278289627039e-02
6.669110710221888283e+00 3.094693981387137971e-02
6.678731735748108633e+00 3.089492811688289778e-02
6.688352761274330760e+00 3.084678902555185523e-02
6.697973786800551110e+00 3.080306858433099274e-02
6.707594812326771461e+00 3.076204786155613963e-02
6.717215837852991811e+00 3.072183854472739298e-02
6.726836863379213938e+00 3.068055232134490537e-02
6.736457888905434288e+00 3.063663790786170030e-02
6.746078914431654638e+00 3.059051923592716674e-02
6.755699939957874989e+00 3.054333759794313277e-02
6.765320965484095339e+00 3.049623530070225477e-02
6.774941991010317466e+00 3.045035465099722380e-02
6.784563016536537816e+00 3.040683795562072744e-02
6.794184042062758166e+00 3.036682752136541860e-02
6.803805067588978517e+00 3.033146565502398487e-02
6.813426093115200644e+00 3.030189466338910342e-02
6.823047118641420994e+00 3.027873927730977480e-02
6.832668144167641344e+00 3.026032527584576748e-02
6.842289169693861695e+00 3.024434036292607611e-02
6.851910195220082045e+00 3.022847221801569853e-02
6.861531220746304172e+00 3.021049973599850696e-02
6.871152246272524522e+00 3.018986071945882130e-02
6.880773271798744872e+00 3.016743938134797132e-02
6.890394297324965223e+00 3.014416840008757661e-02
6.900015322851185573e+00 3.012097949589342266e-02
6.909636348377407700e+00 3.009848152692105525e-02
6.919257373903628050e+00 3.007649278834087850e-02
6.928878399429848400e+00 3.005471280374551885e-02
6.938499424956068751e+00 3.003284109672759231e-02
6.948120450482290877e+00 3.001065541376418677e-02
6.957741476008511228e+00 2.998849650903001596e-02
6.967362501534731578e+00 2.996695168539699472e-02
6.976983527060951928e+00 2.994660928981619438e-02
6.986604552587172279e+00 2.992804209561679765e-02
6.996225578113394405e+00 2.991142017069944870e-02
7.005846603639614756e+00 2.989648447706154052e-02
7.015467629165835106e+00 2.988295511630895476e-02
7.025088654692055457e+00 2.987055229767782843e-02
7.034709680218275807e+00 2.985903154681955260e-02
7.044330705744497934e+00 2.984823444546615481e-02
7.053951731270718284e+00 2.983801543462464775e-02
7.063572756796938634e+00 2.982822895530205798e-02
7.073193782323158985e+00 2.981877141096205691e-02
7.082814807849381111e+00 2.980977527871952679e-02
7.092435833375601462e+00 2.980145552506504800e-02
7.102056858901821812e+00 2.979402720289506951e-02
7.111677884428042162e+00 2.978770536510603681e-02
7.121298909954262513e+00 2.978270506459438499e-02
7.130919935480484639e+00 2.977924135425658383e-02
7.140540961006704990e+00 2.977752928698906149e-02
7.150161986532925340e+00 2.977776773693070408e-02
7.159783012059145690e+00 2.977951879336342145e-02
7.169404037585366041e+00 2.978151277770378635e-02
7.179025063111588167e+00 2.978242396165804370e-02
7.188646088637808518e+00 2.978093008552999688e-02
7.198267114164028868e+00 2.977655317121857478e-02
7.207888139690249218e+00 2.977075548162931226e-02
7.217509165216471345e+00 2.976527079884715501e-02
7.227130190742691696e+00 2.976183290491929770e-02
7.236751216268912046e+00 2.976178674716395411e-02
7.246372241795132396e+00 2.976494332434612144e-02
7.255993267321352747e+00 2.977073542234098119e-02
7.265614292847574873e+00 2.977859582702375649e-02
7.275235318373795224e+00 2.978799341146415661e-02
7.284856343900015574e+00 2.979862983254942532e-02
7.294477369426235924e+00 2.981029914373513334e-02
7.304098394952458051e+00 2.982279563189185398e-02
7.313719420478678401e+00 2.983591358389016401e-02
7.323340446004898752e+00 2.984944728660061941e-02
7.332961471531119102e+00 2.986319102689381083e-02
7.342582497057339452e+00 2.987693909164032893e-02
7.352203522583561579e+00 2.989052646944398081e-02
7.361824548109781929e+00 2.990442801115439711e-02
7.371445573636002280e+00 2.991962740234042212e-02
7.381066599162222630e+00 2.993712239276171555e-02
7.390687624688442980e+00 2.995786078870482302e-02
7.400308650214665107e+00 2.998160459782668943e-02
7.409929675740885457e+00 3.000690904504491399e-02
7.419550701267105808e+00 3.003227521457729754e-02
7.429171726793326158e+00 3.005620419064165133e-02
7.438792752319548285e+00 3.007719705745579356e-02
7.448413777845768635e+00 3.009375489923750424e-02
7.458034803371988986e+00 3.010437880020460852e-02
7.467655828898209336e+00 3.010763244079884063e-02
7.477276854424429686e+00 3.010501861017529993e-02
7.486897879950651813e+00 3.010217949983986716e-02
7.496518905476872163e+00 3.010506881599509660e-02
7.506139931003092514e+00 3.011956861941894256e-02
7.515760956529312864e+00 3.014743706460944889e-02
7.525381982055533214e+00 3.018413879589968221e-02
7.535003007581755341e+00 3.022460843641567446e-02
7.544624033107975691e+00 3.026381651344279763e-02
7.554245058634196042e+00 3.029894590415042888e-02
7.563866084160416392e+00 3.033064245960439415e-02
7.573487109686638519e+00 3.035985391062522368e-02
7.583108135212858869e+00 3.038752602429518890e-02
7.592729160739079219e+00 3.041449265618217587e-02
7.602350186265299570e+00 3.044141751603946303e-02
7.611971211791519920e+00 3.046895005835672382e-02
7.621592237317742047e+00 3.049773780560611006e-02
7.631213262843962397e+00 3.052833883896893460e-02
7.640834288370182747e+00 3.056118600422666476e-02
7.650455313896403098e+00 3.059670280107167767e-02
7.660076339422623448e+00 3.063528635366148667e-02
7.669697364948845575e+00 3.067643202318603990e-02
7.679318390475065925e+00 3.071853061612810770e-02
7.688939416001286276e+00 3.075990548122937984e-02
7.698560441527506626e+00 3.079892836367614795e-02
7.708181467053728753e+00 3.083512333051233872e-02
7.717802492579949103e+00 3.086918898063109248e-02
7.727423518106169453e+00 3.090187675187602498e-02
7.737044543632389804e+00 3.093393808209079013e-02
7.746665569158610154e+00 3.096612440911902103e-02
7.756286594684832281e+00 3.099918717080435079e-02
7.765907620211052631e+00 3.103387780499040904e-02
7.775528645737272981e+00 3.107089364324371744e-02
7.785149671263493332e+00 3.111035480505260770e-02
7.794770696789715458e+00 3.115203221048347404e-02
7.804391722315935809e+00 3.119569191828019603e-02
7.814012747842156159e+00 3.124090093820256278e-02
7.823633773368376509e+00 3.128583637354830083e-02
7.833254798894596860e+00 3.132808277709248773e-02
7.842875824420818986e+00 3.136522249970301324e-02
7.852496849947039337e+00 3.139609815038717222e-02
7.862117875473259687e+00 3.142518046966639306e-02
7.871738900999480038e+00 3.145851070654381160e-02
7.881359926525700388e+00 3.150212542818801864e-02
7.890980952051922515e+00 3.155875753782950988e-02
7.900601977578142865e+00 3.162206455340665912e-02
7.910223003104363215e+00 3.168415929124702296e-02
7.919844028630583566e+00 3.173722390669719839e-02
7.929465054156805692e+00 3.177845360991567863e-02
7.939086079683026043e+00 3.181334839272864645e-02
7.948707105209246393e+00 3.184818898537151305e-02
7.958328130735466743e+00 3.188907423513624717e-02
7.967949156261687094e+00 3.193806709111307596e-02
7.977570181787909220e+00 3.199327483840772729e-02
7.987191207314129571e+00 3.205263892805435000e-02
7.996812232840349921e+00 3.211419256303026104e-02
8.006433258366570271e+00 3.217683994500479538e-02
8.016054283892790622e+00 3.223996641334295199e-02
8.025675309419012748e+00 3.230296236943194094e-02
8.035296334945233099e+00 3.236521821465888904e-02
8.044917360471453449e+00 3.242612435041099250e-02
8.054538385997673799e+00 3.248507117807541283e-02
8.064159411523895926e+00 3.254144909903932542e-02
8.073780437050116277e+00 3.259464851468989871e-02
8.083401462576336627e+00 3.264405982641429421e-02
8.093022488102556977e+00 3.268907343559968731e-02
8.102643513628777328e+00 3.272920346781920536e-02
8.112264539154999454e+00 3.276715730715232949e-02
8.121885564681219805e+00 3.280904154844768716e-02
8.131506590207440155e+00 3.286112775164039962e-02
8.141127615733660505e+00 3.292843912009188467e-02
8.150748641259882632e+00 3.300548477368889927e-02
8.160369666786102982e+00 3.308150555786775610e-02
8.169990692312323333e+00 3.314570372426084433e-02
8.179611717838543683e+00 3.319163053012894743e-02
8.189232743364764033e+00 3.322737729333514328e-02
8.198853768890986160e+00 3.326407041137578041e-02
8.208474794417206510e+00 3.331267848451261587e-02
8.218095819943426861e+00 3.337707477476853368e-02
8.227716845469647211e+00 3.345131744048533695e-02
8.237337870995867561e+00 3.352874487228272443e-02
8.246958896522089688e+00 3.360321171791647715e-02
8.256579922048310038e+00 3.367375278149998402e-02
8.266200947574530389e+00 3.374239218962211961e-02
8.275821973100750739e+00 3.381119011390413404e-02
8.285442998626972866e+00 3.388163690276425194e-02
8.295064024153193216e+00 3.395329397849132513e-02
8.304685049679413567e+00 3.402531500420884897e-02
8.314306075205633917e+00 3.409685364304024247e-02
8.323927100731854267e+00 3.416706355810899404e-02
8.333548126258076394e+00 3.423509841253858516e-02
8.343169151784296744e+00 3.430011186945244178e-02
8.352790177310517095e+00 3.436159796953802692e-02
8.362411202836737445e+00 3.442158870875314941e-02
8.372032228362957795e+00 3.448326240791488306e-02
8.381653253889179922e+00 3.454979654522177118e-02
8.391274279415400272e+00 3.462282535291116153e-02
8.400895304941620623e+00 3.470044822351268238e-02
8.410516330467840973e+00 3.478027172763725056e-02
8.420137355994063100e+00 3.485996390962903951e-02
8.429758381520283450e+00 3.493811658939055542e-02
8.439379407046503800e+00 3.501403473485886070e-02
8.449000432572724151e+00 3.508704177893127302e-02
8.458621458098944501e+00 3.515677054980166638e-02
8.468242483625166628e+00 3.522401286376590501e-02
8.477863509151386978e+00 3.528983186876601119e-02
8.487484534677607328e+00 3.535529071274402108e-02
8.497105560203827679e+00 3.542145254364202633e-02
8.506726585730048029e+00 3.548938050940202843e-02
8.516347611256270156e+00 3.556013775796611209e-02
8.525968636782490506e+00 3.563435113498093776e-02
8.535589662308710857e+00 3.571036655423220213e-02
8.545210687834931207e+00 3.578578702787420240e-02
8.554831713361153334e+00 3.585825213030842396e-02
8.564452738887373684e+00 3.592705338627267403e-02
8.574073764413594034e+00 3.599376157311561658e-02
8.583694789939814385e+00 3.606011398442920957e-02
8.593315815466034735e+00 3.612784791380541788e-02
8.602936840992256862e+00 3.619870065483617866e-02
8.612557866518477212e+00 3.627440950111343598e-02
8.622178892044697562e+00 3.635666927921450686e-02
8.631799917570917913e+00 3.644492184822996361e-02
8.641420943097140039e+00 3.653527681748021394e-02
8.651041968623360390e+00 3.662357505275310593e-02
8.660662994149580740e+00 3.670641737389829934e-02
8.670284019675801090e+00 3.678507638129446117e-02
8.679905045202021441e+00 3.686259869881998441e-02
8.689526070728243567e+00 3.694200443729893368e-02
8.699147096254463918e+00 3.702499499897143193e-02
8.708768121780684268e+00 3.711146300697841516e-02
8.718389147306904619e+00 3.720117006683759664e-02
8.728010172833124969e+00 3.729336598081230830e-02
8.737631198359347096e+00 3.738464551944648689e-02
8.747252223885567446e+00 3.747074515163029834e-02
8.756873249411787796e+00 3.754759733982838271e-02
8.766494274938009923e+00 3.761659417601471295e-02
8.776115300464230273e+00 3.768516836090352734e-02
8.785736325990450624e+00 3.776106556303456679e-02
8.795357351516670974e+00 3.784944635966441817e-02
8.804978377042891324e+00 3.794578659066776688e-02
8.814599402569113451e+00 3.804329454978833819e-02
8.824220428095333801e+00 3.813548514650321603e-02
8.833841453621554152e+00 3.822054679342869882e-02
8.843462479147774502e+00 3.830030987611666993e-02
8.853083504673996629e+00 3.837670105935635928e-02
8.862704530200216979e+00 3.845164700793705925e-02
8.872325555726437329e+00 3.852707438664803447e-02
8.881946581252657680e+00 3.860490986027857729e-02
8.891567606778878030e+00 3.868679674459906542e-02
8.901188632305100157e+00 3.877214789528886374e-02
8.910809657831320507e+00 3.885932051230604062e-02
8.920430683357540858e+00 3.894671065589850462e-02
8.930051708883761208e+00 3.903455766776776914e-02
8.939672734409981558e+00 3.912554729028431405e-02
8.949293759936203685e+00 3.922253408490957577e-02
8.958914785462424035e+00 3.932657102602492988e-02
8.968535810988644386e+00 3.943183336396487160e-02
8.978156836514864736e+00 3.953085536046552911e-02
8.987777862041086863e+00 3.961697020346443415e-02
8.997398887567307213e+00 3.969332968317500904e-02
9.007019913093527563e+00 3.976968182506739058e-02
9.016640938619747914e+00 3.985581744914176022e-02
9.026261964145968264e+00 3.995534900312398136e-02
9.035882989672190391e+00 4.006140147643564436e-02
9.045504015198410741e+00 4.016608214083260825e-02
9.055125040724631091e+00 4.026322401038103654e-02
9.064746066250851442e+00 4.035445741438011685e-02
9.074367091777071792e+00 4.044361382666181171e-02
9.083988117303293919e+00 4.053434654245097885e-02
9.093609142829514269e+00 4.062794463490172064e-02
9.103230168355734619e+00 4.072402104834321052e-02
9.112851193881954970e+00 4.082215316097815433e-02
9.122472219408177097e+00 4.092191835100934122e-02
9.132093244934397447e+00 4.102289399663946318e-02
9.141714270460617797e+00 4.112465747597566362e-02
9.151335295986838148e+00 4.122667895878896760e-02
9.160956321513058498e+00 4.132801210337921916e-02
9.170577347039280625e+00 4.142760943263355117e-02
9.180198372565500975e+00 4.152420163531746894e-02
9.189819398091721325e+00 4.161435458651897151e-02
9.199440423617941676e+00 4.169341187002404553e-02
9.209061449144162026e+00 4.175708382428319071e-02
9.218682474670384153e+00 4.181328203348898265e-02
9.228303500196604503e+00 4.188441253727552549e-02
9.237924525722824853e+00 4.199368211120980965e-02
9.247545551249045204e+00 4.214897884263723443e-02
9.257166576775267330e+00 4.232025902885268309e-02
9.266787602301487681e+00 4.247170934248436364e-02
9.276408627827708031e+00 4.257475582417769716e-02
9.286029653353928381e+00 4.263958953708742172e-02
9.295650678880148732e+00 4.268932260624814373e-02
9.305271704406370858e+00 4.274594760965155782e-02
9.314892729932591209e+00 4.281774020979774165e-02
9.324513755458811559e+00 4.290383350458409906e-02
9.334134780985031909e+00 4.300315533127409273e-02
9.343755806511254036e+00 4.311324951412504741e-02
9.353376832037474387e+00 4.322993828359535801e-02
9.362997857563694737e+00 4.334893617826016815e-02
9.372618883089915087e+00 4.346595773669460760e-02
9.382239908616135438e+00 4.357671749747381307e-02
9.391860934142357564e+00 4.367692999917294205e-02
9.401481959668577915e+00 4.376465226730917590e-02
9.411102985194798265e+00 4.384810789716492990e-02
9.420724010721018615e+00 4.393827792731432036e-02
9.430345036247238966e+00 4.404437176527219860e-02
9.439966061773461092e+00 4.416101658848770734e-02
9.449587087299681443e+00 4.427567224802640006e-02
9.459208112825901793e+00 4.437645230189034978e-02
9.468829138352122143e+00 4.446328905440853629e-02
9.478450163878344270e+00 4.454592287568200776e-02
9.488071189404564620e+00 4.463426307557118861e-02
9.497692214930784971e+00 4.473281276020515951e-02
9.507313240457005321e+00 4.483879315546127065e-02
9.516934265983225671e+00 4.494891186810470035e-02
9.526555291509447798e+00 4.505987650490062696e-02
9.536176317035668148e+00 4.516839467261416635e-02
9.545797342561888499e+00 4.527117411461841628e-02
9.555418368088108849e+00 4.536646288978581770e-02
9.565039393614329200e+00 4.545786708542646354e-02
9.574660419140551326e+00 4.555015707956126814e-02
9.584281444666771677e+00 4.564738721391914389e-02
9.593902470192992027e+00 4.574964337833711120e-02
9.603523495719212377e+00 4.585564440364297417e-02
9.613144521245434504e+00 4.596410785068905797e-02
9.622765546771654854e+00 4.607375128032757672e-02
9.632386572297875205e+00 4.618329225341085559e-02
9.642007597824095555e+00 4.629153669076783301e-02
9.651628623350315905e+00 4.639854916084479308e-02
9.661249648876538032e+00 4.650533166792685663e-02
9.670870674402758382e+00 4.661292331783630644e-02
9.680491699928978733e+00 4.672272291341410949e-02
9.690112725455199083e+00 4.683650086743709057e-02
9.699733750981419433e+00 4.695595345156477335e-02
9.709354776507641560e+00 4.707856819190020525e-02
9.718975802033861910e+00 4.719594888209269201e-02
9.728596827560082261e+00 4.729933671900791309e-02
9.738217853086302611e+00 4.738777810772244747e-02
9.747838878612524738e+00 4.747481115101015448e-02
9.757459904138745088e+00 4.757552415489937209e-02
9.767080929664965439e+00 4.769688028511264583e-02
9.776701955191185789e+00 4.782612527276817321e-02
9.786322980717406139e+00 4.794757452219700067e-02
9.795944006243628266e+00 4.805129097088099016e-02
9.805565031769848616e+00 4.814526752494417000e-02
9.815186057296068967e+00 4.824098365519922244e-02
9.824807082822289317e+00 4.834717596378182436e-02
9.834428108348511444e+00 4.846180404639954115e-02
9.844049133874731794e+00 4.858018100553222751e-02
9.853670159400952144e+00 4.869761994365973123e-02
9.863291184927172495e+00 4.880943396326192785e-02
9.872912210453392845e+00 4.891093616681868594e-02
9.882533235979614972e+00 4.899937224742569042e-02
9.892154261505835322e+00 4.908314469680084141e-02
9.901775287032055672e+00 4.917465086173910399e-02
9.911396312558276023e+00 4.928399184062112748e-02
9.921017338084496373e+00 4.940574908735886200e-02
9.930638363610718500e+00 4.952809069723244917e-02
9.940259389136938850e+00 4.964113635438765354e-02
9.949880414663159200e+00 4.975016078895490995e-02
9.959501440189379551e+00 4.986746573809173327e-02
9.969122465715601678e+00 5.000301048699037215e-02
9.978743491241822028e+00 5.014643183147222266e-02
9.988364516768042378e+00 5.027707003785287371e-02
9.997985542294262729e+00 5.037717520736938875e-02
1.000760656782048308e+01 5.045657850953035040e-02
1.001722759334670521e+01 5.054000035223872589e-02
1.002684861887292556e+01 5.064932483563411303e-02
1.003646964439914591e+01 5.077755314754781035e-02
1.004609066992536626e+01 5.090147260037770904e-02
1.005571169545158661e+01 5.099998997699656256e-02
1.006533272097780873e+01 5.107472456702938368e-02
1.007495374650402908e+01 5.114024325534002879e-02
1.008457477203024943e+01 5.121126358175742688e-02
1.009419579755646978e+01 5.130250308611052079e-02
1.010381682308269191e+01 5.142867930822826034e-02
1.011343784860891226e+01 5.160058982029307184e-02
1.012305887413513261e+01 5.179218165906770976e-02
1.013267989966135296e+01 5.195720376007802177e-02
1.014230092518757331e+01 5.205602395225696066e-02
1.015192195071379544e+01 5.210899532164143394e-02
1.016154297624001579e+01 5.216760179956271559e-02
1.017116400176623614e+01 5.227671886649921940e-02
1.018078502729245649e+01 5.242623269154964710e-02
1.019040605281867862e+01 5.257964122743984114e-02
1.020002707834489897e+01 5.270487207672899799e-02
1.020964810387111932e+01 5.280251895799418366e-02
1.021926912939733967e+01 5.288732156355054753e-02
1.022889015492356002e+01 5.297323284234201762e-02
1.023851118044978215e+01 5.306900153122583175e-02
1.024813220597600250e+01 5.318139356289916519e-02
1.025775323150222285e+01 5.331387998095896835e-02
1.026737425702844320e+01 5.345268768561369649e-02
1.027699528255466355e+01 5.357841475829212136e-02
1.028661630808088567e+01 5.367652291165748296e-02
1.029623733360710602e+01 5.375366444359493817e-02
1.030585835913332637e+01 5.382225765434926756e-02
1.031547938465954672e+01 5.389472096392790290e-02
1.032510041018576885e+01 5.398347279233828289e-02
1.033472143571198920e+01 5.410092191390675903e-02
1.034434246123820955e+01 5.425140281933886477e-02
1.035396348676442990e+01 5.441651756132984130e-02
1.036358451229065025e+01 5.457393386903228172e-02
1.037320553781687238e+01 5.470883721198287197e-02
1.038282656334309273e+01 5.482300863897908438e-02
1.039244758886931308e+01 5.492047093745829056e-02
1.040206861439553343e+01 5.500711052445787091e-02
1.041168963992175378e+01 5.509199872268335380e-02
1.042131066544797591e+01 5.518439321624117599e-02
1.043093169097419626e+01 5.528861620614623079e-02
1.044055271650041661e+01 5.540254383959245660e-02
1.045017374202663696e+01 5.552361795617269391e-02
1.045979476755285908e+01 5.564928039547980404e-02
1.046941579307907944e+01 5.577697299710652340e-02
1.047903681860529979e+01 5.590454195448372327e-02
1.048865784413152014e+01 5.603536375891251392e-02
1.049827886965774049e+01 5.617682091694074092e-02
1.050789989518396261e+01 5.633498118564177204e-02
1.051752092071018296e+01 5.650357025859122084e-02
1.052714194623640331e+01 5.666990789805623902e-02
1.053676297176262366e+01 5.682125938120662079e-02
1.054638399728884401e+01 5.694488998521218120e-02
1.055600502281506614e+01 5.702806503454659059e-02
1.056562604834128649e+01 5.706699227148312459e-02
1.057524707386750684e+01 5.709179661718128546e-02
1.058486809939372719e+01 5.714059838117459267e-02
1.059448912491994932e+01 5.723583599165916330e-02
1.060411015044616967e+01 5.736124092893368082e-02
1.061373117597239002e+01 5.749477731917508605e-02
1.062335220149861037e+01 5.762108288414013318e-02
1.063297322702483072e+01 5.773556860333526469e-02
1.064259425255105285e+01 5.783494452377759693e-02
1.065221527807727320e+01 5.792405333594097261e-02
1.066183630360349355e+01 5.801632010815074153e-02
1.067145732912971390e+01 5.812447873835285134e-02
1.068107835465593602e+01 5.824754338768665940e-02
1.069069938018215637e+01 5.837522204197124337e-02
1.070032040570837673e+01 5.849834580761358038e-02
1.070994143123459708e+01 5.861665840933578259e-02
1.071956245676081743e+01 5.873364155578540691e-02
1.072918348228703955e+01 5.885207379930519622e-02
1.073880450781325990e+01 5.897192471636047983e-02
1.074842553333948025e+01 5.909247507150499484e-02
1.075804655886570060e+01 5.921300562929248529e-02
1.076766758439192095e+01 5.933279715427673684e-02
1.077728860991814308e+01 5.945113665378002482e-02
1.078690963544436343e+01 5.956756351160414492e-02
1.079653066097058378e+01 5.968195067546852584e-02
1.080615168649680413e+01 5.979402105195110589e-02
1.081577271202302626e+01 5.990088391190853678e-02
1.082539373754924661e+01 5.999762302632628136e-02
1.083501476307546696e+01 6.008172830339477549e-02
1.084463578860168731e+01 6.016837980392474028e-02
1.085425681412790766e+01 6.028050081891997425e-02
1.086387783965412979e+01 6.042956974250091734e-02
1.087349886518035014e+01 6.058463327572474050e-02
1.088311989070657049e+01 6.070515647319053160e-02
1.089274091623279084e+01 6.077715005756092331e-02
1.090236194175901119e+01 6.083803976894435611e-02
1.091198296728523331e+01 6.092978502856609413e-02
1.092160399281145367e+01 6.106048618530082045e-02
1.093122501833767402e+01 6.120280246843663730e-02
1.094084604386389437e+01 6.133008113168462311e-02
1.095046706939011649e+01 6.143833220619692587e-02
1.096008809491633684e+01 6.153620545012861848e-02
1.096970912044255719e+01 6.163248781621295108e-02
1.097933014596877754e+01 6.173596625718318076e-02
1.098895117149499789e+01 6.185536810464632024e-02
1.099857219702122002e+01 6.198917449337493918e-02
1.100819322254744037e+01 6.211408253408756686e-02
1.101781424807366072e+01 6.220532025748811561e-02
1.102743527359988107e+01 6.227224414954433268e-02
1.103705629912610142e+01 6.236059600832845329e-02
1.104667732465232355e+01 6.251055190465498734e-02
1.105629835017854390e+01 6.269630390217931226e-02
1.106591937570476425e+01 6.285714389264937529e-02
1.107554040123098460e+01 6.295188605359813838e-02
1.108516142675720673e+01 6.301602579039612684e-02
1.109478245228342708e+01 6.310318584503897543e-02
1.110440347780964743e+01 6.323345991377732345e-02
1.111402450333586778e+01 6.336841489795382032e-02
1.112364552886208813e+01 6.346615917548978358e-02
1.113326655438831025e+01 6.352529264895992456e-02
1.114288757991453060e+01 6.357785327481838000e-02
1.115250860544075096e+01 6.365266386754178662e-02
1.116212963096697131e+01 6.375304889052552104e-02
1.117175065649319343e+01 6.387279823802279044e-02
1.118137168201941378e+01 6.400568524685021354e-02
1.119099270754563413e+01 6.414548325382453398e-02
1.120061373307185448e+01 6.428597471869945679e-02
1.121023475859807483e+01 6.442119263159214182e-02
1.121985578412429696e+01 6.454544545750884321e-02
1.122947680965051731e+01 6.465362030984551922e-02
1.123909783517673766e+01 6.474515886802265086e-02
1.124871886070295801e+01 6.482170550915765384e-02
1.125833988622917836e+01 6.488764110696350340e-02
1.126796091175540049e+01 6.495571354319032431e-02
1.127758193728162084e+01 6.504002595862397318e-02
1.128720296280784119e+01 6.514562989288581740e-02
1.129682398833406154e+01 6.526612745636632684e-02
1.130644501386028367e+01 6.539438587690009352e-02
1.131606603938650402e+01 6.552327238232169559e-02
1.132568706491272437e+01 6.564565543993663987e-02
1.133530809043894472e+01 6.575853179079280131e-02
1.134492911596516507e+01 6.587222854543303696e-02
1.135455014149138719e+01 6.599946929542663265e-02
1.136417116701760754e+01 6.614247177744776718e-02
1.137379219254382789e+01 6.629021608951854438e-02
1.138341321807004825e+01 6.643083768991933646e-02
1.139303424359626860e+01 6.655247203693050173e-02
1.140265526912249072e+01 6.664326452275838586e-02
1.141227629464871107e+01 6.670172165637588968e-02
1.142189732017493142e+01 6.675631687212925380e-02
1.143151834570115177e+01 6.683982551687085716e-02
1.144113937122737390e+01 6.695574063049156144e-02
1.145076039675359425e+01 6.707563415559929243e-02
1.146038142227981460e+01 6.717438099718597844e-02
1.147000244780603495e+01 6.725983200273488727e-02
1.147962347333225530e+01 6.735334658634035965e-02
1.148924449885847743e+01 6.746515609589681661e-02
1.149886552438469778e+01 6.758056241393711749e-02
1.150848654991091813e+01 6.768254849788328531e-02
1.151810757543713848e+01 6.777156172602008533e-02
1.152772860096336061e+01 6.786240356855186007e-02
1.153734962648958096e+01 6.796598481203408593e-02
1.154697065201580131e+01 6.807350999924834112e-02
1.155659167754202166e+01 6.817071848934734557e-02
1.156621270306824201e+01 6.825206787092200078e-02
1.157583372859446413e+01 6.832519876622535071e-02
1.158545475412068448e+01 6.839884801283496740e-02
1.159507577964690483e+01 6.848175244832843678e-02
1.160469680517312518e+01 6.858263937882690120e-02
1.161431783069934554e+01 6.870436901603668711e-02
1.162393885622556766e+01 6.883395787567740676e-02
1.163355988175178801e+01 6.895649677741202965e-02
1.164318090727800836e+01 6.907115485250078790e-02
1.165280193280422871e+01 6.918990226534985077e-02
1.166242295833045084e+01 6.931990367859433566e-02
1.167204398385667119e+01 6.944349031235677594e-02
1.168166500938289154e+01 6.953612128665401237e-02
1.169128603490911189e+01 6.959488278040461273e-02
1.170090706043533224e+01 6.964806988167315804e-02
1.171052808596155437e+01 6.972323633804863863e-02
1.172014911148777472e+01 6.982295136736585417e-02
1.172977013701399507e+01 6.993795697892932206e-02
1.173939116254021542e+01 7.005933750303250385e-02
1.174901218806643577e+01 7.017908360960564695e-02
1.175863321359265790e+01 7.028978064125195047e-02
1.176825423911887825e+01 7.039016752864342419e-02
1.177787526464509860e+01 7.048327940469145680e-02
1.178749629017131895e+01 7.057223919512710386e-02
1.179711731569754107e+01 7.066016982568140703e-02
1.180673834122376142e+01 7.075019422208532471e-02
1.181635936674998177e+01 7.084543531006995409e-02
1.182598039227620212e+01 7.094901601536632296e-02
1.183560141780242247e+01 7.106170373329613599e-02
1.184522244332864460e+01 7.117371438988448484e-02
1.185484346885486495e+01 7.127251247587801375e-02
1.186446449438108530e+01 7.135276736871121184e-02
1.187408551990730565e+01 7.141815357159803090e-02
1.188370654543352600e+01 7.147497980845431143e-02
1.189332757095974813e+01 7.154172329843150324e-02
1.190294859648596848e+01 7.164089125486340637e-02
1.191256962201218883e+01 7.177081750059946530e-02
1.192219064753840918e+01 7.189254545296501486e-02
1.193181167306463131e+01 7.197049949762292231e-02
1.194143269859085166e+01 7.201712719507245841e-02
1.195105372411707201e+01 7.206606515625352261e-02
1.196067474964329236e+01 7.213809786704400429e-02
1.197029577516951271e+01 7.223062028565824244e-02
1.197991680069573484e+01 7.233857023611479919e-02
1.198953782622195519e+01 7.245688554243225055e-02
1.199915885174817554e+01 7.258049163991338315e-02
1.200877987727439589e+01 7.270262614258288236e-02
1.201840090280061801e+01 7.281314187396294157e-02
1.202802192832683836e+01 7.290301733777986015e-02
1.203764295385305871e+01 7.297762567370907894e-02
1.204726397937927906e+01 7.305021333936800865e-02
1.205688500490549941e+01 7.313046821285761057e-02
1.206650603043172154e+01 7.322040812866045800e-02
1.207612705595794189e+01 7.332061797698367911e-02
1.208574808148416224e+01 7.342722161605856612e-02
1.209536910701038259e+01 7.353384328157581973e-02
1.210499013253660294e+01 7.363407967007597199e-02
1.211461115806282507e+01 7.372152747809952722e-02
1.212423218358904542e+01 7.379089265768036532e-02
1.213385320911526577e+01 7.384716973279462082e-02
1.214347423464148612e+01 7.390090744135839607e-02
1.215309526016770825e+01 7.395956548556598120e-02
1.216271628569392860e+01 7.402440427503247100e-02
1.217233731122014895e+01 7.409595884605937877e-02
1.218195833674636930e+01 7.417476423494803739e-02
1.219157936227258965e+01 7.426135547799997405e-02
1.220120038779881178e+01 7.435626761151661879e-02
1.221082141332503213e+01 7.446003567179936000e-02
1.222044243885125248e+01 7.457236581167028810e-02
1.223006346437747283e+01 7.468710655346184890e-02
1.223968448990369318e+01 7.479559583767320108e-02
1.224930551542991530e+01 7.488989180470520535e-02
1.225892654095613565e+01 7.496314424090608219e-02
1.226854756648235600e+01 7.501161072439437028e-02
1.227816859200857635e+01 7.504867222275914129e-02
1.228778961753479848e+01 7.509349317358975096e-02
1.229741064306101883e+01 7.515698991825649211e-02
1.230703166858723918e+01 7.524008294498348015e-02
1.231665269411345953e+01 7.534104562989447917e-02
1.232627371963967988e+01 7.544929162894457864e-02
1.233589474516590201e+01 7.555217976549113978e-02
1.234551577069212236e+01 7.564404399063871798e-02
1.235513679621834271e+01 7.572574326263582789e-02
1.236475782174456306e+01 7.579838734630524322e-02
1.237437884727078341e+01 7.586308600646980704e-02
1.238399987279700554e+01 7.592165139167801613e-02
1.239362089832322589e+01 7.598480230586307504e-02
1.240324192384944624e+01 7.606930016410777540e-02
1.241286294937566659e+01 7.617748171598129336e-02
1.242248397490188871e+01 7.628001574795020834e-02
1.243210500042810907e+01 7.634834413961304189e-02
1.244172602595432942e+01 7.639297777274549339e-02
1.245134705148054977e+01 7.644272178514607829e-02
1.246096807700677012e+01 7.651226844735074806e-02
1.247058910253299224e+01 7.659543189013758024e-02
1.248021012805921259e+01 7.668418200233970139e-02
1.248983115358543294e+01 7.676961551986831445e-02
1.249945217911165329e+01 7.684302570570800128e-02
1.250907320463787542e+01 7.690554735217006166e-02
1.251869423016409577e+01 7.696772494878872939e-02
1.252831525569031612e+01 7.703697914743222463e-02
1.253793628121653647e+01 7.711049199988684322e-02
1.254755730674275682e+01 7.718358381328305207e-02
1.255717833226897895e+01 7.725157489475126260e-02
1.256679935779519930e+01 7.730987709993203394e-02
1.257642038332141965e+01 7.736124810462326196e-02
1.258604140884764000e+01 7.742104823147019643e-02
1.259566243437386035e+01 7.750051378056800611e-02
1.260528345990008248e+01 7.758162080810991623e-02
1.261490448542630283e+01 7.763823968969679745e-02
1.262452551095252318e+01 7.768550708081894962e-02
1.263414653647874353e+01 7.777944147980898892e-02
1.264376756200496565e+01 7.793964492045198089e-02
1.265338858753118600e+01 7.807675585647497196e-02
1.266300961305740636e+01 7.809657226313949929e-02
1.267263063858362671e+01 7.804037204058379695e-02
1.268225166410984706e+01 7.802218542462720230e-02
1.269187268963606918e+01 7.808979268112475891e-02
1.270149371516228953e+01 7.819099269839047128e-02
1.271111474068850988e+01 7.827625316742257977e-02
1.272073576621473023e+01 7.834331944344608001e-02
1.273035679174095058e+01 7.840283133493325396e-02
1.273997781726717271e+01 7.846542894034773397e-02
1.274959884279339306e+01 7.854167864973921054e-02
1.275921986831961341e+01 7.863122898825299079e-02
1.276884089384583376e+01 7.871135371380243162e-02
1.277846191937205589e+01 7.876299419155025072e-02
1.278808294489827624e+01 7.880550075693304457e-02
1.279770397042449659e+01 7.887122781049253628e-02
1.280732499595071694e+01 7.896497355786898098e-02
1.281694602147693729e+01 7.906446698960160890e-02
1.282656704700315942e+01 7.915234849543086038e-02
1.283618807252937977e+01 7.922674827984622914e-02
1.284580909805560012e+01 7.928824011644829139e-02
1.285543012358182047e+01 7.933739777883765110e-02
1.286505114910804259e+01 7.937488379157614515e-02
1.287467217463426294e+01 7.940393517331865991e-02
1.288429320016048329e+01 7.943069879085486173e-02
1.289391422568670365e+01 7.946029792662849534e-02
1.290353525121292400e+01 7.949444929280558014e-02
1.291315627673914612e+01 7.953425847559197903e-02
1.292277730226536647e+01 7.958083106119354100e-02
1.293239832779158682e+01 7.963518831540510046e-02
1.294201935331780717e+01 7.969567546593851748e-02
1.295164037884402752e+01 7.975747477587301348e-02
1.296126140437024965e+01 7.981601933296755824e-02
1.297088242989647000e+01 7.986801121205328036e-02
1.298050345542269035e+01 7.991187728982140914e-02
1.299012448094891070e+01 7.995788987878121867e-02
1.299974550647513283e+01 8.002140137109288454e-02
1.300936653200135318e+01 8.010171880668257027e-02
1.301898755752757353e+01 8.018009499678614704e-02
1.302860858305379388e+01 8.024287405428195963e-02
1.303822960858001423e+01 8.029256931114629736e-02
1.304785063410623636e+01 8.033448751958210954e-02
1.305747165963245671e+01 8.037477485827883295e-02
1.306709268515867706e+01 8.041965259193765980e-02
1.307671371068489741e+01 8.046924232222316120e-02
1.308633473621111776e+01 8.051773358984999629e-02
1.309595576173733988e+01 8.055907085891036989e-02
1.310557678726356023e+01 8.058719859349655623e-02
1.311519781278978058e+01 8.060212644784552072e-02
1.312481883831600094e+01 8.063660337955978752e-02
1.313443986384222306e+01 8.072996239993776579e-02
1.314406088936844341e+01 8.085589155952825624e-02
1.315368191489466376e+01 8.093836248354853435e-02
1.316330294042088411e+01 8.094654372049690794e-02
1.317292396594710446e+01 8.092710541822238646e-02
1.318254499147332659e+01 8.092291198417675413e-02
1.319216601699954694e+01 8.093412652357610815e-02
1.320178704252576729e+01 8.095327825194942317e-02
1.321140806805198764e+01 8.099719766929476539e-02
1.322102909357820799e+01 8.109466494927582148e-02
1.323065011910443012e+01 8.123253918232760384e-02
1.324027114463065047e+01 8.134895031980904356e-02
1.324989217015687082e+01 8.140298127078980650e-02
1.325951319568309117e+01 8.141238230669539666e-02
1.326913422120931330e+01 8.140382984349400775e-02
1.327875524673553365e+01 8.140400029715387509e-02
1.328837627226175400e+01 8.143733591065345501e-02
1.329799729778797435e+01 8.149665937163270979e-02
1.330761832331419470e+01 8.155147492016323607e-02
1.331723934884041682e+01 8.157781245254104585e-02
1.332686037436663717e+01 8.156233589878526813e-02
1.333648139989285752e+01 8.151302226106692250e-02
1.334610242541907787e+01 8.150219545575471125e-02
1.335572345094530000e+01 8.159721581184052608e-02
1.336534447647152035e+01 8.174302479906082886e-02
1.337496550199774070e+01 8.183726151083646483e-02
1.338458652752396105e+01 8.186012268344181053e-02
1.339420755305018140e+01 8.186207419549572373e-02
1.340382857857640353e+01 8.187721990026675112e-02
1.341344960410262388e+01 8.190870692585704160e-02
1.342307062962884423e+01 8.195491985342848174e-02
1.343269165515506458e+01 8.200803747436724578e-02
1.344231268068128493e+01 8.205893044644309298e-02
1.345193370620750706e+01 8.209846942742581033e-02
1.346155473173372741e+01 8.211824151208781120e-02
1.347117575725994776e+01 8.212210056195443086e-02
1.348079678278616811e+01 8.212418078243016728e-02
1.349041780831239024e+01 8.213755329643607217e-02
1.350003883383861059e+01 8.217310499331791085e-02
1.350965985936483094e+01 8.223208389746725078e-02
1.351928088489105129e+01 8.228693616886988138e-02
1.352890191041727164e+01 8.230983509098287187e-02
1.353852293594349376e+01 8.230485786965675843e-02
1.354814396146971411e+01 8.228818260264499085e-02
1.355776498699593446e+01 8.227601048694906105e-02
1.356738601252215481e+01 8.228418709719974300e-02
1.357700703804837516e+01 8.231509473254555731e-02
1.358662806357459729e+01 8.235385093329929129e-02
1.359624908910081764e+01 8.238930213319949070e-02
1.360587011462703799e+01 8.242168886129627725e-02
1.361549114015325834e+01 8.245288119661704773e-02
1.362511216567948047e+01 8.248474921818915728e-02
1.363473319120570082e+01 8.251916300504001656e-02
1.364435421673192117e+01 8.255799263619702233e-02
1.365397524225814152e+01 8.260301931385564955e-02
1.366359626778436187e+01 8.265430264647879999e-02
1.367321729331058400e+01 8.271014827188681584e-02
1.368283831883680435e+01 8.275683947197184920e-02
1.369245934436302470e+01 8.276197885571132118e-02
1.370208036988924505e+01 8.271857814478157656e-02
1.371170139541546540e+01 8.269428308921659976e-02
1.372132242094168753e+01 8.274665839813608037e-02
1.373094344646790788e+01 8.281843293174405429e-02
1.374056447199412823e+01 8.282603374574248889e-02
1.375018549752034858e+01 8.277726817685882033e-02
1.375980652304657070e+01 8.272858535937824276e-02
1.376942754857279105e+01 8.270601737616288529e-02
1.377904857409901140e+01 8.270713758112147040e-02
1.378866959962523175e+01 8.272845981566590012e-02
1.379829062515145210e+01 8.276649792120811810e-02
1.380791165067767423e+01 8.281776573916006801e-02
1.381753267620389458e+01 8.287877711093367961e-02
1.382715370173011493e+01 8.294537836294389732e-02
1.383677472725633528e+01 8.301048453122041038e-02
1.384639575278255741e+01 8.306620625614831444e-02
1.385601677830877776e+01 8.310465415604528783e-02
1.386563780383499811e+01 8.311849441120146287e-02
1.387525882936121846e+01 8.310838142356791192e-02
1.388487985488743881e+01 8.308117467662484712e-02
1.389450088041366094e+01 8.305079581904976915e-02
1.390412190593988129e+01 8.303918392304703022e-02
1.391374293146610164e+01 8.305137896654990470e-02
1.392336395699232199e+01 8.306000294449622512e-02
1.393298498251854234e+01 8.304381541750634199e-02
1.394260600804476447e+01 8.301064480563936920e-02
1.395222703357098482e+01 8.297375008240107097e-02
1.396184805909720517e+01 8.294639022129718375e-02
1.397146908462342552e+01 8.294182419583352728e-02
1.398109011014964764e+01 8.297331097951578249e-02
1.399071113567586799e+01 8.305081967031070767e-02
1.400033216120208834e+01 8.313740215413767398e-02
1.400995318672830869e+01 8.316339542591620615e-02
1.401957421225452904e+01 8.312232826286176934e-02
1.402919523778075117e+01 8.307894384914267516e-02
1.403881626330697152e+01 8.307362524505049195e-02
1.404843728883319187e+01 8.309974514924753364e-02
1.405805831435941222e+01 8.314527814028425945e-02
1.406767933988563257e+01 8.319585461493210488e-02
1.407730036541185470e+01 8.323616871323022415e-02
1.408692139093807505e+01 8.324870028403304201e-02
1.409654241646429540e+01 8.322053863063236245e-02
1.410616344199051575e+01 8.316939792315260205e-02
1.411578446751673788e+01 8.312427810958994412e-02
1.412540549304295823e+01 8.311419686002903540e-02
1.413502651856917858e+01 8.316463188482729751e-02
1.414464754409539893e+01 8.324668685408759261e-02
1.415426856962161928e+01 8.329059954497292084e-02
1.416388959514784140e+01 8.327354747377607724e-02
1.417351062067406176e+01 8.322586761470988914e-02
1.418313164620028211e+01 8.317119083585802763e-02
1.419275267172650246e+01 8.311834421539313067e-02
1.420237369725272458e+01 8.307527654142728146e-02
1.421199472277894493e+01 8.305083927573163327e-02
1.422161574830516528e+01 8.305400461436898696e-02
1.423123677383138563e+01 8.309374475340232380e-02
1.424085779935760598e+01 8.316913754011406867e-02
1.425047882488382811e+01 8.323450434809044618e-02
1.426009985041004846e+01 8.324098657473727458e-02
1.426972087593626881e+01 8.320111380820115199e-02
1.427934190146248916e+01 8.315189435506492588e-02
1.428896292698870951e+01 8.313040003291292945e-02
1.429858395251493164e+01 8.316894811505903817e-02
1.430820497804115199e+01 8.323276522150445389e-02
1.431782600356737234e+01 8.324100424107172547e-02
1.432744702909359269e+01 8.319152459176365477e-02
1.433706805461981482e+01 8.315926854046601369e-02
1.434668908014603517e+01 8.316468153398551277e-02
1.435631010567225552e+01 8.315372978918868230e-02
1.436593113119847587e+01 8.310727293132966209e-02
1.437555215672469622e+01 8.307408098063077950e-02
1.438517318225091834e+01 8.308712967042528041e-02
1.439479420777713869e+01 8.312907783204974421e-02
1.440441523330335905e+01 8.317573430668415146e-02
1.441403625882957940e+01 8.320290793879700497e-02
1.442365728435579975e+01 8.319473799716672890e-02
1.443327830988202187e+01 8.316795488141610904e-02
1.444289933540824222e+01 8.314725811924179866e-02
1.445252036093446257e+01 8.315734723834042330e-02
1.446214138646068292e+01 8.321057698675901615e-02
1.447176241198690505e+01 8.323594270211408241e-02
1.448138343751312540e+01 8.314508278571917932e-02
1.449100446303934575e+01 8.300205045236143386e-02
1.450062548856556610e+01 8.293993064391118331e-02
1.451024651409178645e+01 8.296224020902352725e-02
1.451986753961800858e+01 8.299017519196731640e-02
1.452948856514422893e+01 8.299208320321604937e-02
1.453910959067044928e+01 8.297560794242703208e-02
1.454873061619666963e+01 8.294951737605368858e-02
1.455835164172288998e+01 8.292243937234956841e-02
1.456797266724911211e+01 8.289844322949858901e-02
1.457759369277533246e+01 8.287616512278714320e-02
1.458721471830155281e+01 8.285495663947360645e-02
1.459683574382777316e+01 8.283566370170777904e-02
1.460645676935399528e+01 8.281924851468856763e-02
1.461607779488021563e+01 8.280667328361485113e-02
1.462569882040643598e+01 8.279890021368553621e-02
1.463531984593265634e+01 8.279689442287763157e-02
1.464494087145887669e+01 8.280263628500952877e-02
1.465456189698509881e+01 8.282059809691305619e-02
1.466418292251131916e+01 8.284483665307158795e-02
1.467380394803753951e+01 8.283783047011002154e-02
1.468342497356375986e+01 8.277233957777026252e-02
1.469304599908998199e+01 8.267657407445010154e-02
1.470266702461620234e+01 8.259072805590406130e-02
1.471228805014242269e+01 8.255499561788667839e-02
1.472190907566864304e+01 8.259279477728088958e-02
1.473153010119486339e+01 8.264793039253159890e-02
1.474115112672108552e+01 8.265389445941551116e-02
1.475077215224730587e+01 8.261719919312793259e-02
1.476039317777352622e+01 8.256932483877839346e-02
1.477001420329974657e+01 8.254177336978198165e-02
1.477963522882596692e+01 8.255628491374637778e-02
1.478925625435218905e+01 8.256375841986637876e-02
1.479887727987840940e+01 8.249549297781423596e-02
1.480849830540462975e+01 8.237900713570028843e-02
1.481811933093085010e+01 8.228412485326329351e-02
1.482774035645707222e+01 8.223168009562935310e-02
1.483736138198329257e+01 8.221550967583710068e-02
1.484698240750951292e+01 8.222917486030607848e-02
1.485660343303573327e+01 8.226623691545588424e-02
1.486622445856195363e+01 8.232025710770608795e-02
1.487584548408817575e+01 8.238379748111196443e-02
1.488546650961439610e+01 8.243615100353769709e-02
1.489508753514061645e+01 8.244881690769023663e-02
1.490470856066683680e+01 8.241702003838215218e-02
1.491432958619305715e+01 8.235421793628204534e-02
1.492395061171927928e+01 8.227432655670900707e-02
1.493357163724549963e+01 8.219126185498211445e-02
1.494319266277171998e+01 8.211893978642038905e-02
1.495281368829794033e+01 8.207069375150548296e-02
1.496243471382416246e+01 8.204861958205329764e-02
1.497205573935038281e+01 8.204416435346302550e-02
1.498167676487660316e+01 8.203814214644020164e-02
1.499129779040282351e+01 8.200363727621745591e-02
1.500091881592904386e+01 8.195652303880376910e-02
1.501053984145526599e+01 8.195204090823185461e-02
1.502016086698148634e+01 8.198119264844989929e-02
1.502978189250770669e+01 8.197087708054155708e-02
1.503940291803392704e+01 8.190176600943900598e-02
1.504902394356014739e+01 8.181225415127166278e-02
1.505864496908636951e+01 8.172724238843376288e-02
1.506826599461258986e+01 8.165472379198369934e-02
1.507788702013881021e+01 8.160189560031082256e-02
1.508750804566503056e+01 8.157566213339360883e-02
1.509712907119125269e+01 8.157545701567688046e-02
1.510675009671747304e+01 8.159267276558890281e-02
1.511637112224369339e+01 8.161481593130431866e-02
1.512599214776991374e+01 8.162609906137870130e-02
1.513561317329613409e+01 8.162045677074568351e-02
1.514523419882235622e+01 8.160211065019164212e-02
1.515485522434857657e+01 8.157517332297802015e-02
1.516447624987479692e+01 8.154307532784606238e-02
1.517409727540101727e+01 8.150744974369932005e-02
1.518371830092723940e+01 8.146816091908902491e-02
1.519333932645345975e+01 8.142499640315936649e-02
1.520296035197968010e+01 8.137777934684263526e-02
1.521258137750590045e+01 8.132705882960927779e-02
1.522220240303212080e+01 8.127406171118017886e-02
1.523182342855834293e+01 8.122004080918675262e-02
1.524144445408456328e+01 8.116624894126052425e-02
1.525106547961078363e+01 8.111393892503296343e-02
1.526068650513700398e+01 8.106477869234719746e-02
1.527030753066322433e+01 8.102705865822720788e-02
1.527992855618944645e+01 8.101278829199552722e-02
1.528954958171566680e+01 8.101097791991979102e-02
1.529917060724188715e+01 8.099566448054240642e-02
1.530879163276810750e+01 8.097272261650112490e-02
1.531841265829432963e+01 8.096888644234923049e-02
1.532803368382054998e+01 8.099025995282370383e-02
1.533765470934677033e+01 8.102695843444954193e-02
1.534727573487299068e+01 8.104499729098732508e-02
1.535689676039921103e+01 8.100145318990466248e-02
1.536651778592543316e+01 8.090281313968823718e-02
1.537613881145165351e+01 8.078258696995188615e-02
1.538575983697787386e+01 8.067455611875440358e-02
1.539538086250409421e+01 8.060955939858616137e-02
1.540500188803031456e+01 8.059699983311609250e-02
1.541462291355653669e+01 8.062850359599878225e-02
1.542424393908275704e+01 8.064263586942181650e-02
1.543386496460897739e+01 8.057690021481674070e-02
1.544348599013519774e+01 8.047952043469173977e-02
1.545310701566141987e+01 8.042114887926929412e-02
1.546272804118764022e+01 8.039452291851752197e-02
1.547234906671386057e+01 8.036873056300916640e-02
1.548197009224008092e+01 8.031285505941405944e-02
1.549159111776630127e+01 8.021159185607701358e-02
1.550121214329252339e+01 8.010598795221871016e-02
1.551083316881874374e+01 8.003654955590407127e-02
1.552045419434496409e+01 8.000290730915667059e-02
1.553007521987118444e+01 7.999683676682382838e-02
1.553969624539740657e+01 8.001011348375282328e-02
1.554931727092362692e+01 8.003451301479094782e-02
1.555893829644984727e+01 8.006172282629010761e-02
1.556855932197606762e+01 8.007380740450893708e-02
1.557818034750228797e+01 8.003522149732950064e-02
1.558780137302851010e+01 7.994380799975074614e-02
1.559742239855473045e+01 7.985313537545442319e-02
1.560704342408095080e+01 7.979286489869370780e-02
1.561666444960717115e+01 7.975381665061070935e-02
1.562628547513339150e+01 7.972408627621772881e-02
1.563590650065961363e+01 7.969211985142811427e-02
1.564552752618583398e+01 7.965358139556838468e-02
1.565514855171205433e+01 7.961101309391772907e-02
1.566476957723827468e+01 7.956872876702314468e-02
1.567439060276449680e+01 7.953221725241507722e-02
1.568401162829071716e+01 7.950699839220974618e-02
1.569363265381693751e+01 7.949859202852337103e-02
1.570325367934315786e+01 7.951251800347210186e-02
1.571287470486937821e+01 7.954961372025048938e-02
1.572249573039560033e+01 7.957867878641987358e-02
1.573211675592182068e+01 7.955510021265488341e-02
1.574173778144804103e+01 7.943421957629955010e-02
1.575135880697426138e+01 7.920794795400168398e-02
1.576097983250048173e+01 7.901987326929257871e-02
1.577060085802670386e+01 7.898844855359844763e-02
1.578022188355292421e+01 7.902489060593553827e-02
1.578984290907914456e+01 7.903444500182207899e-02
1.579946393460536491e+01 7.901126877036031282e-02
1.580908496013158704e+01 7.896669361800595643e-02
1.581870598565780739e+01 7.891893132883522066e-02
1.582832701118402774e+01 7.888698367649575605e-02
1.583794803671024809e+01 7.888850137142688901e-02
1.584756906223646844e+01 7.889830870256249462e-02
1.585719008776269057e+01 7.884460784161219371e-02
1.586681111328891092e+01 7.873150755457747341e-02
1.587643213881513127e+01 7.863168805939986516e-02
1.588605316434135162e+01 7.856944302224239118e-02
1.589567418986757197e+01 7.853283384946235790e-02
1.590529521539379409e+01 7.850915200961844365e-02
1.591491624092001445e+01 7.848568897126934063e-02
1.592453726644623480e+01 7.844973620297379657e-02
1.593415829197245515e+01 7.839490824914609191e-02
1.594377931749867727e+01 7.834514823630903124e-02
1.595340034302489762e+01 7.832125338884170229e-02
1.596302136855111797e+01 7.830150049552003777e-02
1.597264239407733832e+01 7.825492991177188107e-02
1.598226341960355867e+01 7.815097879538018821e-02
1.599188444512978080e+01 7.799963674918922174e-02
1.600150547065599937e+01 7.788476140894612376e-02
1.601112649618222150e+01 7.784755859382944121e-02
1.602074752170844008e+01 7.785995561777463159e-02
1.603036854723466220e+01 7.788890004875631545e-02
1.603998957276088433e+01 7.790286383191072361e-02
1.604961059828710290e+01 7.789181690969221306e-02
1.605923162381332503e+01 7.786163244696643615e-02
1.606885264933954360e+01 7.781855706116173887e-02
1.607847367486576573e+01 7.776883736970653660e-02
1.608809470039198786e+01 7.771871999002920306e-02
1.609771572591820643e+01 7.767329406943018766e-02
1.610733675144442856e+01 7.763275656335755226e-02
1.611695777697064713e+01 7.759601212830034844e-02
1.612657880249686926e+01 7.756196541316670579e-02
1.613619982802309138e+01 7.752952106686480938e-02
1.614582085354930996e+01 7.749758373830283043e-02
1.615544187907553209e+01 7.746505807638895402e-02
1.616506290460175421e+01 7.743105937508676373e-02
1.617468393012797279e+01 7.739955412378997368e-02
1.618430495565419491e+01 7.737851337341568325e-02
1.619392598118041349e+01 7.736498451441127522e-02
1.620354700670663561e+01 7.734818820657070326e-02
1.621316803223285774e+01 7.731718248478325339e-02
1.622278905775907631e+01 7.726102538393829489e-02
1.623241008328529844e+01 7.716877595716097049e-02
1.624203110881151702e+01 7.703840689215145365e-02
1.625165213433773914e+01 7.689850114977703210e-02
1.626127315986396127e+01 7.678420732583085551e-02
1.627089418539017984e+01 7.672997206560255856e-02
1.628051521091640197e+01 7.672977236495411024e-02
1.629013623644262054e+01 7.671809040366388277e-02
1.629975726196884267e+01 7.668085406844599161e-02
1.630937828749506480e+01 7.665903449526943747e-02
1.631899931302128337e+01 7.664762027884373941e-02
1.632862033854750550e+01 7.661171639638385267e-02
1.633824136407372407e+01 7.654899233111833734e-02
1.634786238959994620e+01 7.647262263933349291e-02
1.635748341512616832e+01 7.639586663442994585e-02
1.636710444065238690e+01 7.632884529863942502e-02
1.637672546617860903e+01 7.627219555759687242e-02
1.638634649170482760e+01 7.622476977167041978e-02
1.639596751723104973e+01 7.618542030122814335e-02
1.640558854275727185e+01 7.615299950663814710e-02
1.641520956828349043e+01 7.612635974826856278e-02
1.642483059380971255e+01 7.610435338648741110e-02
1.643445161933593468e+01 7.608368285115750529e-02
1.644407264486215325e+01 7.604133921720795941e-02
1.645369367038837538e+01 7.595653059036401589e-02
1.646331469591459395e+01 7.587771989435718178e-02
1.647293572144081608e+01 7.585281875857197154e-02
1.648255674696703821e+01 7.585129674543460154e-02
1.649217777249325678e+01 7.582656551657743216e-02
1.650179879801947891e+01 7.573357704187806683e-02
1.651141982354569748e+01 7.558496396437211495e-02
1.652104084907191961e+01 7.546354021412142454e-02
1.653066187459814174e+01 7.539998714525365797e-02
1.654028290012436031e+01 7.537870244317967927e-02
1.654990392565058244e+01 7.538274224096352949e-02
1.655952495117680101e+01 7.539516267166931907e-02
1.656914597670302314e+01 7.539902492610399409e-02
1.657876700222924526e+01 7.538263910153653047e-02
1.658838802775546384e+01 7.534948751820259860e-02
1.659800905328168596e+01 7.530577781642097679e-02
1.660763007880790454e+01 7.525761467026466367e-02
1.661725110433412667e+01 7.520839870768290802e-02
1.662687212986034879e+01 7.515862563612056568e-02
1.663649315538656737e+01 7.510864795722281551e-02
1.664611418091278949e+01 7.505881817263483635e-02
1.665573520643901162e+01 7.500948878400175157e-02
1.666535623196523019e+01 7.496101229296876778e-02
1.667497725749145232e+01 7.491374120118100832e-02
1.668459828301767089e+01 7.486802801028369370e-02
1.669421930854389302e+01 7.482422522192193337e-02
1.670384033407011515e+01 7.478268533774092008e-02
1.671346135959633372e+01 7.474376085938583270e-02
1.672308238512255585e+01 7.470780428850180843e-02
1.673270341064877442e+01 7.467392868593213107e-02
1.674232443617499655e+01 7.463218323904968754e-02
1.675194546170121868e+01 7.456859208565058683e-02
1.676156648722743725e+01 7.446930996121275959e-02
1.677118751275365938e+01 7.435186082378653083e-02
1.678080853827987795e+01 7.430157179658025690e-02
1.679042956380610008e+01 7.433244975997375936e-02
1.680005058933231865e+01 7.435805028331432531e-02
1.680967161485854078e+01 7.434323555131175376e-02
1.681929264038476290e+01 7.429710959226634714e-02
1.682891366591098148e+01 7.422988103520743175e-02
1.683853469143720361e+01 7.415175850916420897e-02
1.684815571696342218e+01 7.407295064316597732e-02
1.685777674248964431e+01 7.400366606624202148e-02
1.686739776801586643e+01 7.395382372942278792e-02
1.687701879354208501e+01 7.392416648124339185e-02
1.688663981906830713e+01 7.390460001698680170e-02
1.689626084459452571e+01 7.388440525835404671e-02
1.690588187012074783e+01 7.385421867464793400e-02
1.691550289564696996e+01 7.381289391779709275e-02
1.692512392117318853e+01 7.376236463111046637e-02
1.693474494669941066e+01 7.370456903271545290e-02
1.694436597222563279e+01 7.364137697700751106e-02
1.695398699775185136e+01 7.357454142482733328e-02
1.696360802327807349e+01 7.350580388596722470e-02
1.697322904880429206e+01 7.343690587021965699e-02
1.698285007433051419e+01 7.336958888737692142e-02
1.699247109985673632e+01 7.330559444723147577e-02
1.700209212538295489e+01 7.324666405957565296e-02
1.701171315090917702e+01 7.319453923420184138e-02
1.702133417643539559e+01 7.315090943369516319e-02
1.703095520196161772e+01 7.311558692377795321e-02
1.704057622748783984e+01 7.308602675281634931e-02
1.705019725301405842e+01 7.305953435479235758e-02
1.705981827854028055e+01 7.303341516368802577e-02
1.706943930406649912e+01 7.300497523473202521e-02
1.707906032959272125e+01 7.297226255245813087e-02
1.708868135511894337e+01 7.293550442426478819e-02
1.709830238064516195e+01 7.289532626842552820e-02
1.710792340617138407e+01 7.285235350321384029e-02
1.711754443169760265e+01 7.280721154690325547e-02
1.712716545722382477e+01 7.276052581776727701e-02
1.713678648275004690e+01 7.271292173407940818e-02
1.714640750827626547e+01 7.266502471411322162e-02
1.715602853380248760e+01 7.261747659336036109e-02
1.716564955932870618e+01 7.257228955636947643e-02
1.717527058485492830e+01 7.253385721392477392e-02
1.718489161038115043e+01 7.250681137793701936e-02
1.719451263590736900e+01 7.249459967172648678e-02
1.720413366143359113e+01 7.249126267278155344e-02
1.721375468695981326e+01 7.248635394953051314e-02
1.722337571248603183e+01 7.246939941041923017e-02
1.723299673801225396e+01 7.242992496389341617e-02
1.724261776353847253e+01 7.235745651839897707e-02
1.725223878906469466e+01 7.224151998238155514e-02
1.726185981459091678e+01 7.208323208943816229e-02
1.727148084011713536e+01 7.197746467832413786e-02
1.728110186564335748e+01 7.201540752448300220e-02
1.729072289116957606e+01 7.210688573064531759e-02
1.730034391669579819e+01 7.216559921182373605e-02
1.730996494222202031e+01 7.218784935028517424e-02
1.731958596774823889e+01 7.217852302006889931e-02
1.732920699327446101e+01 7.214250709521392857e-02
1.733882801880067959e+01 7.208468844975947365e-02
1.734844904432690171e+01 7.200995395774457963e-02
1.735807006985312384e+01 7.192319049320843038e-02
1.736769109537934241e+01 7.182928493019016813e-02
1.737731212090556454e+01 7.173312414272885185e-02
1.738693314643178311e+01 7.163959500486367926e-02
1.739655417195800524e+01 7.155303554857014858e-02
1.740617519748422737e+01 7.147423927788840170e-02
1.741579622301044594e+01 7.140259128972405167e-02
1.742541724853666807e+01 7.133747310065506608e-02
1.743503827406289020e+01 7.127826622725945416e-02
1.744465929958910877e+01 7.122435218611526675e-02
1.745428032511533090e+01 7.117511249380041594e-02
1.746390135064154947e+01 7.112992866689296645e-02
1.747352237616777160e+01 7.108818222197084424e-02
1.748314340169399372e+01 7.104925467561210017e-02
1.749276442722021230e+01 7.101252754439474346e-02
1.750238545274643442e+01 7.097738234489671394e-02
1.751200647827265300e+01 7.094320059369606246e-02
1.752162750379887513e+01 7.090936380737074274e-02
1.753124852932509725e+01 7.087525350249877787e-02
1.754086955485131583e+01 7.084025119565816320e-02
1.755049058037753795e+01 7.080373840342689407e-02
1.756011160590375653e+01 7.076518412628665655e-02
1.756973263142997865e+01 7.072547533909454009e-02
1.757935365695620078e+01 7.068664913145780715e-02
1.758897468248241935e+01 7.065077576774335399e-02
1.759859570800864148e+01 7.061992551231809079e-02
1.760821673353486005e+01 7.059606130952308933e-02
1.761783775906108218e+01 7.057768776108604147e-02
1.762745878458730431e+01 7.055919108896276104e-02
1.763707981011352288e+01 7.053471692554554029e-02
1.764670083563974501e+01 7.050026288903189775e-02
1.765632186116596358e+01 7.045901912676082179e-02
1.766594288669218571e+01 7.041592162189411197e-02
1.767556391221840784e+01 7.037569484865691116e-02
1.768518493774462641e+01 7.033980810179693566e-02
1.769480596327084854e+01 7.030717778859912892e-02
1.770442698879707066e+01 7.027665187137789593e-02
1.771404801432328924e+01 7.024707831244766942e-02
1.772366903984951136e+01 7.021730507412284050e-02
1.773329006537572994e+01 7.018618011871781415e-02
1.774291109090195206e+01 7.015266116127244489e-02
1.775253211642817419e+01 7.011657660591129326e-02
1.776215314195439277e+01 7.007816968572197491e-02
1.777177416748061489e+01 7.003768617906616645e-02
1.778139519300683347e+01 6.999537186430564162e-02
1.779101621853305559e+01 6.995147251980207703e-02
1.780063724405927772e+01 6.990623392391728808e-02
1.781025826958549629e+01 6.985990185501299299e-02
1.781987929511171842e+01 6.981272209145086838e-02
1.782950032063793699e+01 6.976494041159270187e-02
1.783912134616415912e+01 6.971680259380019784e-02
1.784874237169038125e+01 6.966855441643508839e-02
1.785836339721659982e+01 6.962044165785914729e-02
1.786798442274282195e+01 6.957270973685743265e-02
1.787760544826904052e+01 6.952554651612885550e-02
1.788722647379526265e+01 6.947901958802224498e-02
1.789684749932148478e+01 6.943318146332982943e-02
1.790646852484770335e+01 6.938808465284372617e-02
1.791608955037392548e+01 6.934378166735614968e-02
1.792571057590014760e+01 6.930032501765920339e-02
1.793533160142636618e+01 6.925776721454514340e-02
1.794495262695258830e+01 6.921616076880607316e-02
1.795457365247880688e+01 6.917555819123419325e-02
1.796419467800502900e+01 6.913601199262163488e-02
1.797381570353125113e+01 6.909757468376062639e-02
1.798343672905746971e+01 6.906029877544331286e-02
1.799305775458369183e+01 6.902423677846183936e-02
1.800267878010991041e+01 6.898944120360840648e-02
1.801229980563613253e+01 6.895596456167517319e-02
1.802192083116235466e+01 6.892385936345427067e-02
1.803154185668857323e+01 6.889317811973796890e-02
1.804116288221479536e+01 6.886397334131831582e-02
1.805078390774101393e+01 6.883630443911925578e-02
1.806040493326723606e+01 6.881029171978708669e-02
1.807002595879345819e+01 6.878608720402418220e-02
1.807964698431967676e+01 6.876382330057866088e-02
1.808926800984589889e+01 6.874288524344381035e-02
1.809888903537211746e+01 6.872170235736302368e-02
1.810851006089833959e+01 6.869864166260490623e-02
1.811813108642456172e+01 6.867248172071331591e-02
1.812775211195078029e+01 6.864333019007010095e-02
1.813737313747700242e+01 6.861156253895067669e-02
1.814699416300322099e+01 6.857755423563043073e-02
1.815661518852944312e+01 6.854168074838472291e-02
1.816623621405566524e+01 6.850431754548898244e-02
1.817585723958188382e+01 6.846584009521858305e-02
1.818547826510810594e+01 6.842662386584889844e-02
1.819509929063432807e+01 6.838704432565534397e-02
1.820472031616054664e+01 6.834747687316219955e-02
1.821434134168676877e+01 6.830821498562728022e-02
1.822396236721298735e+01 6.826931195563443189e-02
1.823358339273920947e+01 6.823077728526112662e-02
1.824320441826543160e+01 6.819262047658493364e-02
1.825282544379165017e+01 6.815485103168339442e-02
1.826244646931787230e+01 6.811747845263405043e-02
1.827206749484409087e+01 6.808051224151444314e-02
1.828168852037031300e+01 6.804396190040211401e-02
1.829130954589653513e+01 6.800783693137461838e-02
1.830093057142275370e+01 6.797214683650952549e-02
1.831055159694897583e+01 6.793690111788433517e-02
1.832017262247519440e+01 6.790210927757661663e-02
1.832979364800141653e+01 6.786778081766388360e-02
1.833941467352763866e+01 6.783392524022371917e-02
1.834903569905385723e+01 6.780055204733367868e-02
1.835865672458007936e+01 6.776767074107123423e-02
1.836827775010629793e+01 6.773529082351401054e-02
1.837789877563252006e+01 6.770342179673949357e-02
1.838751980115874218e+01 6.767207316282526641e-02
1.839714082668496076e+01 6.764125442384884279e-02
1.840676185221118288e+01 6.761097508188779193e-02
1.841638287773740501e+01 6.758124463901964141e-02
1.842600390326362358e+01 6.755207259732197433e-02
1.843562492878984571e+01 6.752346845887229054e-02
1.844524595431606429e+01 6.749544172574815926e-02
1.845486697984228641e+01 6.746800190002706643e-02
1.846448800536850854e+01 6.744115848378666456e-02
1.847410903089472711e+01 6.741492067197435434e-02
1.848373005642094924e+01 6.738914872064181993e-02
1.849335108194716781e+01 6.736331490148121659e-02
1.850297210747338994e+01 6.733682911006055871e-02
1.851259313299961207e+01 6.730920944284439489e-02
1.852221415852583064e+01 6.728059087930310378e-02
1.853183518405205277e+01 6.725132669051915590e-02
1.854145620957827134e+01 6.722177040078339272e-02
1.855107723510449347e+01 6.719227553438675282e-02
1.856069826063071559e+01 6.716319561562003604e-02
1.857031928615693417e+01 6.713488051766206000e-02
1.857994031168315630e+01 6.710751384291455124e-02
1.858956133720937487e+01 6.708104796479009979e-02
1.859918236273559700e+01 6.705541816938091759e-02
1.860880338826181912e+01 6.703055974277917495e-02
1.861842441378803770e+01 6.700640797107713931e-02
1.862804543931425982e+01 6.698289814036696710e-02
1.863766646484047840e+01 6.695996553674087026e-02
1.864728749036670052e+01 6.693754544629110237e-02
1.865690851589292265e+01 6.691557315510981985e-02
1.866652954141914122e+01 6.689398394928923464e-02
1.867615056694536335e+01 6.687271311492153092e-02
1.868577159247158548e+01 6.685169593809894839e-02
1.869539261799780405e+01 6.683086770491369899e-02
1.870501364352402618e+01 6.681016370145796690e-02
1.871463466905024475e+01 6.678951921382396406e-02
1.872425569457646688e+01 6.676886952810390241e-02
1.873387672010268901e+01 6.674814993038996613e-02
1.874349774562890758e+01 6.672729570677438105e-02
1.875311877115512971e+01 6.670624214334933133e-02
1.876273979668134828e+01 6.668492452620705668e-02
1.877236082220757041e+01 6.666327814143972741e-02
1.878198184773379253e+01 6.664123827513956932e-02
1.879160287326001111e+01 6.661874021339876661e-02
1.880122389878623324e+01 6.659571924230954509e-02
1.881084492431245181e+01 6.657211064796413058e-02
1.882046594983867394e+01 6.654784971645467950e-02
1.883008697536489606e+01 6.652287173387340380e-02
1.883970800089111464e+01 6.649711198631255704e-02
1.884932902641733676e+01 6.647050575986429566e-02
1.885895005194355534e+01 6.644298834062085934e-02
1.886857107746977746e+01 6.641449501467439065e-02
1.887819210299599959e+01 6.638496106811718478e-02
1.888781312852221816e+01 6.635432178704138428e-02
1.889743415404844029e+01 6.632251245753921498e-02
1.890705517957466242e+01 6.628946836570286105e-02
1.891667620510088099e+01 6.625512479762457607e-02
1.892629723062710312e+01 6.621942444622228030e-02
1.893591825615332169e+01 6.618266222317624459e-02
1.894553928167954382e+01 6.614563169001469456e-02
1.895516030720576595e+01 6.610916335037630986e-02
1.896478133273198452e+01 6.607385513047038528e-02
1.897440235825820665e+01 6.603975951443130654e-02
1.898402338378442522e+01 6.600685088943426815e-02
1.899364440931064735e+01 6.597510364265447846e-02
1.900326543483686947e+01 6.594449216126717361e-02
1.901288646036308805e+01 6.591499083244753421e-02
1.902250748588931017e+01 6.588657404337071311e-02
1.903212851141552875e+01 6.585921618121197418e-02
1.904174953694175088e+01 6.583289163314651193e-02
1.905137056246797300e+01 6.580757478634949309e-02
1.906099158799419158e+01 6.578324002799615378e-02
1.907061261352041370e+01 6.575986174526167460e-02
1.908023363904663228e+01 6.573741432532126394e-02
1.908985466457285440e+01 6.571587215535010240e-02
1.909947569009907653e+01 6.569520962252341223e-02
1.910909671562529510e+01 6.567540111401642955e-02
1.911871774115151723e+01 6.565642101700429334e-02
1.912833876667773936e+01 6.563824371866222585e-02
1.913795979220395793e+01 6.562084360616544931e-02
1.914758081773018006e+01 6.560419506668914436e-02
1.915720184325639863e+01 6.558827248740850546e-02
1.916682286878262076e+01 6.557305025549878263e-02
1.917644389430884289e+01 6.555850275813510097e-02
1.918606491983506146e+01 6.554460438249273824e-02
1.919568594536128359e+01 6.553132951574681953e-02
1.920530697088750216e+01 6.551865254507262259e-02
1.921492799641372429e+01 6.550654785764528643e-02
1.922454902193994641e+01 6.549498984064006102e-02
1.923417004746616499e+01 6.548395288123211311e-02
1.924379107299238711e+01 6.547341136659665106e-02
1.925341209851860569e+01 6.546333968390889713e-02
1.926303312404482782e+01 6.545371222034400416e-02
1.927265414957104994e+01 6.544450336307723604e-02
1.928227517509726852e+01 6.543568749928375949e-02
1.929189620062349064e+01 6.542723901613878290e-02
1.930151722614970922e+01 6.541913230081748687e-02
1.931113825167593134e+01 6.541134174049510752e-02
1.932075927720215347e+01 6.540384172234682547e-02
1.933038030272837204e+01 6.539660663354783521e-02
1.934000132825459417e+01 6.538961086127335898e-02
1.934962235378081274e+01 6.538282879269859127e-02
1.935924337930703487e+01 6.537623481499874045e-02
1.936886440483325700e+01 6.536980331534898714e-02
1.937848543035947557e+01 6.536350868092451194e-02
1.938810645588569770e+01 6.535732529890059261e-02
1.939772748141191983e+01 6.535122755645236814e-02
1.940734850693813840e+01 6.534518984075507464e-02
1.941696953246436053e+01 6.533918653898387885e-02
1.942659055799057910e+01 6.533319203831400301e-02
1.943621158351680123e+01 6.532718072592065550e-02
1.944583260904302335e+01 6.532112698897900305e-02
1.945545363456924193e+01 6.531500521466429565e-02
1.946507466009546405e+01 6.530878979015170005e-02
1.947469568562168263e+01 6.530245510261642461e-02
1.948431671114790475e+01 6.529597553923367770e-02
1.949393773667412688e+01 6.528932548717865381e-02
1.950355876220034546e+01 6.528247933362656130e-02
1.951317978772656758e+01 6.527541146575259468e-02
1.952280081325278616e+01 6.526809627073196229e-02
1.953242183877900828e+01 6.526050813573985865e-02
1.954204286430523041e+01 6.525262144795149211e-02
1.955166388983144898e+01 6.524441059454205716e-02
1.956128491535767111e+01 6.523584996268673442e-02
1.957090594088388968e+01 6.522691393956080164e-02
1.958052696641011181e+01 6.521757691233937004e-02
1.959014799193633394e+01 6.520781326819767576e-02
1.959976901746255251e+01 6.519759739431092715e-02
1.960939004298877464e+01 6.518690367785433259e-02
1.961901106851499677e+01 6.517570650600307269e-02
1.962863209404121534e+01 6.516398026593235582e-02
1.963825311956743747e+01 6.515169934481739034e-02
1.964787414509365604e+01 6.513883812983338462e-02
1.965749517061987817e+01 6.512537100815550539e-02
1.966711619614610029e+01 6.511127236695900267e-02
1.967673722167231887e+01 6.509651659341904317e-02
1.968635824719854099e+01 6.508107807471080752e-02
1.969597927272475957e+01 6.506493119800955960e-02
1.970560029825098169e+01 6.504805035049045225e-02
1.971522132377720382e+01 6.503040991932872161e-02
1.972484234930342240e+01 6.501198429169953441e-02
1.973446337482964452e+01 6.499274785477809901e-02
1.974408440035586310e+01 6.497267499573963767e-02
1.975370542588208522e+01 6.495174010175931711e-02
1.976332645140830735e+01 6.492991756001241510e-02
1.977294747693452592e+01 6.490718175767402898e-02
1.978256850246074805e+01 6.488350708191942262e-02
1.979218952798696662e+01 6.485886791992380440e-02
