7.618010371223582489e-01 2.537429335767282357e+00
7.714220626485789323e-01 2.526647073152250567e+00
7.810430881747997267e-01 2.515790989050848747e+00
7.906641137010204101e-01 2.504862643425328717e+00
8.002851392272412046e-01 2.493863596237939628e+00
8.099061647534618880e-01 2.482795407450932412e+00
8.195271902796826824e-01 2.471659637026557554e+00
8.291482158059033658e-01 2.460457844927066429e+00
8.387692413321241602e-01 2.449191591114707300e+00
8.483902668583448436e-01 2.437862435551733320e+00
8.580112923845655271e-01 2.426471938200393197e+00
8.676323179107863215e-01 2.415021659022938305e+00
8.772533434370071159e-01 2.403513157981617354e+00
8.868743689632277993e-01 2.391947995038683494e+00
8.964953944894484827e-01 2.380327730156386323e+00
9.061164200156692772e-01 2.368653923296974551e+00
9.157374455418899606e-01 2.356928134422700438e+00
9.253584710681107550e-01 2.345151923495814028e+00
9.349794965943314384e-01 2.333326850478566250e+00
9.446005221205522329e-01 2.321454475333206702e+00
9.542215476467729163e-01 2.309536358021986757e+00
9.638425731729935997e-01 2.297574058507155570e+00
9.734635986992143941e-01 2.285569136750964958e+00
9.830846242254351885e-01 2.273523152715664963e+00
9.927056497516558720e-01 2.261437666363506516e+00
1.002326675277876555e+00 2.249314237656739213e+00
1.011947700804097350e+00 2.237154426557613540e+00
1.021568726330317922e+00 2.224959793028381316e+00
1.031189751856538717e+00 2.212731897031291695e+00
1.040810777382759511e+00 2.200472298528595605e+00
1.050431802908980305e+00 2.188182557482543089e+00
1.060052828435201100e+00 2.175864233855385077e+00
1.069673853961421672e+00 2.163518887609372499e+00
1.079294879487642467e+00 2.151148078706754951e+00
1.088915905013863261e+00 2.138753367109783809e+00
1.098536930540083834e+00 2.126336312780708671e+00
1.108157956066304628e+00 2.113898475681780020e+00
1.117778981592525422e+00 2.101441415775248789e+00
1.127400007118746217e+00 2.088966693023365462e+00
1.137021032644966789e+00 2.076475867388380969e+00
1.146642058171187584e+00 2.063970498832544909e+00
1.156263083697408378e+00 2.051452147318108210e+00
1.165884109223628951e+00 2.038922372807321359e+00
1.175505134749849745e+00 2.026382735262434398e+00
1.185126160276070539e+00 2.013834794645698700e+00
1.194747185802291334e+00 2.001280110919363420e+00
1.204368211328512128e+00 1.988720244045680152e+00
1.213989236854732701e+00 1.976156753986899162e+00
1.223610262380953495e+00 1.963591200705270046e+00
1.233231287907174067e+00 1.951025144163045066e+00
1.242852313433394862e+00 1.938460144322473155e+00
1.252473338959615656e+00 1.925897761145805243e+00
1.262094364485836451e+00 1.913339554595292036e+00
1.271715390012057245e+00 1.900787084633183799e+00
1.281336415538277818e+00 1.888241911221731684e+00
1.290957441064498612e+00 1.875705594323185066e+00
1.300578466590719184e+00 1.863179693899794875e+00
1.310199492116939979e+00 1.850665769913811820e+00
1.319820517643160773e+00 1.838165382325741337e+00
1.329441543169381568e+00 1.825680047691680574e+00
1.339062568695602362e+00 1.813211126450443356e+00
1.348683594221823157e+00 1.800759943953563980e+00
1.358304619748043729e+00 1.788327825552576300e+00
1.367925645274264523e+00 1.775916096599012839e+00
1.377546670800485096e+00 1.763526082444410337e+00
1.387167696326705890e+00 1.751159108440299539e+00
1.396788721852926685e+00 1.738816499938216742e+00
1.406409747379147479e+00 1.726499582289694024e+00
1.416030772905368273e+00 1.714209680846265904e+00
1.425651798431588846e+00 1.701948120959466682e+00
1.435272823957809640e+00 1.689716227980829544e+00
1.444893849484030213e+00 1.677515327261889011e+00
1.454514875010251007e+00 1.665346744154178271e+00
1.464135900536471802e+00 1.653211804009231400e+00
1.473756926062692596e+00 1.641111832178582253e+00
1.483377951588913390e+00 1.629048154013765126e+00
1.492998977115133963e+00 1.617022094866313209e+00
1.502620002641354757e+00 1.605034980087760799e+00
1.512241028167575330e+00 1.593088135029641528e+00
1.521862053693796124e+00 1.581182885043488806e+00
1.531483079220016918e+00 1.569320488458654017e+00
1.541104104746237713e+00 1.557501737407553266e+00
1.550725130272458507e+00 1.545727225953039907e+00
1.560346155798679302e+00 1.533997547434522435e+00
1.569967181324899874e+00 1.522313295191412896e+00
1.579588206851120669e+00 1.510675062563119342e+00
1.589209232377341241e+00 1.499083442889054041e+00
1.598830257903562035e+00 1.487539029508626376e+00
1.608451283429782830e+00 1.476042415761246174e+00
1.618072308956003624e+00 1.464594194986324149e+00
1.627693334482224419e+00 1.453194960523270352e+00
1.637314360008444991e+00 1.441845305711494607e+00
1.646935385534665786e+00 1.430545823890408297e+00
1.656556411060886358e+00 1.419297108399420360e+00
1.666177436587107152e+00 1.408099752577941954e+00
1.675798462113327947e+00 1.396954349765382464e+00
1.685419487639548741e+00 1.385861493301152381e+00
1.695040513165769536e+00 1.374821776524662420e+00
1.704661538691990108e+00 1.363835792774585887e+00
1.714282564218210902e+00 1.352904134877007891e+00
1.723903589744431475e+00 1.342027394249697192e+00
1.733524615270652269e+00 1.331206162070680765e+00
1.743145640796873064e+00 1.320441029517986031e+00
1.752766666323093858e+00 1.309732587769639300e+00
1.762387691849314653e+00 1.299081428003667105e+00
1.772008717375535225e+00 1.288488141398096642e+00
1.781629742901756019e+00 1.277953319130954224e+00
1.791250768427976814e+00 1.267477552380266825e+00
1.800871793954197386e+00 1.257061432324061867e+00
1.810492819480418181e+00 1.246705550140364993e+00
1.820113845006638975e+00 1.236410497007203624e+00
1.829734870532859770e+00 1.226176864102604069e+00
1.839355896059080342e+00 1.216005242604593750e+00
1.848976921585301136e+00 1.205896223691198754e+00
1.858597947111521931e+00 1.195850398540446058e+00
1.868218972637742725e+00 1.185868357163392339e+00
1.877839998163963298e+00 1.175950511882761562e+00
1.887461023690184092e+00 1.166096908318096537e+00
1.897082049216404886e+00 1.156307546776357942e+00
1.906703074742625459e+00 1.146582427564505791e+00
1.916324100268846253e+00 1.136921550989498986e+00
1.925945125795067048e+00 1.127324917358297096e+00
1.935566151321287842e+00 1.117792526977860357e+00
1.945187176847508415e+00 1.108324380155147892e+00
1.954808202373729209e+00 1.098920477197119494e+00
1.964429227899950003e+00 1.089580818410734731e+00
1.974050253426170798e+00 1.080305404102953615e+00
1.983671278952391370e+00 1.071094234580735494e+00
1.993292304478612165e+00 1.061947310151039714e+00
2.002913330004832737e+00 1.052864631120826733e+00
2.012534355531053532e+00 1.043846197797055009e+00
2.022155381057274326e+00 1.034892010486684999e+00
2.031776406583495120e+00 1.026002069496676272e+00
2.041397432109715915e+00 1.017176375133987731e+00
2.051018457635936265e+00 1.008414927705580499e+00
2.060639483162157504e+00 9.997177275184125911e-01
2.070260508688377854e+00 9.910847748794451295e-01
2.079881534214599093e+00 9.825160700956357962e-01
2.089502559740819443e+00 9.740116134739467135e-01
2.099123585267040237e+00 9.655714053213354520e-01
2.108744610793261032e+00 9.571954459447622465e-01
2.118365636319481382e+00 9.488837356511876653e-01
2.127986661845702621e+00 9.406362747475696118e-01
2.137607687371922971e+00 9.324530635408693202e-01
2.147228712898144209e+00 9.243341023380452492e-01
2.156849738424364560e+00 9.162793907938545646e-01
2.166470763950585354e+00 9.082888240259463508e-01
2.176091789476806149e+00 9.003620786361865580e-01
2.185712815003026943e+00 8.924988038144247016e-01
2.195333840529247738e+00 8.846986487505090757e-01
2.204954866055468088e+00 8.769612626342889738e-01
2.214575891581689326e+00 8.692862946556120241e-01
2.224196917107909677e+00 8.616733940043287410e-01
2.233817942634130471e+00 8.541222098702864196e-01
2.243438968160351266e+00 8.466323914433345754e-01
2.253059993686572060e+00 8.392035879133217247e-01
2.262681019212792854e+00 8.318354484700971607e-01
2.272302044739013205e+00 8.245276223035096219e-01
2.281923070265234443e+00 8.172797586034071804e-01
2.291544095791454794e+00 8.100915365649369315e-01
2.301165121317675588e+00 8.029630230396948010e-01
2.310786146843896383e+00 7.958945547531425246e-01
2.320407172370117177e+00 7.888864739066518972e-01
2.330028197896337971e+00 7.819391227015943802e-01
2.339649223422558322e+00 7.750528433393417682e-01
2.349270248948779560e+00 7.682279780212650788e-01
2.358891274474999911e+00 7.614648689487373279e-01
2.368512300001220705e+00 7.547638583231289777e-01
2.378133325527441500e+00 7.481252883458122671e-01
2.387754351053662294e+00 7.415495012181585466e-01
2.397375376579883088e+00 7.350368391415397218e-01
2.406996402106103439e+00 7.285876443173279204e-01
2.416617427632324677e+00 7.222021691882108962e-01
2.426238453158545028e+00 7.158799783846619968e-01
2.435859478684765822e+00 7.096203184278044862e-01
2.445480504210986616e+00 7.034224341151319448e-01
2.455101529737207411e+00 6.972855702441371761e-01
2.464722555263428205e+00 6.912089716123134275e-01
2.474343580789648556e+00 6.851918830171537245e-01
2.483964606315869794e+00 6.792335492561503152e-01
2.493585631842090145e+00 6.733332151267977794e-01
2.503206657368311383e+00 6.674901254265874773e-01
2.512827682894531733e+00 6.617035249530137664e-01
2.522448708420752528e+00 6.559726585035691171e-01
2.532069733946973322e+00 6.502967758892456152e-01
2.541690759473193673e+00 6.446752125421711943e-01
2.551311784999414911e+00 6.391073756887363233e-01
2.560932810525635261e+00 6.335926747765381339e-01
2.570553836051856500e+00 6.281305192531715376e-01
2.580174861578076850e+00 6.227203185662343321e-01
2.589795887104297645e+00 6.173614821633219840e-01
2.599416912630518439e+00 6.120534194920306259e-01
2.609037938156739234e+00 6.067955399999566124e-01
2.618658963682960028e+00 6.015872531346966312e-01
2.628279989209180378e+00 5.964279683438464819e-01
2.637901014735401617e+00 5.913170950750025190e-01
2.647522040261621967e+00 5.862540624304640735e-01
2.657143065787842762e+00 5.812384090954456628e-01
2.666764091314063556e+00 5.762697117195278995e-01
2.676385116840284351e+00 5.713475469893142256e-01
2.686006142366505145e+00 5.664714915914080828e-01
2.695627167892725495e+00 5.616411222124133573e-01
2.705248193418946734e+00 5.568560155389331578e-01
2.714869218945167084e+00 5.521157482575714814e-01
2.724490244471387879e+00 5.474198970549314369e-01
2.734111269997608673e+00 5.427680386176166882e-01
2.743732295523829467e+00 5.381597496322308993e-01
2.753353321050050262e+00 5.335945897577706321e-01
2.762974346576271056e+00 5.290719365498284255e-01
2.772595372102491407e+00 5.245910571877456796e-01
2.782216397628712201e+00 5.201512173058366884e-01
2.791837423154932996e+00 5.157516825384166337e-01
2.801458448681153790e+00 5.113917185198000315e-01
2.811079474207374584e+00 5.070705908843019527e-01
2.820700499733595379e+00 5.027875652662368022e-01
2.830321525259816173e+00 4.985419072999195955e-01
2.839942550786036524e+00 4.943328826196650705e-01
2.849563576312257318e+00 4.901597568597879095e-01
2.859184601838478113e+00 4.860219300150409594e-01
2.868805627364698907e+00 4.819195006998771014e-01
2.878426652890919701e+00 4.778527938793908914e-01
2.888047678417140496e+00 4.738221346351458307e-01
2.897668703943361290e+00 4.698278480487052544e-01
2.907289729469582085e+00 4.658702592016329413e-01
2.916910754995802435e+00 4.619496931754927260e-01
2.926531780522023229e+00 4.580664750518474437e-01
2.936152806048244024e+00 4.542209299122607624e-01
2.945773831574464818e+00 4.504133828382964611e-01
2.955394857100685613e+00 4.466441589115179300e-01
2.965015882626906407e+00 4.429135832134884487e-01
2.974636908153127202e+00 4.392219808257720182e-01
2.984257933679347552e+00 4.355696768299318622e-01
2.993878959205568346e+00 4.319569963075314267e-01
3.003499984731789141e+00 4.283842643401342687e-01
3.013121010258009935e+00 4.248518060093040005e-01
3.022742035784230730e+00 4.213599463966039571e-01
3.032363061310451524e+00 4.179090105835979729e-01
3.041984086836672319e+00 4.144993236518492719e-01
3.051605112362892669e+00 4.111311749475620725e-01
3.061226137889113463e+00 4.078038394557141344e-01
3.070847163415334258e+00 4.045154577461259615e-01
3.080468188941555052e+00 4.012641105482546711e-01
3.090089214467775847e+00 3.980478785915569362e-01
3.099710239993996641e+00 3.948648426054901517e-01
3.109331265520217435e+00 3.917130833195112127e-01
3.118952291046438230e+00 3.885906814630770145e-01
3.128573316572658580e+00 3.854957177656446188e-01
3.138194342098879375e+00 3.824262729566709762e-01
3.147815367625100169e+00 3.793806081292136478e-01
3.157436393151320964e+00 3.763587856532289999e-01
3.167057418677541758e+00 3.733619035506904882e-01
3.176678444203762552e+00 3.703910722191420257e-01
3.186299469729983347e+00 3.674474020561276921e-01
3.195920495256203697e+00 3.645320034591916225e-01
3.205541520782424492e+00 3.616459868258773969e-01
3.215162546308645286e+00 3.587904625537292058e-01
3.224783571834866081e+00 3.559665410402911290e-01
3.234404597361086875e+00 3.531753235394612944e-01
3.244025622887307669e+00 3.504167436331237506e-01
3.253646648413528464e+00 3.476884333739688193e-01
3.263267673939748814e+00 3.449877556136870527e-01
3.272888699465969609e+00 3.423120732039687808e-01
3.282509724992190403e+00 3.396587489965046114e-01
3.292130750518411197e+00 3.370251458429850966e-01
3.301751776044631992e+00 3.344086265951008441e-01
3.311372801570852786e+00 3.318065541045422395e-01
3.320993827097073581e+00 3.292162912717642165e-01
3.330614852623293931e+00 3.266361098487623460e-01
3.340235878149514726e+00 3.240675143678141690e-01
3.349856903675735520e+00 3.215127278296653901e-01
3.359477929201956314e+00 3.189739732350611034e-01
3.369098954728177109e+00 3.164534735847466806e-01
3.378719980254397903e+00 3.139534518794673823e-01
3.388341005780618698e+00 3.114761311199684135e-01
3.397962031306839492e+00 3.090237343069952014e-01
3.407583056833059842e+00 3.065984842095932916e-01
3.417204082359280637e+00 3.042018681851388906e-01
3.426825107885501431e+00 3.018330076399458051e-01
3.436446133411722226e+00 2.994905491175344214e-01
3.446067158937943020e+00 2.971731391614249040e-01
3.455688184464163815e+00 2.948794243151378613e-01
3.465309209990384609e+00 2.926080511221934577e-01
3.474930235516604959e+00 2.903576661261124681e-01
3.484551261042825754e+00 2.881269158704148348e-01
3.494172286569046548e+00 2.859144542975535219e-01
3.503793312095267343e+00 2.837193959457032788e-01
3.513414337621488137e+00 2.815415790241960758e-01
3.523035363147708932e+00 2.793809051470461657e-01
3.532656388673929726e+00 2.772372759282676902e-01
3.542277414200150076e+00 2.751105929818746798e-01
3.551898439726370871e+00 2.730007579218811653e-01
3.561519465252591665e+00 2.709076723623011773e-01
3.571140490778812460e+00 2.688312379171488575e-01
3.580761516305033254e+00 2.667714027248818676e-01
3.590382541831254049e+00 2.647284707367993373e-01
3.600003567357474843e+00 2.627029101871644623e-01
3.609624592883695637e+00 2.606951901939243976e-01
3.619245618409915988e+00 2.587057798750262427e-01
3.628866643936136782e+00 2.567351483484167640e-01
3.638487669462357577e+00 2.547837647320433385e-01
3.648108694988578371e+00 2.528520981438530657e-01
3.657729720514799165e+00 2.509406177017928785e-01
3.667350746041019960e+00 2.490497925238098764e-01
3.676971771567240754e+00 2.471800917278512699e-01
3.686592797093461105e+00 2.453319844318640475e-01
3.696213822619681899e+00 2.435059397537952530e-01
3.705834848145902694e+00 2.417024268115920138e-01
3.715455873672123488e+00 2.399219147232014293e-01
3.725076899198344282e+00 2.381648726065704602e-01
3.734697924724565077e+00 2.364317562242538306e-01
3.744318950250785871e+00 2.347217450213667511e-01
3.753939975777006222e+00 2.330317041020773250e-01
3.763561001303227016e+00 2.313582542673855991e-01
3.773182026829447810e+00 2.296980163182918144e-01
3.782803052355668605e+00 2.280476110557960179e-01
3.792424077881889399e+00 2.264036592808984782e-01
3.802045103408110194e+00 2.247627817945992146e-01
3.811666128934330988e+00 2.231216193271405857e-01
3.821287154460551783e+00 2.214786985949887821e-01
3.830908179986772133e+00 2.198359559292272780e-01
3.840529205512992927e+00 2.181956862302877886e-01
3.850150231039213722e+00 2.165601843986023345e-01
3.859771256565434516e+00 2.149317453346032136e-01
3.869392282091655311e+00 2.133126639387221135e-01
3.879013307617876105e+00 2.117052351113912489e-01
3.888634333144096900e+00 2.101117247234648433e-01
3.898255358670317250e+00 2.085334764067419411e-01
3.907876384196538044e+00 2.069707430765487244e-01
3.917497409722758839e+00 2.054237146255079305e-01
3.927118435248979633e+00 2.038925809462421024e-01
3.936739460775200428e+00 2.023775319313739218e-01
3.946360486301421222e+00 2.008787574735260706e-01
3.955981511827642016e+00 1.993964474653210361e-01
3.965602537353862367e+00 1.979307418224753867e-01
3.975223562880083161e+00 1.964813376764653896e-01
3.984844588406303956e+00 1.950477008228788112e-01
3.994465613932524750e+00 1.936292950432002002e-01
4.004086639458745545e+00 1.922255841189142445e-01
4.013707664984966783e+00 1.908360318315052984e-01
4.023328690511187133e+00 1.894601019624581328e-01
4.032949716037407484e+00 1.880972582932572967e-01
4.042570741563627834e+00 1.867469646053872556e-01
4.052191767089849073e+00 1.854086846803323640e-01
4.061812792616070311e+00 1.840818822995775039e-01
4.071433818142290662e+00 1.827660212446072241e-01
4.081054843668511012e+00 1.814605652969059069e-01
4.090675869194732250e+00 1.801649782379581566e-01
4.100296894720953489e+00 1.788787238492485776e-01
4.109917920247173839e+00 1.776013882358887519e-01
4.119538945773394190e+00 1.763335266459499506e-01
4.129159971299614540e+00 1.750761555474191766e-01
4.138780996825835778e+00 1.738302942252978323e-01
4.148402022352057017e+00 1.725969619645875142e-01
4.158023047878277367e+00 1.713771780502900410e-01
4.167644073404497718e+00 1.701719617674067042e-01
4.177265098930718068e+00 1.689822869542969841e-01
4.186886124456939307e+00 1.678080264130544230e-01
4.196507149983160545e+00 1.666479200087694346e-01
4.206128175509380895e+00 1.655006557781110721e-01
4.215749201035601246e+00 1.643649217577484722e-01
4.225370226561822484e+00 1.632394059843506051e-01
4.234991252088043723e+00 1.621227964945866629e-01
4.244612277614264073e+00 1.610137813251259209e-01
4.254233303140484423e+00 1.599110485126373771e-01
4.263854328666704774e+00 1.588132860937901125e-01
4.273475354192926012e+00 1.577191821052532084e-01
4.283096379719147251e+00 1.566274245836958567e-01
4.292717405245367601e+00 1.555367015657872221e-01
4.302338430771587952e+00 1.544457010881963299e-01
4.311959456297809190e+00 1.533531246226296496e-01
4.321580481824029540e+00 1.522590697866157139e-01
4.331201507350250779e+00 1.511662302963621418e-01
4.340822532876471129e+00 1.500775826416570480e-01
4.350443558402691480e+00 1.489961033122881306e-01
4.360064583928912718e+00 1.479247687980432546e-01
4.369685609455133957e+00 1.468665555887104790e-01
4.379306634981354307e+00 1.458244180889371744e-01
4.388927660507574657e+00 1.447998604409842238e-01
4.398548686033795008e+00 1.437920638015263708e-01
4.408169711560016246e+00 1.428000004603736661e-01
4.417790737086237485e+00 1.418226427073361606e-01
4.427411762612457835e+00 1.408589628322240994e-01
4.437032788138678185e+00 1.399079331248473945e-01
4.446653813664899424e+00 1.389685075912150403e-01
4.456274839191120662e+00 1.380391789387895862e-01
4.465895864717341013e+00 1.371179547203075499e-01
4.475516890243561363e+00 1.362028194296652506e-01
4.485137915769781713e+00 1.352917575607591183e-01
4.494758941296002952e+00 1.343827536074855278e-01
4.504379966822224191e+00 1.334737920637409925e-01
4.514000992348444541e+00 1.325632347770014652e-01
4.523622017874664891e+00 1.316528379583750130e-01
4.533243043400885242e+00 1.307461533002877707e-01
4.542864068927106480e+00 1.298467488194249286e-01
4.552485094453327719e+00 1.289581925324719269e-01
4.562106119979548069e+00 1.280840524561140670e-01
4.571727145505768419e+00 1.272278955299305236e-01
4.581348171031989658e+00 1.263916571897566177e-01
4.590969196558210896e+00 1.255723576972631317e-01
4.600590222084431247e+00 1.247660954212483769e-01
4.610211247610651597e+00 1.239689687305106924e-01
4.619832273136871947e+00 1.231770759938483756e-01
4.629453298663093186e+00 1.223865155800596266e-01
4.639074324189314424e+00 1.215935586827006504e-01
4.648695349715534775e+00 1.207977639437412265e-01
4.658316375241755125e+00 1.200016355628785170e-01
4.667937400767975475e+00 1.192077819278398870e-01
4.677558426294196714e+00 1.184188114263525216e-01
4.687179451820417952e+00 1.176373324461439662e-01
4.696800477346638303e+00 1.168659531203854463e-01
4.706421502872858653e+00 1.161065818474474737e-01
4.716042528399079892e+00 1.153589013368122446e-01
4.725663553925301130e+00 1.146221527708893295e-01
4.735284579451521481e+00 1.138955773320881049e-01
4.744905604977741831e+00 1.131784162028179191e-01
4.754526630503962181e+00 1.124699105654882597e-01
4.764147656030184308e+00 1.117693016025082808e-01
4.773768681556404658e+00 1.110758304962877058e-01
4.783389707082625009e+00 1.103887384292357859e-01
4.793010732608845359e+00 1.097072665837619670e-01
4.802631758135065709e+00 1.090306561422756254e-01
4.812252783661287836e+00 1.083581482871860541e-01
4.821873809187508186e+00 1.076889995603646927e-01
4.831494834713728537e+00 1.070230754254198752e-01
4.841115860239948887e+00 1.063610392652076658e-01
4.850736885766169237e+00 1.057036084895116718e-01
4.860357911292391364e+00 1.050515005081151948e-01
4.869978936818611714e+00 1.044054327308020225e-01
4.879599962344832065e+00 1.037661212830985613e-01
4.889220987871052415e+00 1.031339017195240931e-01
4.898842013397274542e+00 1.025081998864466881e-01
4.908463038923494892e+00 1.018883085649001097e-01
4.918084064449715243e+00 1.012735205359178020e-01
4.927705089975935593e+00 1.006631285805333481e-01
4.937326115502155943e+00 1.000564254898749644e-01
4.946947141028378070e+00 9.945312088588130484e-02
4.956568166554598420e+00 9.885444929308541406e-02
4.966189192080818771e+00 9.826199385044180612e-02
4.975810217607039121e+00 9.767733769690509216e-02
4.985431243133259471e+00 9.710206397142993884e-02
4.995052268659481598e+00 9.653775581297077690e-02
5.004673294185701948e+00 9.598538020929169023e-02
5.014294319711922299e+00 9.544309801401452964e-02
5.023915345238142649e+00 9.490827165502427332e-02
5.033536370764364776e+00 9.437826350344412363e-02
5.043157396290585126e+00 9.385043593039764376e-02
5.052778421816805476e+00 9.332215130700810546e-02
5.062399447343025827e+00 9.279155493491074436e-02
5.072020472869246177e+00 9.226038788391047185e-02
5.081641498395468304e+00 9.173142286868277151e-02
5.091262523921688654e+00 9.120743269168557488e-02
5.100883549447909004e+00 9.069119015537663309e-02
5.110504574974129355e+00 9.018546805680507927e-02
5.120125600500351482e+00 8.969221039536981466e-02
5.129746626026571832e+00 8.921022998884507726e-02
5.139367651552792182e+00 8.873760033538595493e-02
5.148988677079012533e+00 8.827239493314763263e-02
5.158609702605232883e+00 8.781268728028529535e-02
5.168230728131455010e+00 8.735655208997566978e-02
5.177851753657675360e+00 8.690260986157942458e-02
5.187472779183895710e+00 8.645088550224327983e-02
5.197093804710116061e+00 8.600162671452220298e-02
5.206714830236336411e+00 8.555508120097123081e-02
5.216335855762558538e+00 8.511149666414516424e-02
5.225956881288778888e+00 8.467112080659920659e-02
5.235577906814999238e+00 8.423420133088821427e-02
5.245198932341219589e+00 8.380098593956711306e-02
5.254819957867441715e+00 8.337172233519089815e-02
5.264440983393662066e+00 8.294665822031457858e-02
5.274062008919882416e+00 8.252604129749313566e-02
5.283683034446102766e+00 8.211010601192823832e-02
5.293304059972323117e+00 8.169888788416192205e-02
5.302925085498545243e+00 8.129226901759642465e-02
5.312546111024765594e+00 8.089012755274205269e-02
5.322167136550985944e+00 8.049234163010883514e-02
5.331788162077206294e+00 8.009878939020691202e-02
5.341409187603426645e+00 7.970939770546532632e-02
5.351030213129648772e+00 7.932434575278216049e-02
5.360651238655869122e+00 7.894389411702240622e-02
5.370272264182089472e+00 7.856830342309137349e-02
5.379893289708309823e+00 7.819783429589426127e-02
5.389514315234531949e+00 7.783274579333426813e-02
5.399135340760752300e+00 7.747316210109471413e-02
5.408756366286972650e+00 7.711897070119148878e-02
5.418377391813193000e+00 7.677003509978735929e-02
5.427998417339413351e+00 7.642621880304514836e-02
5.437619442865635477e+00 7.608738531712751219e-02
5.447240468391855828e+00 7.575338858453556368e-02
5.456861493918076178e+00 7.542398912352314688e-02
5.466482519444296528e+00 7.509889466094941957e-02
5.476103544970518655e+00 7.477781232620021867e-02
5.485724570496739005e+00 7.446044924866145054e-02
5.495345596022959356e+00 7.414651353914386567e-02
5.504966621549179706e+00 7.383592387313599181e-02
5.514587647075400056e+00 7.352906995871751061e-02
5.524208672601622183e+00 7.322640542960498489e-02
5.533829698127842533e+00 7.292838391951515786e-02
5.543450723654062884e+00 7.263545906216455073e-02
5.553071749180283234e+00 7.234798834127646738e-02
5.562692774706503585e+00 7.206544914166364280e-02
5.572313800232725711e+00 7.178684668577645089e-02
5.581934825758946062e+00 7.151118168961705102e-02
5.591555851285166412e+00 7.123745486918742209e-02
5.601176876811386762e+00 7.096467768612894911e-02
5.610797902337608889e+00 7.069256098307433178e-02
5.620418927863829239e+00 7.042193228773849234e-02
5.630039953390049590e+00 7.015371910615267326e-02
5.639660978916269940e+00 6.988884894434815864e-02
5.649282004442490290e+00 6.962824930835626036e-02
5.658903029968712417e+00 6.937284770420822089e-02
5.668524055494932767e+00 6.912357163793543535e-02
5.678145081021153118e+00 6.888134861556920174e-02
5.687766106547373468e+00 6.864710614314074866e-02
5.697387132073593818e+00 6.842177172668141572e-02
5.707008157599815945e+00 6.820607705257619724e-02
5.716629183126036295e+00 6.799828907991614657e-02
5.726250208652256646e+00 6.779499037468302014e-02
5.735871234178476996e+00 6.759273087464387486e-02
5.745492259704699123e+00 6.738806051756576765e-02
5.755113285230919473e+00 6.717759303943542093e-02
5.764734310757139824e+00 6.696077858921994919e-02
5.774355336283360174e+00 6.674097238454054781e-02
5.783976361809580524e+00 6.652181404536663956e-02
5.793597387335802651e+00 6.630694319166766104e-02
5.803218412862023001e+00 6.609999571267204110e-02
5.812839438388243352e+00 6.590312617289739716e-02
5.822460463914463702e+00 6.571475513468343077e-02
5.832081489440684052e+00 6.553272396656392718e-02
5.841702514966906179e+00 6.535487403707261611e-02
5.851323540493126529e+00 6.517904671474328282e-02
5.860944566019346880e+00 6.500353018316133713e-02
5.870565591545567230e+00 6.482850697490849523e-02
5.880186617071789357e+00 6.465466156688018384e-02
5.889807642598009707e+00 6.448267843942798172e-02
5.899428668124230057e+00 6.431324207290327333e-02
5.909049693650450408e+00 6.414703694765759578e-02
5.918670719176670758e+00 6.398474754404238907e-02
5.928291744702892885e+00 6.382705834240907927e-02
5.937912770229113235e+00 6.367465382310923128e-02
5.947533795755333585e+00 6.352821846649427118e-02
5.957154821281553936e+00 6.338833269048299579e-02
5.966775846807776063e+00 6.325469507046853346e-02
5.976396872333996413e+00 6.312656005638614398e-02
5.986017897860216763e+00 6.300317871393484870e-02
5.995638923386437114e+00 6.288380210881366894e-02
6.005259948912657464e+00 6.276769492925192429e-02
6.014880974438879591e+00 6.265425787343473218e-02
6.024501999965099941e+00 6.254296982237177172e-02
6.034123025491320291e+00 6.243331059070381106e-02
6.043744051017540642e+00 6.232475999307173636e-02
6.053365076543760992e+00 6.221679784411644765e-02
6.062986102069983119e+00 6.210890395847872003e-02
6.072607127596203469e+00 6.200055815079948823e-02
6.082228153122423819e+00 6.189124023571961064e-02
6.091849178648644170e+00 6.178043002787991095e-02
6.101470204174866296e+00 6.166780620901912008e-02
6.111091229701086647e+00 6.155487744587259669e-02
6.120712255227306997e+00 6.144413837920754962e-02
6.130333280753527347e+00 6.133809319775445495e-02
6.139954306279747698e+00 6.123924609024376797e-02
6.149575331805969824e+00 6.114987936547015834e-02
6.159196357332190175e+00 6.107065538921874204e-02
6.168817382858410525e+00 6.100151817404408233e-02
6.178438408384630876e+00 6.094240850602804932e-02
6.188059433910851226e+00 6.089326717125259636e-02
6.197680459437073353e+00 6.085331548381637395e-02
6.207301484963293703e+00 6.081802245105704524e-02
6.216922510489514053e+00 6.078163777784139493e-02
6.226543536015734404e+00 6.073841052159606457e-02
6.236164561541956530e+00 6.068259018718006464e-02
6.245785587068176881e+00 6.061127382679376563e-02
6.255406612594397231e+00 6.053116316481350206e-02
6.265027638120617581e+00 6.045098286722463271e-02
6.274648663646837932e+00 6.037945760001246776e-02
6.284269689173060058e+00 6.032527040469880253e-02
6.293890714699280409e+00 6.029142409278676756e-02
6.303511740225500759e+00 6.026952526934218485e-02
6.313132765751721109e+00 6.024981886248965968e-02
6.322753791277941460e+00 6.022254980035388061e-02
6.332374816804163586e+00 6.017826571780353351e-02
6.341995842330383937e+00 6.011621693830644653e-02
6.351616867856604287e+00 6.004544960511482010e-02
6.361237893382824637e+00 5.997553215443082730e-02
6.370858918909046764e+00 5.991603302245662038e-02
6.380479944435267114e+00 5.987571434244883667e-02
6.390100969961487465e+00 5.985517762034960748e-02
6.399721995487707815e+00 5.985028333969678871e-02
6.409343021013928166e+00 5.985683348886549487e-02
6.418964046540150292e+00 5.987063005623083356e-02
6.428585072066370643e+00 5.988747503016789153e-02
6.438206097592590993e+00 5.990317039905178331e-02
6.447827123118811343e+00 5.991351815125763730e-02
6.457448148645033470e+00 5.991432027516049169e-02
6.467069174171253820e+00 5.990144515413299564e-02
6.476690199697474171e+00 5.987556558820297109e-02
6.486311225223694521e+00 5.984531591523477995e-02
6.495932250749914871e+00 5.982007923803714378e-02
6.505553276276136998e+00 5.980923865941874251e-02
6.515174301802357348e+00 5.982125363041061739e-02
6.524795327328577699e+00 5.985353008449605106e-02
6.534416352854798049e+00 5.989618964659400996e-02
6.544037378381018399e+00 5.993922547338914608e-02
6.553658403907240526e+00 5.997263089327493218e-02
6.563279429433460876e+00 5.998925750520585354e-02
6.572900454959681227e+00 5.999207636396135246e-02
6.582521480485901577e+00 5.998629695338725254e-02
6.592142506012123704e+00 5.997712875732940513e-02
6.601763531538344054e+00 5.996977609329118275e-02
6.611384557064564405e+00 5.996929415954255910e-02
6.621005582590784755e+00 5.998056996837825006e-02
6.630626608117005105e+00 6.000848153508688693e-02
6.640247633643227232e+00 6.005790687495709407e-02
6.649868659169447582e+00 6.013168863183723789e-02
6.659489684695667933e+00 6.022157719495790235e-02
6.669110710221888283e+00 6.031556281786419615e-02
6.678731735748108633e+00 6.040163272505239683e-02
6.688352761274330760e+00 6.046795176367475433e-02
6.697973786800551110e+00 6.051093632873928013e-02
6.707594812326771461e+00 6.053857322579597050e-02
6.717215837852991811e+00 6.055971452594531568e-02
6.726836863379213938e+00 6.058321230028794468e-02
6.736457888905434288e+00 6.061674910940213767e-02
6.746078914431654638e+00 6.066115339959646940e-02
6.755699939957874989e+00 6.071476433268047784e-02
6.765320965484095339e+00 6.077591755046719141e-02
6.774941991010317466e+00 6.084294869476964546e-02
6.784563016536537816e+00 6.091419340740081984e-02
6.794184042062758166e+00 6.098798733017369439e-02
6.803805067588978517e+00 6.106266610490133917e-02
6.813426093115200644e+00 6.113656537339674790e-02
6.823047118641420994e+00 6.120902815847637651e-02
6.832668144167641344e+00 6.128387203473768807e-02
6.842289169693861695e+00 6.136615649069114553e-02
6.851910195220082045e+00 6.146094106246269978e-02
6.861531220746304172e+00 6.157283046420227585e-02
6.871152246272524522e+00 6.169815769802394767e-02
6.880773271798744872e+00 6.182604361672308646e-02
6.890394297324965223e+00 6.194536741262557378e-02
6.900015322851185573e+00 6.204502637036030804e-02
6.909636348377407700e+00 6.212001387439226863e-02
6.919257373903628050e+00 6.218025027484001127e-02
6.928878399429848400e+00 6.223789849995369633e-02
6.938499424956068751e+00 6.230512147798338007e-02
6.948120450482290877e+00 6.239215674935404826e-02
6.957741476008511228e+00 6.249538391287079442e-02
6.967362501534731578e+00 6.260511398698534458e-02
6.976983527060951928e+00 6.271163229105523873e-02
6.986604552587172279e+00 6.280555588451432192e-02
6.996225578113394405e+00 6.288608001951542792e-02
7.005846603639614756e+00 6.296154050821592407e-02
7.015467629165835106e+00 6.304071751848887295e-02
7.025088654692055457e+00 6.313237910406212239e-02
7.034709680218275807e+00 6.324131833890457577e-02
7.044330705744497934e+00 6.336264239947027310e-02
7.053951731270718284e+00 6.349001110812965698e-02
7.063572756796938634e+00 6.361708428725316999e-02
7.073193782323158985e+00 6.373847305376452443e-02
7.082814807849381111e+00 6.385414034610599476e-02
7.092435833375601462e+00 6.396591914799426570e-02
7.102056858901821812e+00 6.407564440197893729e-02
7.111677884428042162e+00 6.418515105060955406e-02
7.121298909954262513e+00 6.429627403643564665e-02
7.130919935480484639e+00 6.441084830200685674e-02
7.140540961006704990e+00 6.453070878987265946e-02
7.150161986532925340e+00 6.465763305772433134e-02
7.159783012059145690e+00 6.479114003439111202e-02
7.169404037585366041e+00 6.492779842950886782e-02
7.179025063111588167e+00 6.506397814853003003e-02
7.188646088637808518e+00 6.519605996022270755e-02
7.198267114164028868e+00 6.532306884252853107e-02
7.207888139690249218e+00 6.545010642257577393e-02
7.217509165216471345e+00 6.558312469958323121e-02
7.227130190742691696e+00 6.572807567254272676e-02
7.236751216268912046e+00 6.588857359921586332e-02
7.246372241795132396e+00 6.605901037498111694e-02
7.255993267321352747e+00 6.623150401430991097e-02
7.265614292847574873e+00 6.639817253167366873e-02
7.275235318373795224e+00 6.655223925885098146e-02
7.284856343900015574e+00 6.669405748010742707e-02
7.294477369426235924e+00 6.682681050092260933e-02
7.304098394952458051e+00 6.695368877606201752e-02
7.313719420478678401e+00 6.707788276029094665e-02
7.323340446004898752e+00 6.720258290837487214e-02
7.332961471531119102e+00 6.733097967507921389e-02
7.342582497057339452e+00 6.746626351516940567e-02
7.352203522583561579e+00 6.761143000434090278e-02
7.361824548109781929e+00 6.776641107088600402e-02
7.371445573636002280e+00 6.792870235282286173e-02
7.381066599162222630e+00 6.809573214911077144e-02
7.390687624688442980e+00 6.826497148540164317e-02
7.400308650214665107e+00 6.843490583929805193e-02
7.409929675740885457e+00 6.860505309228059900e-02
7.419550701267105808e+00 6.877497744325448970e-02
7.429171726793326158e+00 6.894424309112488769e-02
7.438792752319548285e+00 6.911241423479699830e-02
7.448413777845768635e+00 6.927905507317595746e-02
7.458034803371988986e+00 6.944372980516694271e-02
7.467655828898209336e+00 6.960601048861050910e-02
7.477276854424429686e+00 6.976583818548075244e-02
7.486897879950651813e+00 6.992367365835726323e-02
7.496518905476872163e+00 7.008001678038747184e-02
7.506139931003092514e+00 7.023538012370252048e-02
7.515760956529312864e+00 7.039100721315487419e-02
7.525381982055533214e+00 7.054925708352163816e-02
7.535003007581755341e+00 7.071258271459655853e-02
7.544624033107975691e+00 7.088339891820101546e-02
7.554245058634196042e+00 7.106176866419069982e-02
7.563866084160416392e+00 7.124407360266464539e-02
7.573487109686638519e+00 7.142637446998180428e-02
7.583108135212858869e+00 7.160478496411634697e-02
7.592729160739079219e+00 7.177843701351457883e-02
7.602350186265299570e+00 7.195105134416547588e-02
7.611971211791519920e+00 7.212673314357849474e-02
7.621592237317742047e+00 7.230953301168019376e-02
7.631213262843962397e+00 7.250097445752262670e-02
7.640834288370182747e+00 7.269904256586548486e-02
7.650455313896403098e+00 7.290145835532856056e-02
7.660076339422623448e+00 7.310593593467862306e-02
7.669697364948845575e+00 7.330995316914867832e-02
7.679318390475065925e+00 7.351069855313185908e-02
7.688939416001286276e+00 7.370534290846680880e-02
7.698560441527506626e+00 7.389119187489170959e-02
7.708181467053728753e+00 7.406876111332548474e-02
7.717802492579949103e+00 7.424183817620649828e-02
7.727423518106169453e+00 7.441435780935422295e-02
7.737044543632389804e+00 7.459025475858810372e-02
7.746665569158610154e+00 7.477346376972757169e-02
7.756286594684832281e+00 7.496791958859207183e-02
7.765907620211052631e+00 7.517755696100100749e-02
7.775528645737272981e+00 7.540539480729906152e-02
7.785149671263493332e+00 7.564468191479388481e-02
7.794770696789715458e+00 7.588275637533554996e-02
7.804391722315935809e+00 7.610687399599555536e-02
7.814012747842156159e+00 7.630590866004909045e-02
7.823633773368376509e+00 7.648003284936723267e-02
7.833254798894596860e+00 7.663423590989482115e-02
7.842875824420818986e+00 7.677352508695788058e-02
7.852496849947039337e+00 7.690559820673163738e-02
7.862117875473259687e+00 7.705016884232021579e-02
7.871738900999480038e+00 7.723030351485654643e-02
7.881359926525700388e+00 7.746904486652686495e-02
7.890980952051922515e+00 7.777272934123183323e-02
7.900601977578142865e+00 7.810180034137294280e-02
7.910223003104363215e+00 7.840888991447826639e-02
7.919844028630583566e+00 7.864708062683560541e-02
7.929465054156805692e+00 7.880202653573205318e-02
7.939086079683026043e+00 7.891334063796232035e-02
7.948707105209246393e+00 7.902570864845877285e-02
7.958328130735466743e+00 7.918239907753160667e-02
7.967949156261687094e+00 7.939523332188062887e-02
7.977570181787909220e+00 7.964521083758531461e-02
7.987191207314129571e+00 7.991203892650576568e-02
7.996812232840349921e+00 8.017670925263377379e-02
8.006433258366570271e+00 8.043240589461535250e-02
8.016054283892790622e+00 8.067904799321078124e-02
8.025675309419012748e+00 8.091662554838323362e-02
8.035296334945233099e+00 8.114512856009567510e-02
8.044917360471453449e+00 8.136454702831126540e-02
8.054538385997673799e+00 8.157487095299308100e-02
8.064159411523895926e+00 8.177609033410421224e-02
8.073780437050116277e+00 8.196819517160770785e-02
8.083401462576336627e+00 8.215117546546668592e-02
8.093022488102556977e+00 8.232502121564420905e-02
8.102643513628777328e+00 8.248995606160131056e-02
8.112264539154999454e+00 8.265223375977610865e-02
8.121885564681219805e+00 8.282452710174798005e-02
8.131506590207440155e+00 8.301982039749261633e-02
8.141127615733660505e+00 8.324884640285587500e-02
8.150748641259882632e+00 8.350337451932868249e-02
8.160369666786102982e+00 8.376567221173909783e-02
8.169990692312323333e+00 8.401793682971961386e-02
8.179611717838543683e+00 8.424741699107778092e-02
8.189232743364764033e+00 8.445824925345390977e-02
8.198853768890986160e+00 8.465809534839487116e-02
8.208474794417206510e+00 8.485459410620939391e-02
8.218095819943426861e+00 8.505435460513029178e-02
8.227716845469647211e+00 8.526256144959490357e-02
8.237337870995867561e+00 8.548429478357912059e-02
8.246958896522089688e+00 8.572387660272724752e-02
8.256579922048310038e+00 8.597802159495594732e-02
8.266200947574530389e+00 8.623905448494587067e-02
8.275821973100750739e+00 8.649924720465158867e-02
8.285442998626972866e+00 8.675266319873893572e-02
8.295064024153193216e+00 8.699943041690150203e-02
8.304685049679413567e+00 8.724095879546332755e-02
8.314306075205633917e+00 8.747865827074836897e-02
8.323927100731854267e+00 8.771393877908063852e-02
8.333548126258076394e+00 8.794821025678413451e-02
8.343169151784296744e+00 8.818288264018279976e-02
8.352790177310517095e+00 8.841894063101721213e-02
8.362411202836737445e+00 8.865419825685226518e-02
8.372032228362957795e+00 8.888503743859979545e-02
8.381653253889179922e+00 8.910785588551188574e-02
8.391274279415400272e+00 8.932450978675135489e-02
8.400895304941620623e+00 8.954935810292366516e-02
8.410516330467840973e+00 8.979850291181086519e-02
8.420137355994063100e+00 9.008651537323575376e-02
8.429758381520283450e+00 9.040496129955361004e-02
8.439379407046503800e+00 9.072764654164580667e-02
8.449000432572724151e+00 9.102791724784529970e-02
8.458621458098944501e+00 9.128583848583091132e-02
8.468242483625166628e+00 9.150664425010131275e-02
8.477863509151386978e+00 9.170146085306296602e-02
8.487484534677607328e+00 9.188141460712233310e-02
8.497105560203827679e+00 9.205763182468601480e-02
8.506726585730048029e+00 9.224123881816041759e-02
8.516347611256270156e+00 9.244336189995215614e-02
8.525968636782490506e+00 9.267162101480422298e-02
8.535589662308710857e+00 9.291530527169515608e-02
8.545210687834931207e+00 9.315773340932306801e-02
8.554831713361153334e+00 9.338245765160228806e-02
8.564452738887373684e+00 9.358360934059974101e-02
8.574073764413594034e+00 9.376991619100996656e-02
8.583694789939814385e+00 9.395117229039171014e-02
8.593315815466034735e+00 9.413717172630375885e-02
8.602936840992256862e+00 9.433770858630488587e-02
8.612557866518477212e+00 9.456257695795386442e-02
8.622178892044697562e+00 9.482134811806891550e-02
8.631799917570917913e+00 9.511177274910249946e-02
8.641420943097140039e+00 9.541411829280681267e-02
8.651041968623360390e+00 9.570724218022401419e-02
8.660662994149580740e+00 9.597361108495193471e-02
8.670284019675801090e+00 9.621787932316507030e-02
8.679905045202021441e+00 9.645312656387455830e-02
8.689526070728243567e+00 9.669225465002762032e-02
8.699147096254463918e+00 9.693961507472052819e-02
8.708768121780684268e+00 9.718783142217753135e-02
8.718389147306904619e+00 9.742867777391323036e-02
8.728010172833124969e+00 9.765607789851141196e-02
8.737631198359347096e+00 9.787510728605688937e-02
8.747252223885567446e+00 9.809444648375484355e-02
8.756873249411787796e+00 9.832261786070690956e-02
8.766494274938009923e+00 9.856369689609692508e-02
8.776115300464230273e+00 9.881683896929972788e-02
8.785736325990450624e+00 9.908094451782893664e-02
8.795357351516670974e+00 9.935412125200089595e-02
8.804978377042891324e+00 9.963150702386437685e-02
8.814599402569113451e+00 9.990754433459214656e-02
8.824220428095333801e+00 1.001768847483748143e-01
8.833841453621554152e+00 1.004373664130159133e-01
8.843462479147774502e+00 1.006893107208849253e-01
8.853083504673996629e+00 1.009331047114325058e-01
8.862704530200216979e+00 1.011691354241092550e-01
8.872325555726437329e+00 1.013977898983658699e-01
8.881946581252657680e+00 1.016194551736530338e-01
8.891567606778878030e+00 1.018354365936367106e-01
8.901188632305100157e+00 1.020542681873397167e-01
8.910809657831320507e+00 1.022879052523761878e-01
8.920430683357540858e+00 1.025479959398208490e-01
8.930051708883761208e+00 1.028328189613453153e-01
8.939672734409981558e+00 1.031229091266051556e-01
8.949293759936203685e+00 1.033975767643695587e-01
8.958914785462424035e+00 1.036422190439746649e-01
8.968535810988644386e+00 1.038654702073366493e-01
8.978156836514864736e+00 1.040815087390455501e-01
8.987777862041086863e+00 1.043038806812078972e-01
8.997398887567307213e+00 1.045383595167129198e-01
9.007019913093527563e+00 1.047854970453937218e-01
9.016640938619747914e+00 1.050457035177568138e-01
9.026261964145968264e+00 1.053159143028067485e-01
9.035882989672190391e+00 1.055871663430298646e-01
9.045504015198410741e+00 1.058499241893285092e-01
9.055125040724631091e+00 1.060977839402901524e-01
9.064746066250851442e+00 1.063384907736086848e-01
9.074367091777071792e+00 1.065837840838577549e-01
9.083988117303293919e+00 1.068446532244967939e-01
9.093609142829514269e+00 1.071221395226947676e-01
9.103230168355734619e+00 1.074102315952070869e-01
9.112851193881954970e+00 1.077027684058590173e-01
9.122472219408177097e+00 1.079935889184759634e-01
9.132093244934397447e+00 1.082765320968830935e-01
9.141714270460617797e+00 1.085454369067984509e-01
9.151335295986838148e+00 1.087962645695813163e-01
9.160956321513058498e+00 1.090332214100198371e-01
9.170577347039280625e+00 1.092625157912505002e-01
9.180198372565500975e+00 1.094895545981263291e-01
9.189819398091721325e+00 1.097119233256370341e-01
9.199440423617941676e+00 1.099227913765709608e-01
9.209061449144162026e+00 1.101159869796970725e-01
9.218682474670384153e+00 1.103080599341081519e-01
9.228303500196604503e+00 1.105425521014761353e-01
9.237924525722824853e+00 1.108644759982897327e-01
9.247545551249045204e+00 1.112829666170488119e-01
9.257166576775267330e+00 1.117183198350633205e-01
9.266787602301487681e+00 1.120773186332129634e-01
9.276408627827708031e+00 1.122879659431935129e-01
9.286029653353928381e+00 1.123918922770469064e-01
9.295650678880148732e+00 1.124686022121934303e-01
9.305271704406370858e+00 1.125928339223672831e-01
9.314892729932591209e+00 1.127810698705149356e-01
9.324513755458811559e+00 1.130109640672482402e-01
9.334134780985031909e+00 1.132597330639276423e-01
9.343755806511254036e+00 1.135140618433804760e-01
9.353376832037474387e+00 1.137724133073018951e-01
9.362997857563694737e+00 1.140339871085679635e-01
9.372618883089915087e+00 1.142979829000546760e-01
9.382239908616135438e+00 1.145636003346380133e-01
9.391860934142357564e+00 1.148300390651941089e-01
9.401481959668577915e+00 1.150961205612578697e-01
9.411102985194798265e+00 1.153590249481794144e-01
9.420724010721018615e+00 1.156154871752450158e-01
9.430345036247238966e+00 1.158627748344118746e-01
9.439966061773461092e+00 1.161025396212791855e-01
9.449587087299681443e+00 1.163385880665816496e-01
9.459208112825901793e+00 1.165747342757844085e-01
9.468829138352122143e+00 1.168146681824670657e-01
9.478450163878344270e+00 1.170619766732372419e-01
9.488071189404564620e+00 1.173201472149750096e-01
9.497692214930784971e+00 1.175886006220860508e-01
9.507313240457005321e+00 1.178612801358364520e-01
9.516934265983225671e+00 1.181317426431229139e-01
9.526555291509447798e+00 1.183935450308422205e-01
9.536176317035668148e+00 1.186402441858908779e-01
9.545797342561888499e+00 1.188653974848344480e-01
9.555418368088108849e+00 1.190680835394093973e-01
9.565039393614329200e+00 1.192665867247622719e-01
9.574660419140551326e+00 1.194833647966388052e-01
9.584281444666771677e+00 1.197364670958013522e-01
9.593902470192992027e+00 1.200195104265892321e-01
9.603523495719212377e+00 1.203176950319362337e-01
9.613144521245434504e+00 1.206162133359281047e-01
9.622765546771654854e+00 1.209002577626502595e-01
9.632386572297875205e+00 1.211550207361883902e-01
9.642007597824095555e+00 1.213676103971976228e-01
9.651628623350315905e+00 1.215524233962162193e-01
9.661249648876538032e+00 1.217441807595642661e-01
9.670870674402758382e+00 1.219765508808281079e-01
9.680491699928978733e+00 1.222456759486078570e-01
9.690112725455199083e+00 1.225089291044884621e-01
9.699733750981419433e+00 1.227227833508628269e-01
9.709354776507641560e+00 1.228845724405721457e-01
9.718975802033861910e+00 1.230487525445894681e-01
9.728596827560082261e+00 1.232736467066100905e-01
9.738217853086302611e+00 1.235776341235777093e-01
9.747838878612524738e+00 1.239049314414376601e-01
9.757459904138745088e+00 1.241917888226721223e-01
9.767080929664965439e+00 1.244053888745252218e-01
9.776701955191185789e+00 1.245879785642115267e-01
9.786322980717406139e+00 1.247929617437468636e-01
9.795944006243628266e+00 1.250543058883545056e-01
9.805565031769848616e+00 1.253453448731981501e-01
9.815186057296068967e+00 1.256276220916614506e-01
9.824807082822289317e+00 1.258720442475122214e-01
9.834428108348511444e+00 1.260863074311325827e-01
9.844049133874731794e+00 1.262871420471345374e-01
9.853670159400952144e+00 1.264912785001300610e-01
9.863291184927172495e+00 1.267154471947311567e-01
9.872912210453392845e+00 1.269763785355497998e-01
9.882533235979614972e+00 1.272851700158640631e-01
9.892154261505835322e+00 1.276204004688192006e-01
9.901775287032055672e+00 1.279490049452421396e-01
9.911396312558276023e+00 1.282421405386908742e-01
9.921017338084496373e+00 1.284995367055242754e-01
9.930638363610718500e+00 1.287327301835096971e-01
9.940259389136938850e+00 1.289528234202042267e-01
9.949880414663159200e+00 1.291672940292423188e-01
9.959501440189379551e+00 1.293819388815224958e-01
9.969122465715601678e+00 1.296016324634598760e-01
9.978743491241822028e+00 1.298234548584978054e-01
9.988364516768042378e+00 1.300405370620174306e-01
9.997985542294262729e+00 1.302474803468085529e-01
1.000760656782048308e+01 1.304527320190445594e-01
1.001722759334670521e+01 1.306722139645575542e-01
1.002684861887292556e+01 1.309196699908610206e-01
1.003646964439914591e+01 1.311870377998946013e-01
1.004609066992536626e+01 1.314540138945218539e-01
1.005571169545158661e+01 1.317018857553770017e-01
1.006533272097780873e+01 1.319289976708760415e-01
1.007495374650402908e+01 1.321434174111112136e-01
1.008457477203024943e+01 1.323533258861644135e-01
1.009419579755646978e+01 1.325669040061176196e-01
1.010381682308269191e+01 1.327923326810528937e-01
1.011343784860891226e+01 1.330360525677768135e-01
1.012305887413513261e+01 1.332881446817063831e-01
1.013267989966135296e+01 1.335297231755185610e-01
1.014230092518757331e+01 1.337447301397837185e-01
1.015192195071379544e+01 1.339427668940259275e-01
1.016154297624001579e+01 1.341467512546138385e-01
1.017116400176623614e+01 1.343764089673343265e-01
1.018078502729245649e+01 1.346250214069672768e-01
1.019040605281867862e+01 1.348731798496814738e-01
1.020002707834489897e+01 1.351043062388249949e-01
1.020964810387111932e+01 1.353225097105829333e-01
1.021926912939733967e+01 1.355408579343930775e-01
1.022889015492356002e+01 1.357701136560375554e-01
1.023851118044978215e+01 1.360065972607878981e-01
1.024813220597600250e+01 1.362411265963510143e-01
1.025775323150222285e+01 1.364658354846103594e-01
1.026737425702844320e+01 1.366798098546335161e-01
1.027699528255466355e+01 1.368844049364672244e-01
1.028661630808088567e+01 1.370816654243159072e-01
1.029623733360710602e+01 1.372766325327172132e-01
1.030585835913332637e+01 1.374751628356306044e-01
1.031547938465954672e+01 1.376831129239507456e-01
1.032510041018576885e+01 1.379063393885725519e-01
1.033472143571198920e+01 1.381506914031098987e-01
1.034434246123820955e+01 1.384158092247208538e-01
1.035396348676442990e+01 1.386838524503489212e-01
1.036358451229065025e+01 1.389339842124186486e-01
1.037320553781687238e+01 1.391569949268449957e-01
1.038282656334309273e+01 1.393693424966991057e-01
1.039244758886931308e+01 1.395907532674458273e-01
1.040206861439553343e+01 1.398280763725619491e-01
1.041168963992175378e+01 1.400661540480970801e-01
1.042131066544797591e+01 1.402879716873210725e-01
1.043093169097419626e+01 1.404882222256724211e-01
1.044055271650041661e+01 1.406768893909064455e-01
1.045017374202663696e+01 1.408649871391188524e-01
1.045979476755285908e+01 1.410635294264053208e-01
1.046941579307907944e+01 1.412835302088615019e-01
1.047903681860529979e+01 1.415341559186474585e-01
1.048865784413152014e+01 1.417993046295542292e-01
1.049827886965774049e+01 1.420445706221124538e-01
1.050789989518396261e+01 1.422393706746143682e-01
1.051752092071018296e+01 1.423903123141195270e-01
1.052714194623640331e+01 1.425233062726965483e-01
1.053676297176262366e+01 1.426644274641622190e-01
1.054638399728884401e+01 1.428397508023332152e-01
1.055600502281506614e+01 1.430753511173371295e-01
1.056562604834128649e+01 1.433814824116126929e-01
1.057524707386750684e+01 1.437083927859674759e-01
1.058486809939372719e+01 1.439921936587418017e-01
1.059448912491994932e+01 1.441997942300835001e-01
1.060411015044616967e+01 1.443741206084508677e-01
1.061373117597239002e+01 1.445691612212209043e-01
1.062335220149861037e+01 1.448080616723606273e-01
1.063297322702483072e+01 1.450641776613788292e-01
1.064259425255105285e+01 1.453072113742516214e-01
1.065221527807727320e+01 1.455289557117235844e-01
1.066183630360349355e+01 1.457445159036934723e-01
1.067145732912971390e+01 1.459687154954111832e-01
1.068107835465593602e+01 1.461989870144592696e-01
1.069069938018215637e+01 1.464209665624617573e-01
1.070032040570837673e+01 1.466224936664240475e-01
1.070994143123459708e+01 1.468080514063770381e-01
1.071956245676081743e+01 1.469891032277175769e-01
1.072918348228703955e+01 1.471751721704828708e-01
1.073880450781325990e+01 1.473680744604745629e-01
1.074842553333948025e+01 1.475677364726455942e-01
1.075804655886570060e+01 1.477740845819490723e-01
1.076766758439192095e+01 1.479870451633379935e-01
1.077728860991814308e+01 1.482063662513302960e-01
1.078690963544436343e+01 1.484245861094930508e-01
1.079653066097058378e+01 1.486247139064162115e-01
1.080615168649680413e+01 1.487904554253121625e-01
1.081577271202302626e+01 1.489259239336606089e-01
1.082539373754924661e+01 1.490510479697603752e-01
1.083501476307546696e+01 1.491861637964510545e-01
1.084463578860168731e+01 1.493515699599160806e-01
1.085425681412790766e+01 1.495675482996939865e-01
1.086387783965412979e+01 1.498426507665703011e-01
1.087349886518035014e+01 1.501420652681597634e-01
1.088311989070657049e+01 1.504211082687358092e-01
1.089274091623279084e+01 1.506527286929073006e-01
1.090236194175901119e+01 1.508440269228235042e-01
1.091198296728523331e+01 1.510060235205962220e-01
1.092160399281145367e+01 1.511499741051129109e-01
1.093122501833767402e+01 1.512873803349402413e-01
1.094084604386389437e+01 1.514291629541675288e-01
1.095046706939011649e+01 1.515805496047303302e-01
1.096008809491633684e+01 1.517435927106448590e-01
1.096970912044255719e+01 1.519203102313633480e-01
1.097933014596877754e+01 1.521127201263380024e-01
1.098895117149499789e+01 1.523228099407544778e-01
1.099857219702122002e+01 1.525473403718412002e-01
1.100819322254744037e+01 1.527719595271051778e-01
1.101781424807366072e+01 1.529812516856867144e-01
1.102743527359988107e+01 1.531690725481334170e-01
1.103705629912610142e+01 1.533391623397666048e-01
1.104667732465232355e+01 1.534970552549622669e-01
1.105629835017854390e+01 1.536600950883373340e-01
1.106591937570476425e+01 1.538518719401601731e-01
1.107554040123098460e+01 1.540840832592778042e-01
1.108516142675720673e+01 1.543222410403799205e-01
1.109478245228342708e+01 1.545210682655953904e-01
1.110440347780964743e+01 1.546664136286772795e-01
1.111402450333586778e+01 1.547984574662898960e-01
1.112364552886208813e+01 1.549607596478532467e-01
1.113326655438831025e+01 1.551621068014489013e-01
1.114288757991453060e+01 1.553825696812217161e-01
1.115250860544075096e+01 1.556031732770651044e-01
1.116212963096697131e+01 1.558159151151737587e-01
1.117175065649319343e+01 1.560168956696430798e-01
1.118137168201941378e+01 1.562022225396200170e-01
1.119099270754563413e+01 1.563680033242517697e-01
1.120061373307185448e+01 1.565109180903983543e-01
1.121023475859807483e+01 1.566433677789339229e-01
1.121985578412429696e+01 1.567950394830639471e-01
1.122947680965051731e+01 1.569907866918470174e-01
1.123909783517673766e+01 1.572093138497082376e-01
1.124871886070295801e+01 1.574070303642721991e-01
1.125833988622917836e+01 1.575567656356088864e-01
1.126796091175540049e+01 1.576822637122183013e-01
1.127758193728162084e+01 1.578165535995744440e-01
1.128720296280784119e+01 1.579756217619168734e-01
1.129682398833406154e+01 1.581538974421463073e-01
1.130644501386028367e+01 1.583444262311406447e-01
1.131606603938650402e+01 1.585402537197776740e-01
1.132568706491272437e+01 1.587344264165761187e-01
1.133530809043894472e+01 1.589230471924924226e-01
1.134492911596516507e+01 1.591120880413049443e-01
1.135455014149138719e+01 1.593092983397157159e-01
1.136417116701760754e+01 1.595147639718299537e-01
1.137379219254382789e+01 1.597189146303412410e-01
1.138341321807004825e+01 1.599115638857453447e-01
1.139303424359626860e+01 1.600825253085381150e-01
1.140265526912249072e+01 1.602216224669695543e-01
1.141227629464871107e+01 1.603291066191009084e-01
1.142189732017493142e+01 1.604353884941615849e-01
1.143151834570115177e+01 1.605755031875521488e-01
1.144113937122737390e+01 1.607629774209775597e-01
1.145076039675359425e+01 1.609878913041656034e-01
1.146038142227981460e+01 1.612325674670601616e-01
1.147000244780603495e+01 1.614352424742607206e-01
1.147962347333225530e+01 1.615163621504155100e-01
1.148924449885847743e+01 1.614683778772003087e-01
1.149886552438469778e+01 1.614445713894515355e-01
1.150848654991091813e+01 1.616089459426891251e-01
1.151810757543713848e+01 1.619426943372442584e-01
1.152772860096336061e+01 1.622767565767325726e-01
1.153734962648958096e+01 1.624760488104137202e-01
1.154697065201580131e+01 1.625809487238751572e-01
1.155659167754202166e+01 1.626811614050213128e-01
1.156621270306824201e+01 1.628261888074145625e-01
1.157583372859446413e+01 1.630047380739501062e-01
1.158545475412068448e+01 1.632004610465336569e-01
1.159507577964690483e+01 1.633970095670710665e-01
1.160469680517312518e+01 1.635780379176463017e-01
1.161431783069934554e+01 1.637287024335421504e-01
1.162393885622556766e+01 1.638382156442260151e-01
1.163355988175178801e+01 1.638989384096939395e-01
1.164318090727800836e+01 1.639513930310764478e-01
1.165280193280422871e+01 1.640798937230484866e-01
1.166242295833045084e+01 1.643382219134014999e-01
1.167204398385667119e+01 1.646288122076083327e-01
1.168166500938289154e+01 1.648116064778570033e-01
1.169128603490911189e+01 1.648479030553931246e-01
1.170090706043533224e+01 1.648452646678030820e-01
1.171052808596155437e+01 1.649101689814604366e-01
1.172014911148777472e+01 1.650508169296483751e-01
1.172977013701399507e+01 1.652289257606162076e-01
1.173939116254021542e+01 1.654151692016611608e-01
1.174901218806643577e+01 1.656004838046246930e-01
1.175863321359265790e+01 1.657787772727995768e-01
1.176825423911887825e+01 1.659476096922714028e-01
1.177787526464509860e+01 1.661070911045272325e-01
1.178749629017131895e+01 1.662573836593492227e-01
1.179711731569754107e+01 1.663986495065196136e-01
1.180673834122376142e+01 1.665310507958203956e-01
1.181635936674998177e+01 1.666547496770340309e-01
1.182598039227620212e+01 1.667699082999425653e-01
1.183560141780242247e+01 1.668797582063487051e-01
1.184522244332864460e+01 1.670012801112932821e-01
1.185484346885486495e+01 1.671543971583126231e-01
1.186446449438108530e+01 1.673266930361166638e-01
1.187408551990730565e+01 1.674653320893299269e-01
1.188370654543352600e+01 1.675283202791142678e-01
1.189332757095974813e+01 1.675524915796140213e-01
1.190294859648596848e+01 1.676028405430042556e-01
1.191256962201218883e+01 1.677093539247372922e-01
1.192219064753840918e+01 1.678479644384260339e-01
1.193181167306463131e+01 1.679927143719631144e-01
1.194143269859085166e+01 1.681375930373961158e-01
1.195105372411707201e+01 1.682854182195095694e-01
1.196067474964329236e+01 1.684362492782641718e-01
1.197029577516951271e+01 1.685850905640101649e-01
1.197991680069573484e+01 1.687264153844384995e-01
1.198953782622195519e+01 1.688546970472400155e-01
1.199915885174817554e+01 1.689644856623394864e-01
1.200877987727439589e+01 1.690607947683680501e-01
1.201840090280061801e+01 1.691696214728765080e-01
1.202802192832683836e+01 1.693145280015141418e-01
1.203764295385305871e+01 1.694725892682411306e-01
1.204726397937927906e+01 1.695955561866018257e-01
1.205688500490549941e+01 1.696637009633576443e-01
1.206650603043172154e+01 1.697179513084133839e-01
1.207612705595794189e+01 1.698030560033090552e-01
1.208574808148416224e+01 1.699264514305928730e-01
1.209536910701038259e+01 1.700746669463519822e-01
1.210499013253660294e+01 1.702340015671995332e-01
1.211461115806282507e+01 1.703907543097485378e-01
1.212423218358904542e+01 1.705318567979808575e-01
1.213385320911526577e+01 1.706501082188172369e-01
1.214347423464148612e+01 1.707415272248872240e-01
1.215309526016770825e+01 1.708070063746569556e-01
1.216271628569392860e+01 1.708569857504175227e-01
1.217233731122014895e+01 1.709030225811193626e-01
1.218195833674636930e+01 1.709566740957126074e-01
1.219157936227258965e+01 1.710294975231476111e-01
1.220120038779881178e+01 1.711330500923746445e-01
1.221082141332503213e+01 1.712788890323440338e-01
1.222044243885125248e+01 1.714725528927451836e-01
1.223006346437747283e+01 1.716770468636066582e-01
1.223968448990369318e+01 1.718376628738614298e-01
1.224930551542991530e+01 1.719331048606302648e-01
1.225892654095613565e+01 1.719921426975233592e-01
1.226854756648235600e+01 1.720453803728101139e-01
1.227816859200857635e+01 1.721105714541179832e-01
1.228778961753479848e+01 1.722004138729422984e-01
1.229741064306101883e+01 1.723099240235186069e-01
1.230703166858723918e+01 1.724127136886544343e-01
1.231665269411345953e+01 1.724878791666627220e-01
1.232627371963967988e+01 1.725438040179195498e-01
1.233589474516590201e+01 1.725965634989743425e-01
1.234551577069212236e+01 1.726575686700966283e-01
1.235513679621834271e+01 1.727338672880973369e-01
1.236475782174456306e+01 1.728323393942325648e-01
1.237437884727078341e+01 1.729598650297584639e-01
1.238399987279700554e+01 1.731210181407887849e-01
1.239362089832322589e+01 1.732911299760808710e-01
1.240324192384944624e+01 1.734255415126310929e-01
1.241286294937566659e+01 1.734982502306342822e-01
1.242248397490188871e+01 1.735247326051708450e-01
1.243210500042810907e+01 1.735288000962990351e-01
1.244172602595432942e+01 1.735570314658828606e-01
1.245134705148054977e+01 1.736657271173379091e-01
1.246096807700677012e+01 1.738541072574856516e-01
1.247058910253299224e+01 1.740375223862677678e-01
1.248021012805921259e+01 1.741442289005986355e-01
1.248983115358543294e+01 1.741983155705134623e-01
1.249945217911165329e+01 1.742510508509219069e-01
1.250907320463787542e+01 1.743097473220815430e-01
1.251869423016409577e+01 1.743396851820037396e-01
1.252831525569031612e+01 1.743216669012373210e-01
1.253793628121653647e+01 1.742868166597063284e-01
1.254755730674275682e+01 1.742754089286596975e-01
1.255717833226897895e+01 1.743277181793461417e-01
1.256679935779519930e+01 1.744833193889782086e-01
1.257642038332141965e+01 1.747256603800438624e-01
1.258604140884764000e+01 1.749418960227974440e-01
1.259566243437386035e+01 1.750357564145109956e-01
1.260528345990008248e+01 1.750530691152117069e-01
1.261490448542630283e+01 1.750855306729500183e-01
1.262452551095252318e+01 1.751717727243979339e-01
1.263414653647874353e+01 1.752977632239342831e-01
1.264376756200496565e+01 1.754358864507403193e-01
1.265338858753118600e+01 1.755261828890543330e-01
1.266300961305740636e+01 1.755143436962764980e-01
1.267263063858362671e+01 1.754525983983342974e-01
1.268225166410984706e+01 1.754500567125173716e-01
1.269187268963606918e+01 1.755457851954470294e-01
1.270149371516228953e+01 1.756734475259440764e-01
1.271111474068850988e+01 1.757716534117983731e-01
1.272073576621473023e+01 1.758381609280299795e-01
1.273035679174095058e+01 1.758868602041580853e-01
1.273997781726717271e+01 1.759316417325058057e-01
1.274959884279339306e+01 1.759862972010766136e-01
1.275921986831961341e+01 1.760499831679738225e-01
1.276884089384583376e+01 1.760918633650664644e-01
1.277846191937205589e+01 1.760882510764618381e-01
1.278808294489827624e+01 1.760803281932836195e-01
1.279770397042449659e+01 1.761308013765683078e-01
1.280732499595071694e+01 1.762460925620933927e-01
1.281694602147693729e+01 1.763773450410664467e-01
1.282656704700315942e+01 1.764871668024621532e-01
1.283618807252937977e+01 1.765734718875817122e-01
1.284580909805560012e+01 1.766397439833481409e-01
1.285543012358182047e+01 1.766894667766844007e-01
1.286505114910804259e+01 1.767260862131047050e-01
1.287467217463426294e+01 1.767519534326989217e-01
1.288429320016048329e+01 1.767681825752841218e-01
1.289391422568670365e+01 1.767767490062208680e-01
1.290353525121292400e+01 1.767823064573049163e-01
1.291315627673914612e+01 1.767899891492480113e-01
1.292277730226536647e+01 1.768049313027617864e-01
1.293239832779158682e+01 1.768322329815503191e-01
1.294201935331780717e+01 1.768759102240853587e-01
1.295164037884402752e+01 1.769386933753824553e-01
1.296126140437024965e+01 1.770182896315168619e-01
1.297088242989647000e+01 1.770979171642683425e-01
1.298050345542269035e+01 1.771621803348502611e-01
1.299012448094891070e+01 1.772275908276924605e-01
1.299974550647513283e+01 1.773242259249189490e-01
1.300936653200135318e+01 1.774355543657809842e-01
1.301898755752757353e+01 1.774926518961730537e-01
1.302860858305379388e+01 1.774658482176437735e-01
1.303822960858001423e+01 1.774378093969696257e-01
1.304785063410623636e+01 1.774923913554052324e-01
1.305747165963245671e+01 1.775936379980800617e-01
1.306709268515867706e+01 1.776576419562569953e-01
1.307671371068489741e+01 1.776564779613680756e-01
1.308633473621111776e+01 1.776168261272161597e-01
1.309595576173733988e+01 1.775676225293659760e-01
1.310557678726356023e+01 1.775378032433820585e-01
1.311519781278978058e+01 1.775497518705030364e-01
1.312481883831600094e+01 1.775904823962354273e-01
1.313443986384222306e+01 1.776364553172229410e-01
1.314406088936844341e+01 1.776838651945200631e-01
1.315368191489466376e+01 1.777437997623167454e-01
1.316330294042088411e+01 1.778095342386690758e-01
1.317292396594710446e+01 1.778439997551152785e-01
1.318254499147332659e+01 1.778250235270058821e-01
1.319216601699954694e+01 1.777984756645916986e-01
1.320178704252576729e+01 1.778193227382065533e-01
1.321140806805198764e+01 1.778749496286864129e-01
1.322102909357820799e+01 1.779169166202558272e-01
1.323065011910443012e+01 1.779341729420559903e-01
1.324027114463065047e+01 1.779594477255834195e-01
1.324989217015687082e+01 1.780135824486635265e-01
1.325951319568309117e+01 1.780818946679901260e-01
1.326913422120931330e+01 1.781442970329627506e-01
1.327875524673553365e+01 1.781807021929808499e-01
1.328837627226175400e+01 1.781735960141866415e-01
1.329799729778797435e+01 1.781418822988310724e-01
1.330761832331419470e+01 1.781305188802821127e-01
1.331723934884041682e+01 1.781326972447109802e-01
1.332686037436663717e+01 1.780629788219046661e-01
1.333648139989285752e+01 1.778900045728207258e-01
1.334610242541907787e+01 1.777730581086717221e-01
1.335572345094530000e+01 1.778694174594967758e-01
1.336534447647152035e+01 1.780620300849085902e-01
1.337496550199774070e+01 1.781284838710835983e-01
1.338458652752396105e+01 1.780426099035672671e-01
1.339420755305018140e+01 1.779450693608849166e-01
1.340382857857640353e+01 1.779244238853773807e-01
1.341344960410262388e+01 1.779736931020932666e-01
1.342307062962884423e+01 1.780729903102956924e-01
1.343269165515506458e+01 1.781893263549317319e-01
1.344231268068128493e+01 1.782869501825329883e-01
1.345193370620750706e+01 1.783301107396312035e-01
1.346155473173372741e+01 1.782862517602425700e-01
1.347117575725994776e+01 1.781775178282185845e-01
1.348079678278616811e+01 1.780716368946251293e-01
1.349041780831239024e+01 1.780153214662808792e-01
1.350003883383861059e+01 1.780199196817560670e-01
1.350965985936483094e+01 1.780793105687557831e-01
1.351928088489105129e+01 1.781435940515516958e-01
1.352890191041727164e+01 1.781629649630262213e-01
1.353852293594349376e+01 1.781392417319230259e-01
1.354814396146971411e+01 1.780938231867075505e-01
1.355776498699593446e+01 1.780481455326365092e-01
1.356738601252215481e+01 1.780232109095751525e-01
1.357700703804837516e+01 1.780235884587343664e-01
1.358662806357459729e+01 1.780327715325207560e-01
1.359624908910081764e+01 1.780380619679554632e-01
1.360587011462703799e+01 1.780389284614074252e-01
1.361549114015325834e+01 1.780365797776612413e-01
1.362511216567948047e+01 1.780322246815012610e-01
1.363473319120570082e+01 1.780270719377120281e-01
1.364435421673192117e+01 1.780223303110780031e-01
1.365397524225814152e+01 1.780182910001831820e-01
1.366359626778436187e+01 1.779974714352869081e-01
1.367321729331058400e+01 1.779269611280057117e-01
1.368283831883680435e+01 1.778145840972594205e-01
1.369245934436302470e+01 1.777327416329164134e-01
1.370208036988924505e+01 1.777213179400696230e-01
1.371170139541546540e+01 1.777149062891062170e-01
1.372132242094168753e+01 1.776524550363685340e-01
1.373094344646790788e+01 1.775853291526369448e-01
1.374056447199412823e+01 1.775905630626377907e-01
1.375018549752034858e+01 1.776549984513902392e-01
1.375980652304657070e+01 1.777175759716653480e-01
1.376942754857279105e+01 1.777494168651517770e-01
1.377904857409901140e+01 1.777517172561018932e-01
1.378866959962523175e+01 1.777267929503237032e-01
1.379829062515145210e+01 1.776769597536252687e-01
1.380791165067767423e+01 1.776045334718149293e-01
1.381753267620389458e+01 1.775118299107006359e-01
1.382715370173011493e+01 1.774051816997491426e-01
1.383677472725633528e+01 1.773085607373925676e-01
1.384639575278255741e+01 1.772507794357147393e-01
1.385601677830877776e+01 1.772606503395927624e-01
1.386563780383499811e+01 1.773609855486217579e-01
1.387525882936121846e+01 1.774883189624057722e-01
1.388487985488743881e+01 1.775175091127172422e-01
1.389450088041366094e+01 1.774169707243309357e-01
1.390412190593988129e+01 1.772674299070956527e-01
1.391374293146610164e+01 1.771340745268047412e-01
1.392336395699232199e+01 1.770409458709998052e-01
1.393298498251854234e+01 1.769990526395328334e-01
1.394260600804476447e+01 1.769938019697243348e-01
1.395222703357098482e+01 1.770058181950170395e-01
1.396184805909720517e+01 1.770157256488536224e-01
1.397146908462342552e+01 1.770041486646767581e-01
1.398109011014964764e+01 1.769517115759291492e-01
1.399071113567586799e+01 1.768433387768524323e-01
1.400033216120208834e+01 1.767252782169177194e-01
1.400995318672830869e+01 1.766851454707868141e-01
1.401957421225452904e+01 1.766884420642072795e-01
1.402919523778075117e+01 1.765650011532579611e-01
1.403881626330697152e+01 1.762928904184200285e-01
1.404843728883319187e+01 1.761096941724582254e-01
1.405805831435941222e+01 1.761636463529300811e-01
1.406767933988563257e+01 1.763153424116994383e-01
1.407730036541185470e+01 1.764121678223797562e-01
1.408692139093807505e+01 1.764230997900534947e-01
1.409654241646429540e+01 1.763523125077904596e-01
1.410616344199051575e+01 1.762385079299719493e-01
1.411578446751673788e+01 1.761331120710282194e-01
1.412540549304295823e+01 1.760875709260167066e-01
1.413502651856917858e+01 1.761446913027711891e-01
1.414464754409539893e+01 1.762145814616694062e-01
1.415426856962161928e+01 1.761104296914013101e-01
1.416388959514784140e+01 1.758384900843554532e-01
1.417351062067406176e+01 1.756202350100602716e-01
1.418313164620028211e+01 1.755687107449278028e-01
1.419275267172650246e+01 1.756100489358442818e-01
1.420237369725272458e+01 1.756714685036114276e-01
1.421199472277894493e+01 1.757184927863501001e-01
1.422161574830516528e+01 1.757217684097091281e-01
1.423123677383138563e+01 1.756519419993376185e-01
1.424085779935760598e+01 1.754966944444879828e-01
1.425047882488382811e+01 1.753207600704512203e-01
1.426009985041004846e+01 1.751998778304422189e-01
1.426972087593626881e+01 1.751399512703154526e-01
1.427934190146248916e+01 1.751190366860470304e-01
1.428896292698870951e+01 1.751151181228239873e-01
1.429858395251493164e+01 1.751069000536891185e-01
1.430820497804115199e+01 1.750832527999278132e-01
1.431782600356737234e+01 1.750404851757087488e-01
1.432744702909359269e+01 1.749731921490295661e-01
1.433706805461981482e+01 1.748747773625453361e-01
1.434668908014603517e+01 1.747644686890659493e-01
1.435631010567225552e+01 1.746944496228021171e-01
1.436593113119847587e+01 1.746686624536795684e-01
1.437555215672469622e+01 1.746051651999922238e-01
1.438517318225091834e+01 1.744529213976687143e-01
1.439479420777713869e+01 1.742490590573727849e-01
1.440441523330335905e+01 1.740427086334830620e-01
1.441403625882957940e+01 1.738830005753654595e-01
1.442365728435579975e+01 1.738063678791744726e-01
1.443327830988202187e+01 1.737995672768535838e-01
1.444289933540824222e+01 1.738372087444198799e-01
1.445252036093446257e+01 1.738939022578904758e-01
1.446214138646068292e+01 1.739429106400884328e-01
1.447176241198690505e+01 1.739483999215711285e-01
1.448138343751312540e+01 1.738781599085822693e-01
1.449100446303934575e+01 1.737657406250245895e-01
1.450062548856556610e+01 1.736733890075991826e-01
1.451024651409178645e+01 1.735947648601583460e-01
1.451986753961800858e+01 1.734811674787103686e-01
1.452948856514422893e+01 1.733277209281328946e-01
1.453910959067044928e+01 1.731655932482069893e-01
1.454873061619666963e+01 1.730269837020499135e-01
1.455835164172288998e+01 1.729429996439754702e-01
1.456797266724911211e+01 1.729092194722404441e-01
1.457759369277533246e+01 1.728791354416302495e-01
1.458721471830155281e+01 1.728246990259185989e-01
1.459683574382777316e+01 1.727480843892665319e-01
1.460645676935399528e+01 1.726538175023879240e-01
1.461607779488021563e+01 1.725464243359968175e-01
1.462569882040643598e+01 1.724304308608070602e-01
1.463531984593265634e+01 1.723103843796097157e-01
1.464494087145887669e+01 1.721982675420871967e-01
1.465456189698509881e+01 1.721243637136233573e-01
1.466418292251131916e+01 1.721012584259828393e-01
1.467380394803753951e+01 1.720816529263487216e-01
1.468342497356375986e+01 1.720228978897685723e-01
1.469304599908998199e+01 1.719361239560704691e-01
1.470266702461620234e+01 1.718440848157187784e-01
1.471228805014242269e+01 1.717695341591779779e-01
1.472190907566864304e+01 1.717293617632363045e-01
1.473153010119486339e+01 1.717126294067256309e-01
1.474115112672108552e+01 1.716992837029563956e-01
1.475077215224730587e+01 1.716644930881450481e-01
1.476039317777352622e+01 1.715817927035039603e-01
1.477001420329974657e+01 1.714247162688787296e-01
1.477963522882596692e+01 1.711818825727524362e-01
1.478925625435218905e+01 1.709513819174827975e-01
1.479887727987840940e+01 1.708594093063741659e-01
1.480849830540462975e+01 1.708654109682253841e-01
1.481811933093085010e+01 1.708552867193676994e-01
1.482774035645707222e+01 1.707975502532198819e-01
1.483736138198329257e+01 1.707062502171548257e-01
1.484698240750951292e+01 1.705959000113670965e-01
1.485660343303573327e+01 1.704810130360511211e-01
1.486622445856195363e+01 1.703761026914015486e-01
1.487584548408817575e+01 1.702940980138147042e-01
1.488546650961439610e+01 1.702268886347446386e-01
1.489508753514061645e+01 1.701523612314313760e-01
1.490470856066683680e+01 1.700617753666524845e-01
1.491432958619305715e+01 1.699568234430211822e-01
1.492395061171927928e+01 1.698394601703082651e-01
1.493357163724549963e+01 1.697116402582847239e-01
1.494319266277171998e+01 1.695753184167213545e-01
1.495281368829794033e+01 1.694330845601812463e-01
1.496243471382416246e+01 1.692997817972787533e-01
1.497205573935038281e+01 1.691988850777861875e-01
1.498167676487660316e+01 1.691036559320427679e-01
1.499129779040282351e+01 1.689447594656084961e-01
1.500091881592904386e+01 1.687644561111161789e-01
1.501053984145526599e+01 1.687087029434351793e-01
1.502016086698148634e+01 1.687597971714167033e-01
1.502978189250770669e+01 1.687355233339562777e-01
1.503940291803392704e+01 1.685649935900931928e-01
1.504902394356014739e+01 1.682997290858043171e-01
1.505864496908636951e+01 1.679998496577407019e-01
1.506826599461258986e+01 1.677286116869352028e-01
1.507788702013881021e+01 1.675494191882232198e-01
1.508750804566503056e+01 1.675217572576015723e-01
1.509712907119125269e+01 1.676051614885014363e-01
1.510675009671747304e+01 1.676574944056025140e-01
1.511637112224369339e+01 1.676340903245788772e-01
1.512599214776991374e+01 1.675960104611161072e-01
1.513561317329613409e+01 1.675529337160695520e-01
1.514523419882235622e+01 1.674578869445569607e-01
1.515485522434857657e+01 1.673148642961276855e-01
1.516447624987479692e+01 1.671813831545496676e-01
1.517409727540101727e+01 1.670837268455631630e-01
1.518371830092723940e+01 1.670144766527888180e-01
1.519333932645345975e+01 1.669647504955479589e-01
1.520296035197968010e+01 1.669256218689646742e-01
1.521258137750590045e+01 1.668872584486983668e-01
1.522220240303212080e+01 1.668389821707642329e-01
1.523182342855834293e+01 1.667700825806876785e-01
1.524144445408456328e+01 1.666698492239942764e-01
1.525106547961078363e+01 1.665275716462095157e-01
1.526068650513700398e+01 1.663360279174403988e-01
1.527030753066322433e+01 1.661436499368401931e-01
1.527992855618944645e+01 1.660360548356685229e-01
1.528954958171566680e+01 1.659915136201924601e-01
1.529917060724188715e+01 1.659141678295964761e-01
1.530879163276810750e+01 1.658067810952964516e-01
1.531841265829432963e+01 1.657314631996413823e-01
1.532803368382054998e+01 1.656189399592735145e-01
1.533765470934677033e+01 1.653359954318982250e-01
1.534727573487299068e+01 1.649829695038266819e-01
1.535689676039921103e+01 1.647790306561581208e-01
1.536651778592543316e+01 1.647442027550059251e-01
1.537613881145165351e+01 1.647889904962550056e-01
1.538575983697787386e+01 1.648227977902214925e-01
1.539538086250409421e+01 1.647691439894961585e-01
1.540500188803031456e+01 1.646543735029629141e-01
1.541462291355653669e+01 1.645397549353604660e-01
1.542424393908275704e+01 1.644190759180269856e-01
1.543386496460897739e+01 1.642654949094193573e-01
1.544348599013519774e+01 1.640857867934853997e-01
1.545310701566141987e+01 1.639004459715528161e-01
1.546272804118764022e+01 1.637398123413972562e-01
1.547234906671386057e+01 1.636372091846055588e-01
1.548197009224008092e+01 1.636259592552637143e-01
1.549159111776630127e+01 1.637063472732258329e-01
1.550121214329252339e+01 1.637594162206524595e-01
1.551083316881874374e+01 1.636819723157739992e-01
1.552045419434496409e+01 1.635024070929290974e-01
1.553007521987118444e+01 1.632743989321012723e-01
1.553969624539740657e+01 1.630516262132741534e-01
1.554931727092362692e+01 1.628877673164313977e-01
1.555893829644984727e+01 1.628357743588145501e-01
1.556855932197606762e+01 1.628692609256698898e-01
1.557818034750228797e+01 1.628141116658047838e-01
1.558780137302851010e+01 1.626069187269590099e-01
1.559742239855473045e+01 1.623853882791690129e-01
1.560704342408095080e+01 1.622313100546883546e-01
1.561666444960717115e+01 1.621271286287548630e-01
1.562628547513339150e+01 1.620483202135516165e-01
1.563590650065961363e+01 1.619711975426898487e-01
1.564552752618583398e+01 1.618893034636642858e-01
1.565514855171205433e+01 1.618117226531427810e-01
1.566476957723827468e+01 1.617384156154849928e-01
1.567439060276449680e+01 1.616617505838894853e-01
1.568401162829071716e+01 1.615738954580911158e-01
1.569363265381693751e+01 1.614670181378247416e-01
1.570325367934315786e+01 1.613332865228251922e-01
1.571287470486937821e+01 1.611687622568669376e-01
1.572249573039560033e+01 1.609961484365806383e-01
1.573211675592182068e+01 1.608493015810026905e-01
1.574173778144804103e+01 1.607621159898568186e-01
1.575135880697426138e+01 1.607432664819197221e-01
1.576097983250048173e+01 1.606968295214694087e-01
1.577060085802670386e+01 1.605530262796741048e-01
1.578022188355292421e+01 1.604132515916492918e-01
1.578984290907914456e+01 1.603584223134433273e-01
1.579946393460536491e+01 1.603328112541281270e-01
1.580908496013158704e+01 1.602831429946462161e-01
1.581870598565780739e+01 1.602016358959655329e-01
1.582832701118402774e+01 1.600857320409032614e-01
1.583794803671024809e+01 1.599334104624836050e-01
1.584756906223646844e+01 1.597596706082924922e-01
1.585719008776269057e+01 1.595984558251122842e-01
1.586681111328891092e+01 1.594617745060284142e-01
1.587643213881513127e+01 1.593406111679223358e-01
1.588605316434135162e+01 1.592277425398580248e-01
1.589567418986757197e+01 1.591177756881559102e-01
1.590529521539379409e+01 1.590053565739180386e-01
1.591491624092001445e+01 1.588851311582467063e-01
1.592453726644623480e+01 1.587517454022439878e-01
1.593415829197245515e+01 1.586036033665080003e-01
1.594377931749867727e+01 1.584571351351520552e-01
1.595340034302489762e+01 1.583305899155728336e-01
1.596302136855111797e+01 1.582297720185127932e-01
1.597264239407733832e+01 1.581577823218766055e-01
1.598226341960355867e+01 1.581175810191968178e-01
1.599188444512978080e+01 1.580977506290844048e-01
1.600150547065599937e+01 1.580607215896739082e-01
1.601112649618222150e+01 1.579856773984292806e-01
1.602074752170844008e+01 1.578785893782708727e-01
1.603036854723466220e+01 1.577473543637208653e-01
1.603998957276088433e+01 1.575998047871692564e-01
1.604961059828710290e+01 1.574428648301453848e-01
1.605923162381332503e+01 1.572827867922713119e-01
1.606885264933954360e+01 1.571258071954851343e-01
1.607847367486576573e+01 1.569781625617247267e-01
1.608809470039198786e+01 1.568460894129281025e-01
1.609771572591820643e+01 1.567340866019549250e-01
1.610733675144442856e+01 1.566393085065876656e-01
1.611695777697064713e+01 1.565569694217618935e-01
1.612657880249686926e+01 1.564822836310321985e-01
1.613619982802309138e+01 1.564104654179532816e-01
1.614582085354930996e+01 1.563367290660797604e-01
1.615544187907553209e+01 1.562562888589663357e-01
1.616506290460175421e+01 1.561648154721946291e-01
1.617468393012797279e+01 1.560684903759661790e-01
1.618430495565419491e+01 1.559828513537069306e-01
1.619392598118041349e+01 1.559086730749495164e-01
1.620354700670663561e+01 1.558360314369559296e-01
1.621316803223285774e+01 1.557547800364010582e-01
1.622278905775907631e+01 1.556547724699597346e-01
1.623241008328529844e+01 1.555258631656089574e-01
1.624203110881151702e+01 1.553651837688859449e-01
1.625165213433773914e+01 1.551948565860447327e-01
1.626127315986396127e+01 1.550423642007182079e-01
1.627089418539017984e+01 1.549347102792436870e-01
1.628051521091640197e+01 1.548712874029025133e-01
1.629013623644262054e+01 1.548102383691771500e-01
1.629975726196884267e+01 1.547286128065833710e-01
1.630937828749506480e+01 1.546269468623819865e-01
1.631899931302128337e+01 1.545093043229574803e-01
1.632862033854750550e+01 1.543814882225987006e-01
1.633824136407372407e+01 1.542495082729071487e-01
1.634786238959994620e+01 1.541194539315842715e-01
1.635748341512616832e+01 1.539974136712448927e-01
1.636710444065238690e+01 1.538872405012661204e-01
1.637672546617860903e+01 1.537860318470141707e-01
1.638634649170482760e+01 1.536896139709874598e-01
1.639596751723104973e+01 1.535938131356842651e-01
1.640558854275727185e+01 1.534944556036030028e-01
1.641520956828349043e+01 1.533873676372420891e-01
1.642483059380971255e+01 1.532683754990996350e-01
1.643445161933593468e+01 1.531354478841082389e-01
1.644407264486215325e+01 1.530061960970537094e-01
1.645369367038837538e+01 1.529034626326244151e-01
1.646331469591459395e+01 1.528213725424237557e-01
1.647293572144081608e+01 1.527477006563243977e-01
1.648255674696703821e+01 1.526812390095431127e-01
1.649217777249325678e+01 1.526230359771168499e-01
1.650179879801947891e+01 1.525737785473399999e-01
1.651141982354569748e+01 1.525206206831263012e-01
1.652104084907191961e+01 1.524349214270948605e-01
1.653066187459814174e+01 1.523111855403025405e-01
1.654028290012436031e+01 1.521636496494390700e-01
1.654990392565058244e+01 1.520071223179349229e-01
1.655952495117680101e+01 1.518564121092206842e-01
1.656914597670302314e+01 1.517263225485359912e-01
1.657876700222924526e+01 1.516264285454979877e-01
1.658838802775546384e+01 1.515511914384304881e-01
1.659800905328168596e+01 1.514923577809171862e-01
1.660763007880790454e+01 1.514417825389095806e-01
1.661725110433412667e+01 1.513941677477028958e-01
1.662687212986034879e+01 1.513472740110251846e-01
1.663649315538656737e+01 1.512990127128883977e-01
1.664611418091278949e+01 1.512472952373043744e-01
1.665573520643901162e+01 1.511900329682850930e-01
1.666535623196523019e+01 1.511251372898424206e-01
1.667497725749145232e+01 1.510505195859882521e-01
1.668459828301767089e+01 1.509640912407345936e-01
1.669421930854389302e+01 1.508637636380932567e-01
1.670384033407011515e+01 1.507474481620761642e-01
1.671346135959633372e+01 1.506130561966952941e-01
1.672308238512255585e+01 1.504584991259625415e-01
1.673270341064877442e+01 1.502849110505910524e-01
1.674232443617499655e+01 1.501169933900122488e-01
1.675194546170121868e+01 1.499899132466291363e-01
1.676156648722743725e+01 1.499386350750164520e-01
1.677118751275365938e+01 1.499454254615434357e-01
1.678080853827987795e+01 1.498780056162151153e-01
1.679042956380610008e+01 1.496992418193878460e-01
1.680005058933231865e+01 1.495110190005089768e-01
1.680967161485854078e+01 1.493586105639549411e-01
1.681929264038476290e+01 1.492370465388391521e-01
1.682891366591098148e+01 1.491401025113214263e-01
1.683853469143720361e+01 1.490615540675614692e-01
1.684815571696342218e+01 1.489951767937191529e-01
1.685777674248964431e+01 1.489347462759543217e-01
1.686739776801586643e+01 1.488741275121934216e-01
1.687701879354208501e+01 1.488100177884161546e-01
1.688663981906830713e+01 1.487424593771805026e-01
1.689626084459452571e+01 1.486716873931308580e-01
1.690588187012074783e+01 1.485981091164157719e-01
1.691550289564696996e+01 1.485231754758072897e-01
1.692512392117318853e+01 1.484487285838821669e-01
1.693474494669941066e+01 1.483765983461646509e-01
1.694436597222563279e+01 1.483075902765547682e-01
1.695398699775185136e+01 1.482407583055508626e-01
1.696360802327807349e+01 1.481749847762084127e-01
1.697322904880429206e+01 1.481091520315829801e-01
1.698285007433051419e+01 1.480421424147300435e-01
1.699247109985673632e+01 1.479728382687051647e-01
1.700209212538295489e+01 1.479001219365638220e-01
1.701171315090917702e+01 1.478228757613615496e-01
1.702133417643539559e+01 1.477400150691571823e-01
1.703095520196161772e+01 1.476516447904787643e-01
1.704057622748783984e+01 1.475593636556564447e-01
1.705019725301405842e+01 1.474648652076335220e-01
1.705981827854028055e+01 1.473698429893532391e-01
1.706943930406649912e+01 1.472759901840081376e-01
1.707906032959272125e+01 1.471845703393392102e-01
1.708868135511894337e+01 1.470955850036538282e-01
1.709830238064516195e+01 1.470088051877344593e-01
1.710792340617138407e+01 1.469240019023635713e-01
1.711754443169760265e+01 1.468409461583237152e-01
1.712716545722382477e+01 1.467594089663973034e-01
1.713678648275004690e+01 1.466791613373668035e-01
1.714640750827626547e+01 1.465999742820148777e-01
1.715602853380248760e+01 1.465215796458028963e-01
1.716564955932870618e+01 1.464404401356602381e-01
1.717527058485492830e+01 1.463473372693112340e-01
1.718489161038115043e+01 1.462324843059941148e-01
1.719451263590736900e+01 1.460885044324529702e-01
1.720413366143359113e+01 1.459271649976745522e-01
1.721375468695981326e+01 1.457693648071054504e-01
1.722337571248603183e+01 1.456360589566797203e-01
1.723299673801225396e+01 1.455482025423312509e-01
1.724261776353847253e+01 1.455267506599939586e-01
1.725223878906469466e+01 1.455926584056017048e-01
1.726185981459091678e+01 1.457449447004948995e-01
1.727148084011713536e+01 1.458051925569674723e-01
1.728110186564335748e+01 1.456005264354566231e-01
1.729072289116957606e+01 1.452960436112451792e-01
1.730034391669579819e+01 1.450507461508822316e-01
1.730996494222202031e+01 1.448717257985220330e-01
1.731958596774823889e+01 1.447502849320236040e-01
1.732920699327446101e+01 1.446777259292456319e-01
1.733882801880067959e+01 1.446453511680470261e-01
1.734844904432690171e+01 1.446444630262866127e-01
1.735807006985312384e+01 1.446663638818233011e-01
1.736769109537934241e+01 1.447023561125158342e-01
1.737731212090556454e+01 1.447437420962231214e-01
1.738693314643178311e+01 1.447818242108039888e-01
1.739655417195800524e+01 1.448088262093379652e-01
1.740617519748422737e+01 1.448229222638413582e-01
1.741579622301044594e+01 1.448246509267605286e-01
1.742541724853666807e+01 1.448145567610599205e-01
1.743503827406289020e+01 1.447931843297039778e-01
1.744465929958910877e+01 1.447610781956571169e-01
1.745428032511533090e+01 1.447187829218837818e-01
1.746390135064154947e+01 1.446668430713484166e-01
1.747352237616777160e+01 1.446058032070153543e-01
1.748314340169399372e+01 1.445362078918491777e-01
1.749276442722021230e+01 1.444586016888141922e-01
1.750238545274643442e+01 1.443735291608748694e-01
1.751200647827265300e+01 1.442815348709956813e-01
1.752162750379887513e+01 1.441831633821410164e-01
1.753124852932509725e+01 1.440789592572752909e-01
1.754086955485131583e+01 1.439694670593630044e-01
1.755049058037753795e+01 1.438552313513684899e-01
1.756011160590375653e+01 1.437369831755394567e-01
1.756973263142997865e+01 1.436184761055144810e-01
1.757935365695620078e+01 1.435059152810505834e-01
1.758897468248241935e+01 1.434055765566895346e-01
1.759859570800864148e+01 1.433237357869728001e-01
1.760821673353486005e+01 1.432663292595348636e-01
1.761783775906108218e+01 1.432283508614996259e-01
1.762745878458730431e+01 1.431917636828855533e-01
1.763707981011352288e+01 1.431377695745983669e-01
1.764670083563974501e+01 1.430539622301290614e-01
1.765632186116596358e+01 1.429527592449292839e-01
1.766594288669218571e+01 1.428526036967883994e-01
1.767556391221840784e+01 1.427711209646597146e-01
1.768518493774462641e+01 1.427133518222733766e-01
1.769480596327084854e+01 1.426744675166188303e-01
1.770442698879707066e+01 1.426493746847185551e-01
1.771404801432328924e+01 1.426329799635951134e-01
1.772366903984951136e+01 1.426201899902710124e-01
1.773329006537572994e+01 1.426059114017687868e-01
1.774291109090195206e+01 1.425855181970697994e-01
1.775253211642817419e+01 1.425580920457824030e-01
1.776215314195439277e+01 1.425244810909761239e-01
1.777177416748061489e+01 1.424855443143061284e-01
1.778139519300683347e+01 1.424421406974276938e-01
1.779101621853305559e+01 1.423951292219959031e-01
1.780063724405927772e+01 1.423453688696661446e-01
1.781025826958549629e+01 1.422937186220935568e-01
1.781987929511171842e+01 1.422410374609333339e-01
1.782950032063793699e+01 1.421881843678407531e-01
1.783912134616415912e+01 1.421360183244709807e-01
1.784874237169038125e+01 1.420853983124792941e-01
1.785836339721659982e+01 1.420371833135208317e-01
1.786798442274282195e+01 1.419922295786243682e-01
1.787760544826904052e+01 1.419509562776761769e-01
1.788722647379526265e+01 1.419128692470556508e-01
1.789684749932148478e+01 1.418773597937421915e-01
1.790646852484770335e+01 1.418438192247150897e-01
1.791608955037392548e+01 1.418116388469536360e-01
1.792571057590014760e+01 1.417802099674372041e-01
1.793533160142636618e+01 1.417489238931450846e-01
1.794495262695258830e+01 1.417171719310565958e-01
1.795457365247880688e+01 1.416843453881510562e-01
1.796419467800502900e+01 1.416498355714077284e-01
1.797381570353125113e+01 1.416130337878060697e-01
1.798343672905746971e+01 1.415733313443253150e-01
1.799305775458369183e+01 1.415301195479447272e-01
1.800267878010991041e+01 1.414827897056437078e-01
1.801229980563613253e+01 1.414307331244015198e-01
1.802192083116235466e+01 1.413733411111975091e-01
1.803154185668857323e+01 1.413100049730110497e-01
1.804116288221479536e+01 1.412401160168213488e-01
1.805078390774101393e+01 1.411639579558611191e-01
1.806040493326723606e+01 1.410896902550405341e-01
1.807002595879345819e+01 1.410295740143250043e-01
1.807964698431967676e+01 1.409956150163559352e-01
1.808926800984589889e+01 1.409888987976002095e-01
1.809888903537211746e+01 1.409965399134877895e-01
1.810851006089833959e+01 1.410047414558429912e-01
1.811813108642456172e+01 1.410028516875847238e-01
1.812775211195078029e+01 1.409903763873187610e-01
1.813737313747700242e+01 1.409688680492220125e-01
1.814699416300322099e+01 1.409398791674714158e-01
1.815661518852944312e+01 1.409049622362439635e-01
1.816623621405566524e+01 1.408656697497165100e-01
1.817585723958188382e+01 1.408235542020659925e-01
1.818547826510810594e+01 1.407801680874693484e-01
1.819509929063432807e+01 1.407370639001035151e-01
1.820472031616054664e+01 1.406957938029583244e-01
1.821434134168676877e+01 1.406575209864865117e-01
1.822396236721298735e+01 1.406222682139218472e-01
1.823358339273920947e+01 1.405898503256343135e-01
1.824320441826543160e+01 1.405600821619939766e-01
1.825282544379165017e+01 1.405327785633709303e-01
1.826244646931787230e+01 1.405077543701352683e-01
1.827206749484409087e+01 1.404848244226570286e-01
1.828168852037031300e+01 1.404638035613063052e-01
1.829130954589653513e+01 1.404445066264532471e-01
1.830093057142275370e+01 1.404267484584678094e-01
1.831055159694897583e+01 1.404103438977201412e-01
1.832017262247519440e+01 1.403951077845803364e-01
1.832979364800141653e+01 1.403808549594184329e-01
1.833941467352763866e+01 1.403674002626044692e-01
1.834903569905385723e+01 1.403545585345086222e-01
1.835865672458007936e+01 1.403421446155008467e-01
1.836827775010629793e+01 1.403299733459513476e-01
1.837789877563252006e+01 1.403178595662301076e-01
1.838751980115874218e+01 1.403056181167072758e-01
1.839714082668496076e+01 1.402930638377528350e-01
1.840676185221118288e+01 1.402800115697369621e-01
1.841638287773740501e+01 1.402662761530296676e-01
1.842600390326362358e+01 1.402516724280011007e-01
1.843562492878984571e+01 1.402360152350212719e-01
1.844524595431606429e+01 1.402191194144602471e-01
1.845486697984228641e+01 1.402007998066880923e-01
1.846448800536850854e+01 1.401808712520749844e-01
1.847410903089472711e+01 1.401591500668946388e-01
1.848373005642094924e+01 1.401361682885727267e-01
1.849335108194716781e+01 1.401143224010988619e-01
1.850297210747338994e+01 1.400963086349539533e-01
1.851259313299961207e+01 1.400843580363676233e-01
1.852221415852583064e+01 1.400780495084895938e-01
1.853183518405205277e+01 1.400760234611357902e-01
1.854145620957827134e+01 1.400769192155121301e-01
1.855107723510449347e+01 1.400793760928249199e-01
1.856069826063071559e+01 1.400820334142802437e-01
1.857031928615693417e+01 1.400835435960623432e-01
1.857994031168315630e+01 1.400831553965469212e-01
1.858956133720937487e+01 1.400809468936361768e-01
1.859918236273559700e+01 1.400770574501453425e-01
1.860880338826181912e+01 1.400716264288896229e-01
1.861842441378803770e+01 1.400647931926841117e-01
1.862804543931425982e+01 1.400566971043439024e-01
1.863766646484047840e+01 1.400474775266843108e-01
1.864728749036670052e+01 1.400372738225204861e-01
1.865690851589292265e+01 1.400262253546675217e-01
1.866652954141914122e+01 1.400144714859406225e-01
1.867615056694536335e+01 1.400021515791549376e-01
1.868577159247158548e+01 1.399894049971256438e-01
1.869539261799780405e+01 1.399763711026679180e-01
1.870501364352402618e+01 1.399631892585969095e-01
1.871463466905024475e+01 1.399499988277277951e-01
1.872425569457646688e+01 1.399369391728757239e-01
1.873387672010268901e+01 1.399241496568559007e-01
1.874349774562890758e+01 1.399117696424834190e-01
1.875311877115512971e+01 1.398999384925734835e-01
1.876273979668134828e+01 1.398887955699413266e-01
1.877236082220757041e+01 1.398784802374020142e-01
1.878198184773379253e+01 1.398691318577707787e-01
1.879160287326001111e+01 1.398608897938627416e-01
1.880122389878623324e+01 1.398538934084931074e-01
1.881084492431245181e+01 1.398482820644769975e-01
1.882046594983867394e+01 1.398441951246296167e-01
1.883008697536489606e+01 1.398417719517661140e-01
1.883970800089111464e+01 1.398411519087016941e-01
1.884932902641733676e+01 1.398424743582514507e-01
1.885895005194355534e+01 1.398458786632305884e-01
1.886857107746977746e+01 1.398515041864542563e-01
1.887819210299599959e+01 1.398594902907377147e-01
1.888781312852221816e+01 1.398699763388959738e-01
1.889743415404844029e+01 1.398831016937443494e-01
1.890705517957466242e+01 1.398990057180978519e-01
1.891667620510088099e+01 1.399178277747717414e-01
1.892629723062710312e+01 1.399396949223503939e-01
1.893591825615332169e+01 1.399641491130421966e-01
1.894553928167954382e+01 1.399899039411247881e-01
1.895516030720576595e+01 1.400156115908795240e-01
1.896478133273198452e+01 1.400402993923552386e-01
1.897440235825820665e+01 1.400638744698527727e-01
1.898402338378442522e+01 1.400863699175221577e-01
1.899364440931064735e+01 1.401078188295133697e-01
1.900326543483686947e+01 1.401282542999764957e-01
1.901288646036308805e+01 1.401477094230614284e-01
1.902250748588931017e+01 1.401662172929181438e-01
1.903212851141552875e+01 1.401838110036967289e-01
1.904174953694175088e+01 1.402005236495471596e-01
1.905137056246797300e+01 1.402163883246194120e-01
1.906099158799419158e+01 1.402314381230634344e-01
1.907061261352041370e+01 1.402457061390293414e-01
1.908023363904663228e+01 1.402592254666669702e-01
1.908985466457285440e+01 1.402720292001264080e-01
1.909947569009907653e+01 1.402841504335576583e-01
1.910909671562529510e+01 1.402956222611106696e-01
1.911871774115151723e+01 1.403064777769355287e-01
1.912833876667773936e+01 1.403167500751821006e-01
1.913795979220395793e+01 1.403264722500004724e-01
1.914758081773018006e+01 1.403356773955406200e-01
1.915720184325639863e+01 1.403443986059524917e-01
1.916682286878262076e+01 1.403526689753861467e-01
1.917644389430884289e+01 1.403605215979915610e-01
1.918606491983506146e+01 1.403679895679187661e-01
1.919568594536128359e+01 1.403751059793176548e-01
1.920530697088750216e+01 1.403819039263383417e-01
1.921492799641372429e+01 1.403884165031306919e-01
1.922454902193994641e+01 1.403946768038448201e-01
1.923417004746616499e+01 1.404007179226306468e-01
1.924379107299238711e+01 1.404065729536382034e-01
1.925341209851860569e+01 1.404122749910174661e-01
1.926303312404482782e+01 1.404178571289184385e-01
1.927265414957104994e+01 1.404233524614911244e-01
1.928227517509726852e+01 1.404287940828854997e-01
1.929189620062349064e+01 1.404342150872515960e-01
1.930151722614970922e+01 1.404396485687393337e-01
1.931113825167593134e+01 1.404451276214987998e-01
1.932075927720215347e+01 1.404506853396799426e-01
1.933038030272837204e+01 1.404563548174327381e-01
1.934000132825459417e+01 1.404621691489071622e-01
1.934962235378081274e+01 1.404681614282533575e-01
1.935924337930703487e+01 1.404743647496211056e-01
1.936886440483325700e+01 1.404808122071605769e-01
1.937848543035947557e+01 1.404875368950216641e-01
1.938810645588569770e+01 1.404945719073544264e-01
1.939772748141191983e+01 1.405019503383088120e-01
1.940734850693813840e+01 1.405097052820348247e-01
1.941696953246436053e+01 1.405178698326824682e-01
1.942659055799057910e+01 1.405264770844017463e-01
1.943621158351680123e+01 1.405355601313426628e-01
1.944583260904302335e+01 1.405451520676551935e-01
1.945545363456924193e+01 1.405552859874892868e-01
1.946507466009546405e+01 1.405659949849950019e-01
1.947469568562168263e+01 1.405773121543223425e-01
1.948431671114790475e+01 1.405892705896212569e-01
1.949393773667412688e+01 1.406019033850417765e-01
1.950355876220034546e+01 1.406152436347338497e-01
1.951317978772656758e+01 1.406293244328475633e-01
1.952280081325278616e+01 1.406441788735327547e-01
1.953242183877900828e+01 1.406598400509395941e-01
1.954204286430523041e+01 1.406763410592180297e-01
1.955166388983144898e+01 1.406937149925179265e-01
1.956128491535767111e+01 1.407119949449894269e-01
1.957090594088388968e+01 1.407312140107825071e-01
1.958052696641011181e+01 1.407514052840470875e-01
1.959014799193633394e+01 1.407726018589332273e-01
1.959976901746255251e+01 1.407948368295909025e-01
1.960939004298877464e+01 1.408181432901701169e-01
1.961901106851499677e+01 1.408425543348208742e-01
1.962863209404121534e+01 1.408681030576930948e-01
1.963825311956743747e+01 1.408948225529368936e-01
1.964787414509365604e+01 1.409227459147021633e-01
1.965749517061987817e+01 1.409519062371389353e-01
1.966711619614610029e+01 1.409823366143972134e-01
1.967673722167231887e+01 1.410140701406270292e-01
1.968635824719854099e+01 1.410471399099782752e-01
1.969597927272475957e+01 1.410815790166010109e-01
1.970560029825098169e+01 1.411174205546452398e-01
1.971522132377720382e+01 1.411546976182610214e-01
1.972484234930342240e+01 1.411934433015981649e-01
1.973446337482964452e+01 1.412336906988068408e-01
1.974408440035586310e+01 1.412754729040369417e-01
1.975370542588208522e+01 1.413188230114384991e-01
1.976332645140830735e+01 1.413637741151615723e-01
1.977294747693452592e+01 1.414103593093559985e-01
1.978256850246074805e+01 1.414586116881719480e-01
1.979218952798696662e+01 1.415085643457592857e-01
