7.618010371223582489e-01 2.828888363278035945e-01
7.714220626485789323e-01 2.878330675262005811e-01
7.810430881747997267e-01 2.927179238341621748e-01
7.906641137010204101e-01 2.975428013360416624e-01
8.002851392272412046e-01 3.023070961520419875e-01
8.099061647534618880e-01 3.070102044706288780e-01
8.195271902796826824e-01 3.116515225812740986e-01
8.291482158059033658e-01 3.162304469075281066e-01
8.387692413321241602e-01 3.207463740404171149e-01
8.483902668583448436e-01 3.251987007721663936e-01
8.580112923845655271e-01 3.295868241302423174e-01
8.676323179107863215e-01 3.339101414117157662e-01
8.772533434370071159e-01 3.381680502179352232e-01
8.868743689632277993e-01 3.423599484895193390e-01
8.964953944894484827e-01 3.464852345416492563e-01
9.061164200156692772e-01 3.505433070996730183e-01
9.157374455418899606e-01 3.545335653350067950e-01
9.253584710681107550e-01 3.584554089013345379e-01
9.349794965943314384e-01 3.623082379710995116e-01
9.446005221205522329e-01 3.660914532722851500e-01
9.542215476467729163e-01 3.698044561254775209e-01
9.638425731729935997e-01 3.734466484812076215e-01
9.734635986992143941e-01 3.770174329575669558e-01
9.830846242254351885e-01 3.805162128780892883e-01
9.927056497516558720e-01 3.839423923098944091e-01
1.002326675277876555e+00 3.872953761020894725e-01
1.011947700804097350e+00 3.905745699244166924e-01
1.021568726330317922e+00 3.937793803061463427e-01
1.031189751856538717e+00 3.969092146752014605e-01
1.040810777382759511e+00 3.999634813975144199e-01
1.050431802908980305e+00 4.029415898166007204e-01
1.060052828435201100e+00 4.058429502933463273e-01
1.069673853961421672e+00 4.086669742459970722e-01
1.079294879487642467e+00 4.114130741903436750e-01
1.088915905013863261e+00 4.140806637800913959e-01
1.098536930540083834e+00 4.166691578474038815e-01
1.108157956066304628e+00 4.191779724436149324e-01
1.117778981592525422e+00 4.216065248800907606e-01
1.127400007118746217e+00 4.239542337692397966e-01
1.137021032644966789e+00 4.262205190656508380e-01
1.146642058171187584e+00 4.284048021073538215e-01
1.156263083697408378e+00 4.305065056571861226e-01
1.165884109223628951e+00 4.325250539442541120e-01
1.175505134749849745e+00 4.344598727054777010e-01
1.185126160276070539e+00 4.363103892271981143e-01
1.194747185802291334e+00 4.380760323868438944e-01
1.204368211328512128e+00 4.397562326946328204e-01
1.213989236854732701e+00 4.413504223352978095e-01
1.223610262380953495e+00 4.428580352098216433e-01
1.233231287907174067e+00 4.442785069771646445e-01
1.242852313433394862e+00 4.456112750959680957e-01
1.252473338959615656e+00 4.468557788662188002e-01
1.262094364485836451e+00 4.480114594708582421e-01
1.271715390012057245e+00 4.490777600173181949e-01
1.281336415538277818e+00 4.500541255789676787e-01
1.290957441064498612e+00 4.509400032364543898e-01
1.300578466590719184e+00 4.517348421189257834e-01
1.310199492116939979e+00 4.524380934451093794e-01
1.319820517643160773e+00 4.530492105844455275e-01
1.329441543169381568e+00 4.535681518494059095e-01
1.339062568695602362e+00 4.539966862688692428e-01
1.348683594221823157e+00 4.543369918003176688e-01
1.358304619748043729e+00 4.545912487623051668e-01
1.367925645274264523e+00 4.547616396642835679e-01
1.377546670800485096e+00 4.548503490407694305e-01
1.387167696326705890e+00 4.548595632898665975e-01
1.396788721852926685e+00 4.547914705161548721e-01
1.406409747379147479e+00 4.546482603779457010e-01
1.416030772905368273e+00 4.544321239389143563e-01
1.425651798431588846e+00 4.541452535241105037e-01
1.435272823957809640e+00 4.537898425803423841e-01
1.444893849484030213e+00 4.533680855409396582e-01
1.454514875010251007e+00 4.528821776948864231e-01
1.464135900536471802e+00 4.523343150603205687e-01
1.473756926062692596e+00 4.517266942623894832e-01
1.483377951588913390e+00 4.510615124154562783e-01
1.492998977115133963e+00 4.503409670096395478e-01
1.502620002641354757e+00 4.495672558016789999e-01
1.512241028167575330e+00 4.487425767101033691e-01
1.521862053693796124e+00 4.478691277146924499e-01
1.531483079220016918e+00 4.469489622141709084e-01
1.541104104746237713e+00 4.459831281744190967e-01
1.550725130272458507e+00 4.449722466622445527e-01
1.560346155798679302e+00 4.439169375002594009e-01
1.569967181324899874e+00 4.428178207989340032e-01
1.579588206851120669e+00 4.416755169283744231e-01
1.589209232377341241e+00 4.404906464901897079e-01
1.598830257903562035e+00 4.392638302894300573e-01
1.608451283429782830e+00 4.379956893065912737e-01
1.618072308956003624e+00 4.366868446696716144e-01
1.627693334482224419e+00 4.353379176262689998e-01
1.637314360008444991e+00 4.339495295157093646e-01
1.646935385534665786e+00 4.325223017411951587e-01
1.656556411060886358e+00 4.310568557419581226e-01
1.666177436587107152e+00 4.295538129654118409e-01
1.675798462113327947e+00 4.280137948392869207e-01
1.685419487639548741e+00 4.264374227437425779e-01
1.695040513165769536e+00 4.248253179834391990e-01
1.704661538691990108e+00 4.231781017334724782e-01
1.714282564218210902e+00 4.214963768858827065e-01
1.723903589744431475e+00 4.197806963750643217e-01
1.733524615270652269e+00 4.180316046418798837e-01
1.743145640796873064e+00 4.162496461287900629e-01
1.752766666323093858e+00 4.144353652761393891e-01
1.762387691849314653e+00 4.125893065184989550e-01
1.772008717375535225e+00 4.107120142810099517e-01
1.781629742901756019e+00 4.088040329756691404e-01
1.791250768427976814e+00 4.068659069974965847e-01
1.800871793954197386e+00 4.048981807205224159e-01
1.810492819480418181e+00 4.029013984935208015e-01
1.820113845006638975e+00 4.008761046354277768e-01
1.829734870532859770e+00 3.988228434303595082e-01
1.839355896059080342e+00 3.967421591221606536e-01
1.848976921585301136e+00 3.946345959083975008e-01
1.858597947111521931e+00 3.925006979337133939e-01
1.868218972637742725e+00 3.903410110089673979e-01
1.877839998163963298e+00 3.881563436903038289e-01
1.887461023690184092e+00 3.859480464058639981e-01
1.897082049216404886e+00 3.837175355923939102e-01
1.906703074742625459e+00 3.814662266071319752e-01
1.916324100268846253e+00 3.791955336982349434e-01
1.925945125795067048e+00 3.769068699768493569e-01
1.935566151321287842e+00 3.746016473908063693e-01
1.945187176847508415e+00 3.722812766999217815e-01
1.954808202373729209e+00 3.699471674528768683e-01
1.964429227899950003e+00 3.676007279656587357e-01
1.974050253426170798e+00 3.652433653015363935e-01
1.983671278952391370e+00 3.628764852525444007e-01
1.993292304478612165e+00 3.605014923224528767e-01
2.002913330004832737e+00 3.581197897111913497e-01
2.012534355531053532e+00 3.557327793006994643e-01
2.022155381057274326e+00 3.533418616421751257e-01
2.031776406583495120e+00 3.509484359446861101e-01
2.041397432109715915e+00 3.485539000651118879e-01
2.051018457635936265e+00 3.461596504993825762e-01
2.060639483162157504e+00 3.437670823749723326e-01
2.070260508688377854e+00 3.413775894446141046e-01
2.079881534214599093e+00 3.389925640811873309e-01
2.089502559740819443e+00 3.366133972737403446e-01
2.099123585267040237e+00 3.342414786245937464e-01
2.108744610793261032e+00 3.318781963474807806e-01
2.118365636319481382e+00 3.295249372666658738e-01
2.127986661845702621e+00 3.271830868169862128e-01
2.137607687371922971e+00 3.248540290447565204e-01
2.147228712898144209e+00 3.225391466094671422e-01
2.156849738424364560e+00 3.202398151032895823e-01
2.166470763950585354e+00 3.179564981210044050e-01
2.176091789476806149e+00 3.156877559400063649e-01
2.185712815003026943e+00 3.134319119627696493e-01
2.195333840529247738e+00 3.111872916586188031e-01
2.204954866055468088e+00 3.089522225850425130e-01
2.214575891581689326e+00 3.067250344065297063e-01
2.224196917107909677e+00 3.045040589104224815e-01
2.233817942634130471e+00 3.022876300192461896e-01
2.243438968160351266e+00 3.000740837989556709e-01
2.253059993686572060e+00 2.978617584625065651e-01
2.262681019212792854e+00 2.956489943681400723e-01
2.272302044739013205e+00 2.934341340117451735e-01
2.281923070265234443e+00 2.912155220126478872e-01
2.291544095791454794e+00 2.889916958023926452e-01
2.301165121317675588e+00 2.867636579256083729e-01
2.310786146843896383e+00 2.845341245203319991e-01
2.320407172370117177e+00 2.823058438921831614e-01
2.330028197896337971e+00 2.800815617108192157e-01
2.339649223422558322e+00 2.778640210266885013e-01
2.349270248948779560e+00 2.756559622943608456e-01
2.358891274474999911e+00 2.734601234022689398e-01
2.368512300001220705e+00 2.712792397086830620e-01
2.378133325527441500e+00 2.691160440837498946e-01
2.387754351053662294e+00 2.669732669574009232e-01
2.397375376579883088e+00 2.648536363729468435e-01
2.406996402106103439e+00 2.627598780461571359e-01
2.416617427632324677e+00 2.606943848241878858e-01
2.426238453158545028e+00 2.586570145073443516e-01
2.435859478684765822e+00 2.566464529969640918e-01
2.445480504210986616e+00 2.546613799107874110e-01
2.455101529737207411e+00 2.527004748441570303e-01
2.464722555263428205e+00 2.507624172538374108e-01
2.474343580789648556e+00 2.488458863124919374e-01
2.483964606315869794e+00 2.469495607323551334e-01
2.493585631842090145e+00 2.450721185566755722e-01
2.503206657368311383e+00 2.432122369175720999e-01
2.512827682894531733e+00 2.413685917590612517e-01
2.522448708420752528e+00 2.395398575241527162e-01
2.532069733946973322e+00 2.377246867106320161e-01
2.541690759473193673e+00 2.359213878595683156e-01
2.551311784999414911e+00 2.341279864609023265e-01
2.560932810525635261e+00 2.323425065220909858e-01
2.570553836051856500e+00 2.305629800947729124e-01
2.580174861578076850e+00 2.287874475928923512e-01
2.589795887104297645e+00 2.270139578172084283e-01
2.599416912630518439e+00 2.252405676698424342e-01
2.609037938156739234e+00 2.234653415424494582e-01
2.618658963682960028e+00 2.216863503613640263e-01
2.628279989209180378e+00 2.199016702726038219e-01
2.637901014735401617e+00 2.181093809488914848e-01
2.647522040261621967e+00 2.163083491115729839e-01
2.657143065787842762e+00 2.145018178541511222e-01
2.666764091314063556e+00 2.126945377509837642e-01
2.676385116840284351e+00 2.108912519977761413e-01
2.686006142366505145e+00 2.090966970569811678e-01
2.695627167892725495e+00 2.073156042691793877e-01
2.705248193418946734e+00 2.055527009149626938e-01
2.714869218945167084e+00 2.038127106910637976e-01
2.724490244471387879e+00 2.021003535631394066e-01
2.734111269997608673e+00 2.004203449562291794e-01
2.743732295523829467e+00 1.987773942424575779e-01
2.753353321050050262e+00 1.971756747599824056e-01
2.762974346576271056e+00 1.956137078592621592e-01
2.772595372102491407e+00 1.940865938018206671e-01
2.782216397628712201e+00 1.925893888030618117e-01
2.791837423154932996e+00 1.911171546310206637e-01
2.801458448681153790e+00 1.896649600574412675e-01
2.811079474207374584e+00 1.882278820415085041e-01
2.820700499733595379e+00 1.868010066250764822e-01
2.830321525259816173e+00 1.853794295172433437e-01
2.839942550786036524e+00 1.839582563452932529e-01
2.849563576312257318e+00 1.825326025483864079e-01
2.859184601838478113e+00 1.810985000343772744e-01
2.868805627364698907e+00 1.796567025298761999e-01
2.878426652890919701e+00 1.782094894414378294e-01
2.888047678417140496e+00 1.767591373128578336e-01
2.897668703943361290e+00 1.753079192619754201e-01
2.907289729469582085e+00 1.738581051902132746e-01
2.916910754995802435e+00 1.724119619760637601e-01
2.926531780522023229e+00 1.709717536504246627e-01
2.936152806048244024e+00 1.695397415516901873e-01
2.945773831574464818e+00 1.681181844584966611e-01
2.955394857100685613e+00 1.667093386980161018e-01
2.965015882626906407e+00 1.653154582276665507e-01
2.974636908153127202e+00 1.639387946880783431e-01
2.984257933679347552e+00 1.625815974251038909e-01
2.993878959205568346e+00 1.612461134785977690e-01
3.003499984731789141e+00 1.599345875356034952e-01
3.013121010258009935e+00 1.586492618454736769e-01
3.022742035784230730e+00 1.573923760943129468e-01
3.032363061310451524e+00 1.561661672359599962e-01
3.041984086836672319e+00 1.549728692765192650e-01
3.051605112362892669e+00 1.538145903056834241e-01
3.061226137889113463e+00 1.526899533351186999e-01
3.070847163415334258e+00 1.515936905785903177e-01
3.080468188941555052e+00 1.505203366785415053e-01
3.090089214467775847e+00 1.494644346469893303e-01
3.099710239993996641e+00 1.484205359768436261e-01
3.109331265520217435e+00 1.473832004463948575e-01
3.118952291046438230e+00 1.463469955954865009e-01
3.128573316572658580e+00 1.453064958511142979e-01
3.138194342098879375e+00 1.442562812797090199e-01
3.147815367625100169e+00 1.431915204551018339e-01
3.157436393151320964e+00 1.421132193268691557e-01
3.167057418677541758e+00 1.410257332385513873e-01
3.176678444203762552e+00 1.399334507423883600e-01
3.186299469729983347e+00 1.388407551848460930e-01
3.195920495256203697e+00 1.377520258383319596e-01
3.205541520782424492e+00 1.366716384247816940e-01
3.215162546308645286e+00 1.356039649945319225e-01
3.224783571834866081e+00 1.345533731237853192e-01
3.234404597361086875e+00 1.335242059599911768e-01
3.244025622887307669e+00 1.325184453088744940e-01
3.253646648413528464e+00 1.315334307398642599e-01
3.263267673939748814e+00 1.305659624174952405e-01
3.272888699465969609e+00 1.296128458190984878e-01
3.282509724992190403e+00 1.286708930907307924e-01
3.292130750518411197e+00 1.277369239346107521e-01
3.301751776044631992e+00 1.268077660052031874e-01
3.311372801570852786e+00 1.258802547913832615e-01
3.320993827097073581e+00 1.249512330161536150e-01
3.330614852623293931e+00 1.240185647321675050e-01
3.340235878149514726e+00 1.230837265796074220e-01
3.349856903675735520e+00 1.221489929624812176e-01
3.359477929201956314e+00 1.212166335571781134e-01
3.369098954728177109e+00 1.202889140817097885e-01
3.378719980254397903e+00 1.193680968092365319e-01
3.388341005780618698e+00 1.184564408129604313e-01
3.397962031306839492e+00 1.175562019286096743e-01
3.407583056833059842e+00 1.166696322318572371e-01
3.417204082359280637e+00 1.157983817974693047e-01
3.426825107885501431e+00 1.149421740521519852e-01
3.436446133411722226e+00 1.141003449075559395e-01
3.446067158937943020e+00 1.132722288982627445e-01
3.455688184464163815e+00 1.124571590584945990e-01
3.465309209990384609e+00 1.116544667958210557e-01
3.474930235516604959e+00 1.108634817619125190e-01
3.484551261042825754e+00 1.100835317203916475e-01
3.494172286569046548e+00 1.093139392321118980e-01
3.503793312095267343e+00 1.085538276573433381e-01
3.513414337621488137e+00 1.078020134726186685e-01
3.523035363147708932e+00 1.070572939299472143e-01
3.532656388673929726e+00 1.063184753152059125e-01
3.542277414200150076e+00 1.055843735072003881e-01
3.551898439726370871e+00 1.048538141820813535e-01
3.561519465252591665e+00 1.041256326508401137e-01
3.571140490778812460e+00 1.033986733175683986e-01
3.580761516305033254e+00 1.026719223409132131e-01
3.590382541831254049e+00 1.019453923572598286e-01
3.600003567357474843e+00 1.012195662060040857e-01
3.609624592883695637e+00 1.004949264244512502e-01
3.619245618409915988e+00 9.977195282508860563e-02
3.628866643936136782e+00 9.905112261291076914e-02
3.638487669462357577e+00 9.833291050175232972e-02
3.648108694988578371e+00 9.761778882973681792e-02
3.657729720514799165e+00 9.690622767394869996e-02
3.667350746041019960e+00 9.619869496442651213e-02
3.676971771567240754e+00 9.549565659756963087e-02
3.686592797093461105e+00 9.479757654904212572e-02
3.696213822619681899e+00 9.410491698625284007e-02
3.705834848145902694e+00 9.341813838047964558e-02
3.715455873672123488e+00 9.273769961869908485e-02
3.725076899198344282e+00 9.206405811517344440e-02
3.734697924724565077e+00 9.139766675741202440e-02
3.744318950250785871e+00 9.073867488842701778e-02
3.753939975777006222e+00 9.008668397770813741e-02
3.763561001303227016e+00 8.944123991336404289e-02
3.773182026829447810e+00 8.880189127494242385e-02
3.782803052355668605e+00 8.816818875301644931e-02
3.792424077881889399e+00 8.753968359687193390e-02
3.802045103408110194e+00 8.691592504097769845e-02
3.811666128934330988e+00 8.629645787043437044e-02
3.821287154460551783e+00 8.568093154075720475e-02
3.830908179986772133e+00 8.506919486981528999e-02
3.840529205512992927e+00 8.446111744875392513e-02
3.850150231039213722e+00 8.385657204502568185e-02
3.859771256565434516e+00 8.325543783191960423e-02
3.869392282091655311e+00 8.265760280857822884e-02
3.879013307617876105e+00 8.206296537266452584e-02
3.888634333144096900e+00 8.147144888903706805e-02
3.898255358670317250e+00 8.088342694634051422e-02
3.907876384196538044e+00 8.029979602877253264e-02
3.917497409722758839e+00 7.972148069150336580e-02
3.927118435248979633e+00 7.914940347737632609e-02
3.936739460775200428e+00 7.858448504059856177e-02
3.946360486301421222e+00 7.802764425245253821e-02
3.955981511827642016e+00 7.747979828791318191e-02
3.965602537353862367e+00 7.694173529179103299e-02
3.975223562880083161e+00 7.641311363229459641e-02
3.984844588406303956e+00 7.589300245488592167e-02
3.994465613932524750e+00 7.538046664254140217e-02
4.004086639458745545e+00 7.487457192020618990e-02
4.013707664984966783e+00 7.437438481621205799e-02
4.023328690511187133e+00 7.387897261622093648e-02
4.032949716037407484e+00 7.338740330920573429e-02
4.042570741563627834e+00 7.289874552497241367e-02
4.052191767089849073e+00 7.241206846272170428e-02
4.061812792616070311e+00 7.192644181014858085e-02
4.071433818142290662e+00 7.144093565258144429e-02
4.081054843668511012e+00 7.095462037167403480e-02
4.090675869194732250e+00 7.046656653317839858e-02
4.100296894720953489e+00 6.997584476335048931e-02
4.109917920247173839e+00 6.948180140213919276e-02
4.119538945773394190e+00 6.898596715611766961e-02
4.129159971299614540e+00 6.849091087126772670e-02
4.138780996825835778e+00 6.799920605745179980e-02
4.148402022352057017e+00 6.751342481670072337e-02
4.158023047878277367e+00 6.703613804559933886e-02
4.167644073404497718e+00 6.656991555500198221e-02
4.177265098930718068e+00 6.611724359861713418e-02
4.186886124456939307e+00 6.567860868147429310e-02
4.196507149983160545e+00 6.525244033093861862e-02
4.206128175509380895e+00 6.483707400772753537e-02
4.215749201035601246e+00 6.443084514055170964e-02
4.225370226561822484e+00 6.403208906287168045e-02
4.234991252088043723e+00 6.363914094813295785e-02
4.244612277614264073e+00 6.325033574356707378e-02
4.254233303140484423e+00 6.286400810271336459e-02
4.263854328666704774e+00 6.247849231689339700e-02
4.273475354192926012e+00 6.209212224595751090e-02
4.283096379719147251e+00 6.170323124872102022e-02
4.292717405245367601e+00 6.131015211361511008e-02
4.302338430771587952e+00 6.091121699019421548e-02
4.311959456297809190e+00 6.050477216708352590e-02
4.321580481824029540e+00 6.009070592867955113e-02
4.331201507350250779e+00 5.967177518508173795e-02
4.340822532876471129e+00 5.925105006416729603e-02
4.350443558402691480e+00 5.883160170138160283e-02
4.360064583928912718e+00 5.841650242353447348e-02
4.369685609455133957e+00 5.800882590132058064e-02
4.379306634981354307e+00 5.761161769278288353e-02
4.388927660507574657e+00 5.722598327990888190e-02
4.398548686033795008e+00 5.684992312401744574e-02
4.408169711560016246e+00 5.648116592299563810e-02
4.417790737086237485e+00 5.611744743185166640e-02
4.427411762612457835e+00 5.575650881056327252e-02
4.437032788138678185e+00 5.539609429232855015e-02
4.446653813664899424e+00 5.503402776518090400e-02
4.456274839191120662e+00 5.467013771802859551e-02
4.465895864717341013e+00 5.430635744931876230e-02
4.475516890243561363e+00 5.394471605442359430e-02
4.485137915769781713e+00 5.358724123173201626e-02
4.494758941296002952e+00 5.323595891062425645e-02
4.504379966822224191e+00 5.289288905733403878e-02
4.514000992348444541e+00 5.255973870250468111e-02
4.523622017874664891e+00 5.223551020038904452e-02
4.533243043400885242e+00 5.191778843431738011e-02
4.542864068927106480e+00 5.160416469397365730e-02
4.552485094453327719e+00 5.129225542861998166e-02
4.562106119979548069e+00 5.097970222176259614e-02
4.571727145505768419e+00 5.066416633423602434e-02
4.581348171031989658e+00 5.034424399191201466e-02
4.590969196558210896e+00 5.002131638148809428e-02
4.600590222084431247e+00 4.969727405566085054e-02
4.610211247610651597e+00 4.937400228853888046e-02
4.619832273136871947e+00 4.905338727507920632e-02
4.629453298663093186e+00 4.873731699678777313e-02
4.639074324189314424e+00 4.842759053527109087e-02
4.648695349715534775e+00 4.812436144125144949e-02
4.658316375241755125e+00 4.782631226934237756e-02
4.667937400767975475e+00 4.753207715275718087e-02
4.677558426294196714e+00 4.724029933099824913e-02
4.687179451820417952e+00 4.694963428486986778e-02
4.696800477346638303e+00 4.665875040371582350e-02
4.706421502872858653e+00 4.636676060753021356e-02
4.716042528399079892e+00 4.607416063859115507e-02
4.725663553925301130e+00 4.578171517719588357e-02
4.735284579451521481e+00 4.549018462232342491e-02
4.744905604977741831e+00 4.520032636960654576e-02
4.754526630503962181e+00 4.491289582198395441e-02
4.764147656030184308e+00 4.462864712194188760e-02
4.773768681556404658e+00 4.434833359361006061e-02
4.783389707082625009e+00 4.407270788242107634e-02
4.793010732608845359e+00 4.380252177959639143e-02
4.802631758135065709e+00 4.353852571838978669e-02
4.812252783661287836e+00 4.328146792882670013e-02
4.821873809187508186e+00 4.303206671985105453e-02
4.831494834713728537e+00 4.278998527051157408e-02
4.841115860239948887e+00 4.255351032040356057e-02
4.850736885766169237e+00 4.232084097426998953e-02
4.860357911292391364e+00 4.209018345096800923e-02
4.869978936818611714e+00 4.185975127514704464e-02
4.879599962344832065e+00 4.162776721506990241e-02
4.889220987871052415e+00 4.139334714329279824e-02
4.898842013397274542e+00 4.115773057063375900e-02
4.908463038923494892e+00 4.092246276554335760e-02
4.918084064449715243e+00 4.068908528242169698e-02
4.927705089975935593e+00 4.045913624434514105e-02
4.937326115502155943e+00 4.023414890099048097e-02
4.946947141028378070e+00 4.001492974585794948e-02
4.956568166554598420e+00 3.979965174096184582e-02
4.966189192080818771e+00 3.958589593956747532e-02
4.975810217607039121e+00 3.937125668394756556e-02
4.985431243133259471e+00 3.915334061814890187e-02
4.995052268659481598e+00 3.892976176811415584e-02
5.004673294185701948e+00 3.869900945804038983e-02
5.014294319711922299e+00 3.846355601671967023e-02
5.023915345238142649e+00 3.822700383436455213e-02
5.033536370764364776e+00 3.799295857506835433e-02
5.043157396290585126e+00 3.776503327450248665e-02
5.052778421816805476e+00 3.754684636757051747e-02
5.062399447343025827e+00 3.734101908321280777e-02
5.072020472869246177e+00 3.714559589959343794e-02
5.081641498395468304e+00 3.695730890686260706e-02
5.091262523921688654e+00 3.677289714198839210e-02
5.100883549447909004e+00 3.658911100008832573e-02
5.110504574974129355e+00 3.640271154623347938e-02
5.120125600500351482e+00 3.621145863909560475e-02
5.129746626026571832e+00 3.601686294668515753e-02
5.139367651552792182e+00 3.582131617543852370e-02
5.148988677079012533e+00 3.562720958740715066e-02
5.158609702605232883e+00 3.543693669800851431e-02
5.168230728131455010e+00 3.525289047146256544e-02
5.177851753657675360e+00 3.507652380248387630e-02
5.187472779183895710e+00 3.490687204619121603e-02
5.197093804710116061e+00 3.474258603846178822e-02
5.206714830236336411e+00 3.458231802538594413e-02
5.216335855762558538e+00 3.442472393236284400e-02
5.225956881288778888e+00 3.426846474693414496e-02
5.235577906814999238e+00 3.411220698669045759e-02
5.245198932341219589e+00 3.395462222514200601e-02
5.254819957867441715e+00 3.379438564801937744e-02
5.264440983393662066e+00 3.363017360987772403e-02
5.274062008919882416e+00 3.346066015591355608e-02
5.283683034446102766e+00 3.328467457683493419e-02
5.293304059972323117e+00 3.310346894537022355e-02
5.302925085498545243e+00 3.292017058162771681e-02
5.312546111024765594e+00 3.273796463162700898e-02
5.322167136550985944e+00 3.256004944003842994e-02
5.331788162077206294e+00 3.238963466377852568e-02
5.341409187603426645e+00 3.222917541762295585e-02
5.351030213129648772e+00 3.207719486376554158e-02
5.360651238655869122e+00 3.193094306560135404e-02
5.370272264182089472e+00 3.178767061967013863e-02
5.379893289708309823e+00 3.164463345044989107e-02
5.389514315234531949e+00 3.149911179991034954e-02
5.399135340760752300e+00 3.135008622169519615e-02
5.408756366286972650e+00 3.119951827863181107e-02
5.418377391813193000e+00 3.104967113782591825e-02
5.427998417339413351e+00 3.090281119856212039e-02
5.437619442865635477e+00 3.076120973138956813e-02
5.447240468391855828e+00 3.062685643587728657e-02
5.456861493918076178e+00 3.049895202084083531e-02
5.466482519444296528e+00 3.037511863698876338e-02
5.476103544970518655e+00 3.025295956385879934e-02
5.485724570496739005e+00 3.013007811592000387e-02
5.495345596022959356e+00 3.000408273020241032e-02
5.504966621549179706e+00 2.987373283665324328e-02
5.514587647075400056e+00 2.974036474234829572e-02
5.524208672601622183e+00 2.960566499068510715e-02
5.533829698127842533e+00 2.947132174773191282e-02
5.543450723654062884e+00 2.933902556697945072e-02
5.553071749180283234e+00 2.921032837770752913e-02
5.562692774706503585e+00 2.908549104882414069e-02
5.572313800232725711e+00 2.896408068611494580e-02
5.581934825758946062e+00 2.884565720238611158e-02
5.591555851285166412e+00 2.872978003329147018e-02
5.601176876811386762e+00 2.861601024631351547e-02
5.610797902337608889e+00 2.850404062536542743e-02
5.620418927863829239e+00 2.839377452781624567e-02
5.630039953390049590e+00 2.828513396010417374e-02
5.639660978916269940e+00 2.817804070838209746e-02
5.649282004442490290e+00 2.807241633154282726e-02
5.658903029968712417e+00 2.796818214045208167e-02
5.668524055494932767e+00 2.786525916320015117e-02
5.678145081021153118e+00 2.776356809623513680e-02
5.687766106547373468e+00 2.766302924132508709e-02
5.697387132073593818e+00 2.756356242841173643e-02
5.707008157599815945e+00 2.746506097383850584e-02
5.716629183126036295e+00 2.736709101048643775e-02
5.726250208652256646e+00 2.726899522315848201e-02
5.735871234178476996e+00 2.717011188096531832e-02
5.745492259704699123e+00 2.706977918316208487e-02
5.755113285230919473e+00 2.696735495818180367e-02
5.764734310757139824e+00 2.686307237844627605e-02
5.774355336283360174e+00 2.675837112375147736e-02
5.783976361809580524e+00 2.665478117194714641e-02
5.793597387335802651e+00 2.655383509249609197e-02
5.803218412862023001e+00 2.645706634700752125e-02
5.812839438388243352e+00 2.636541744969686171e-02
5.822460463914463702e+00 2.627833650424781647e-02
5.832081489440684052e+00 2.619503821038995581e-02
5.841702514966906179e+00 2.611473584628922276e-02
5.851323540493126529e+00 2.603664151723643350e-02
5.860944566019346880e+00 2.596005563845208905e-02
5.870565591545567230e+00 2.588465656551424549e-02
5.880186617071789357e+00 2.581022247014611026e-02
5.889807642598009707e+00 2.573653097797000411e-02
5.899428668124230057e+00 2.566335909344013080e-02
5.909049693650450408e+00 2.559048309774419189e-02
5.918670719176670758e+00 2.551767841880038870e-02
5.928291744702892885e+00 2.544471947329293368e-02
5.937912770229113235e+00 2.537137948086516312e-02
5.947533795755333585e+00 2.529743025081799060e-02
5.957154821281553936e+00 2.522271272858764637e-02
5.966775846807776063e+00 2.514766671521471986e-02
5.976396872333996413e+00 2.507303561286790619e-02
5.986017897860216763e+00 2.499956765032839215e-02
5.995638923386437114e+00 2.492801392297730456e-02
6.005259948912657464e+00 2.485906434676138019e-02
6.014880974438879591e+00 2.479277010226440398e-02
6.024501999965099941e+00 2.472881487311915857e-02
6.034123025491320291e+00 2.466687868933582772e-02
6.043744051017540642e+00 2.460664229204859860e-02
6.053365076543760992e+00 2.454778708747738791e-02
6.062986102069983119e+00 2.448999508994980506e-02
6.072607127596203469e+00 2.443294885361588231e-02
6.082228153122423819e+00 2.437633139251432768e-02
6.091849178648644170e+00 2.431982608868647061e-02
6.101470204174866296e+00 2.426314883082303017e-02
6.111091229701086647e+00 2.420631146536576794e-02
6.120712255227306997e+00 2.414948248777705475e-02
6.130333280753527347e+00 2.409282818311610230e-02
6.139954306279747698e+00 2.403651075048193406e-02
6.149575331805969824e+00 2.398073868511400517e-02
6.159196357332190175e+00 2.392609039670033633e-02
6.168817382858410525e+00 2.387331030573001944e-02
6.178438408384630876e+00 2.382314529443914711e-02
6.188059433910851226e+00 2.377634453208723672e-02
6.197680459437073353e+00 2.373331789102762004e-02
6.207301484963293703e+00 2.369269588244292749e-02
6.216922510489514053e+00 2.365253692169020511e-02
6.226543536015734404e+00 2.361090685736557185e-02
6.236164561541956530e+00 2.356587839391749428e-02
6.245785587068176881e+00 2.351635980583662716e-02
6.255406612594397231e+00 2.346405829443173885e-02
6.265027638120617581e+00 2.341126036073771371e-02
6.274648663646837932e+00 2.336024144544606579e-02
6.284269689173060058e+00 2.331325598119080370e-02
6.293890714699280409e+00 2.327146234241641090e-02
6.303511740225500759e+00 2.323385501557951802e-02
6.313132765751721109e+00 2.319919509739251304e-02
6.322753791277941460e+00 2.316627150828068013e-02
6.332374816804163586e+00 2.313391302523374465e-02
6.341995842330383937e+00 2.310147146083116332e-02
6.351616867856604287e+00 2.306886455219041981e-02
6.361237893382824637e+00 2.303602656242493066e-02
6.370858918909046764e+00 2.300288275332016893e-02
6.380479944435267114e+00 2.296936176116946490e-02
6.390100969961487465e+00 2.293553229683862812e-02
6.399721995487707815e+00 2.290154946756093116e-02
6.409343021013928166e+00 2.286757396345332274e-02
6.418964046540150292e+00 2.283377545042202320e-02
6.428585072066370643e+00 2.280033565902523859e-02
6.438206097592590993e+00 2.276745007385868116e-02
6.447827123118811343e+00 2.273532823454457730e-02
6.457448148645033470e+00 2.270419266208186307e-02
6.467069174171253820e+00 2.267427729041480641e-02
6.476690199697474171e+00 2.264588351071878183e-02
6.486311225223694521e+00 2.261940618833357258e-02
6.495932250749914871e+00 2.259523453388022005e-02
6.505553276276136998e+00 2.257374381595593157e-02
6.515174301802357348e+00 2.255523534045766540e-02
6.524795327328577699e+00 2.253930539098527447e-02
6.534416352854798049e+00 2.252510348584578839e-02
6.544037378381018399e+00 2.251179083646029019e-02
6.553658403907240526e+00 2.249854975726093415e-02
6.563279429433460876e+00 2.248466086833907085e-02
6.572900454959681227e+00 2.246969262309003387e-02
6.582521480485901577e+00 2.245326797244597689e-02
6.592142506012123704e+00 2.243500239464877102e-02
6.601763531538344054e+00 2.241453168558309519e-02
6.611384557064564405e+00 2.239224217620436330e-02
6.621005582590784755e+00 2.236936523030807339e-02
6.630626608117005105e+00 2.234716759239514794e-02
6.640247633643227232e+00 2.232690205087091775e-02
6.649868659169447582e+00 2.230964882436127852e-02
6.659489684695667933e+00 2.229564535644890447e-02
6.669110710221888283e+00 2.228487297569828676e-02
6.678731735748108633e+00 2.227735067482663686e-02
6.688352761274330760e+00 2.227311878976783593e-02
6.697973786800551110e+00 2.227154461853635831e-02
6.707594812326771461e+00 2.227100850759087397e-02
6.717215837852991811e+00 2.226979630074647429e-02
6.726836863379213938e+00 2.226617699908460882e-02
6.736457888905434288e+00 2.225871438249745968e-02
6.746078914431654638e+00 2.224778202070428271e-02
6.755699939957874989e+00 2.223441659096327475e-02
6.765320965484095339e+00 2.221966118214678196e-02
6.774941991010317466e+00 2.220456537823212520e-02
6.784563016536537816e+00 2.219018581297724918e-02
6.794184042062758166e+00 2.217758627082428574e-02
6.803805067588978517e+00 2.216783734569174533e-02
6.813426093115200644e+00 2.216201567044522383e-02
6.823047118641420994e+00 2.216085792156552436e-02
6.832668144167641344e+00 2.216356730174388195e-02
6.842289169693861695e+00 2.216891013474912506e-02
6.851910195220082045e+00 2.217563976286383853e-02
6.861531220746304172e+00 2.218252233708534193e-02
6.871152246272524522e+00 2.218881624624650592e-02
6.880773271798744872e+00 2.219423161099449288e-02
6.890394297324965223e+00 2.219851749794277129e-02
6.900015322851185573e+00 2.220144811759990761e-02
6.909636348377407700e+00 2.220320051317015500e-02
6.919257373903628050e+00 2.220489034386470203e-02
6.928878399429848400e+00 2.220775734654814246e-02
6.938499424956068751e+00 2.221302557911866010e-02
6.948120450482290877e+00 2.222157257064387437e-02
6.957741476008511228e+00 2.223189186598688652e-02
6.967362501534731578e+00 2.224144947669303915e-02
6.976983527060951928e+00 2.224772617337415076e-02
6.986604552587172279e+00 2.224833097719655997e-02
6.996225578113394405e+00 2.224371548406161095e-02
7.005846603639614756e+00 2.223734032376778816e-02
7.015467629165835106e+00 2.223279971301135235e-02
7.025088654692055457e+00 2.223367096163795381e-02
7.034709680218275807e+00 2.224192664446981299e-02
7.044330705744497934e+00 2.225565644926273678e-02
7.053951731270718284e+00 2.227237836803505969e-02
7.063572756796938634e+00 2.228962067171166850e-02
7.073193782323158985e+00 2.230527532667948148e-02
7.082814807849381111e+00 2.231922711880410942e-02
7.092435833375601462e+00 2.233205368836158056e-02
7.102056858901821812e+00 2.234433102775586211e-02
7.111677884428042162e+00 2.235663296200661801e-02
7.121298909954262513e+00 2.236953129865761405e-02
7.130919935480484639e+00 2.238359592033862394e-02
7.140540961006704990e+00 2.239939482092482073e-02
7.150161986532925340e+00 2.241747275792240271e-02
7.159783012059145690e+00 2.243753340880609223e-02
7.169404037585366041e+00 2.245818413963025784e-02
7.179025063111588167e+00 2.247795961068909526e-02
7.188646088637808518e+00 2.249539959370690234e-02
7.198267114164028868e+00 2.250998628284839320e-02
7.207888139690249218e+00 2.252336405639500730e-02
7.217509165216471345e+00 2.253747682561056676e-02
7.227130190742691696e+00 2.255426496616893747e-02
7.236751216268912046e+00 2.257511264503876680e-02
7.246372241795132396e+00 2.259922578982203126e-02
7.255993267321352747e+00 2.262528262782675242e-02
7.265614292847574873e+00 2.265197195322285820e-02
7.275235318373795224e+00 2.267811733775508543e-02
7.284856343900015574e+00 2.270335576969521180e-02
7.294477369426235924e+00 2.272764122281464155e-02
7.304098394952458051e+00 2.275092355604189584e-02
7.313719420478678401e+00 2.277314857759541247e-02
7.323340446004898752e+00 2.279425861970782452e-02
7.332961471531119102e+00 2.281419281910483307e-02
7.342582497057339452e+00 2.283288711122076833e-02
7.352203522583561579e+00 2.285032953474784925e-02
7.361824548109781929e+00 2.286737940396856017e-02
7.371445573636002280e+00 2.288559321453887199e-02
7.381066599162222630e+00 2.290655107209535468e-02
7.390687624688442980e+00 2.293177776383707733e-02
7.400308650214665107e+00 2.296137980588112623e-02
7.409929675740885457e+00 2.299401585725182814e-02
7.419550701267105808e+00 2.302827688839327244e-02
7.429171726793326158e+00 2.306275111121567495e-02
7.438792752319548285e+00 2.309602388343748314e-02
7.448413777845768635e+00 2.312667745890835402e-02
7.458034803371988986e+00 2.315329058645335461e-02
7.467655828898209336e+00 2.317448245306697602e-02
7.477276854424429686e+00 2.319095911389258691e-02
7.486897879950651813e+00 2.320637983449065980e-02
7.496518905476872163e+00 2.322464357149067044e-02
7.506139931003092514e+00 2.324961596721937182e-02
7.515760956529312864e+00 2.328233216504498049e-02
7.525381982055533214e+00 2.331948692514629329e-02
7.535003007581755341e+00 2.335739818566091169e-02
7.544624033107975691e+00 2.339241148772448417e-02
7.554245058634196042e+00 2.342311135254231472e-02
7.563866084160416392e+00 2.345159722574064257e-02
7.573487109686638519e+00 2.348027784780293975e-02
7.583108135212858869e+00 2.351154267001903664e-02
7.592729160739079219e+00 2.354647690422213488e-02
7.602350186265299570e+00 2.358417813545484257e-02
7.611971211791519920e+00 2.362357632261107357e-02
7.621592237317742047e+00 2.366360495877808945e-02
7.631213262843962397e+00 2.370341193544039243e-02
7.640834288370182747e+00 2.374244840260049741e-02
7.650455313896403098e+00 2.378019168215354112e-02
7.660076339422623448e+00 2.381614350377262920e-02
7.669697364948845575e+00 2.385052265641396385e-02
7.679318390475065925e+00 2.388442207760200012e-02
7.688939416001286276e+00 2.391898548123099627e-02
7.698560441527506626e+00 2.395532214177416297e-02
7.708181467053728753e+00 2.399377731921382637e-02
7.717802492579949103e+00 2.403391847266411752e-02
7.727423518106169453e+00 2.407527725117900377e-02
7.737044543632389804e+00 2.411738437819157740e-02
7.746665569158610154e+00 2.415976957546485740e-02
7.756286594684832281e+00 2.420196147437669865e-02
7.765907620211052631e+00 2.424348751851855902e-02
7.775528645737272981e+00 2.428400233107565892e-02
7.785149671263493332e+00 2.432453195474344049e-02
7.794770696789715458e+00 2.436693943880412216e-02
7.804391722315935809e+00 2.441310871131220639e-02
7.814012747842156159e+00 2.446424809719013535e-02
7.823633773368376509e+00 2.451679899522634515e-02
7.833254798894596860e+00 2.456516467857506464e-02
7.842875824420818986e+00 2.460373619144977028e-02
7.852496849947039337e+00 2.462920665062636946e-02
7.862117875473259687e+00 2.464856100081644352e-02
7.871738900999480038e+00 2.467165100594492094e-02
7.881359926525700388e+00 2.470831146047395774e-02
7.890980952051922515e+00 2.476351753030111777e-02
7.900601977578142865e+00 2.482893947359484862e-02
7.910223003104363215e+00 2.489401454971532437e-02
7.919844028630583566e+00 2.494830020973946502e-02
7.929465054156805692e+00 2.498773225570871670e-02
7.939086079683026043e+00 2.501877610626837903e-02
7.948707105209246393e+00 2.504887469208767758e-02
7.958328130735466743e+00 2.508524609162960869e-02
7.967949156261687094e+00 2.513026224965433236e-02
7.977570181787909220e+00 2.518155274246831887e-02
7.987191207314129571e+00 2.523655618632153833e-02
7.996812232840349921e+00 2.529285411613287765e-02
8.006433258366570271e+00 2.534928619968840682e-02
8.016054283892790622e+00 2.540538272407248319e-02
8.025675309419012748e+00 2.546067974421220917e-02
8.035296334945233099e+00 2.551471206046302537e-02
8.044917360471453449e+00 2.556701342977808766e-02
8.054538385997673799e+00 2.561711673911430676e-02
8.064159411523895926e+00 2.566455414209329808e-02
8.073780437050116277e+00 2.570885715982304878e-02
8.083401462576336627e+00 2.574955674668046382e-02
8.093022488102556977e+00 2.578618332175472774e-02
8.102643513628777328e+00 2.581839524854417228e-02
8.112264539154999454e+00 2.584916649928535246e-02
8.121885564681219805e+00 2.588500105463937759e-02
8.131506590207440155e+00 2.593257456600496502e-02
8.141127615733660505e+00 2.599721910117709298e-02
8.150748641259882632e+00 2.607294668941566307e-02
8.160369666786102982e+00 2.614809508550823905e-02
8.169990692312323333e+00 2.621095707878658143e-02
8.179611717838543683e+00 2.625408906333956405e-02
8.189232743364764033e+00 2.628431754763580624e-02
8.198853768890986160e+00 2.631145873988038897e-02
8.208474794417206510e+00 2.634523151310438904e-02
8.218095819943426861e+00 2.639053351478086451e-02
8.227716845469647211e+00 2.644558352902454459e-02
8.237337870995867561e+00 2.650810657705550064e-02
8.246958896522089688e+00 2.657574573902551571e-02
8.256579922048310038e+00 2.664535655164129713e-02
8.266200947574530389e+00 2.671334594205044058e-02
8.275821973100750739e+00 2.677612437578916899e-02
8.285442998626972866e+00 2.683130518185962085e-02
8.295064024153193216e+00 2.688054522357737064e-02
8.304685049679413567e+00 2.692635250099796596e-02
8.314306075205633917e+00 2.697123263011471858e-02
8.323927100731854267e+00 2.701768956024944504e-02
8.333548126258076394e+00 2.706822554654834262e-02
8.343169151784296744e+00 2.712534038647799670e-02
8.352790177310517095e+00 2.719080364760891044e-02
8.362411202836737445e+00 2.726096791006292833e-02
8.372032228362957795e+00 2.732974876492172064e-02
8.381653253889179922e+00 2.739107573703235612e-02
8.391274279415400272e+00 2.744256136972433174e-02
8.400895304941620623e+00 2.749024067841222829e-02
8.410516330467840973e+00 2.754131994787050244e-02
8.420137355994063100e+00 2.760250947231673510e-02
8.429758381520283450e+00 2.767313782774472736e-02
8.439379407046503800e+00 2.774684827571916035e-02
8.449000432572724151e+00 2.781715590719172071e-02
8.458621458098944501e+00 2.787919139097272056e-02
8.468242483625166628e+00 2.793407093547023434e-02
8.477863509151386978e+00 2.798430410596097762e-02
8.487484534677607328e+00 2.803239601405060552e-02
8.497105560203827679e+00 2.808085007631917762e-02
8.506726585730048029e+00 2.813216941727726336e-02
8.516347611256270156e+00 2.818885694181772275e-02
8.525968636782490506e+00 2.825257243563824780e-02
8.535589662308710857e+00 2.832057380206124894e-02
8.545210687834931207e+00 2.838868754139839412e-02
8.554831713361153334e+00 2.845279598215100930e-02
8.564452738887373684e+00 2.851116778710868077e-02
8.574073764413594034e+00 2.856536052187205396e-02
8.583694789939814385e+00 2.861717099059966907e-02
8.593315815466034735e+00 2.866839553868885324e-02
8.602936840992256862e+00 2.872083032730219851e-02
8.612557866518477212e+00 2.877627121957409412e-02
8.622178892044697562e+00 2.883648840176946185e-02
8.631799917570917913e+00 2.890193060316210635e-02
8.641420943097140039e+00 2.897109403932771055e-02
8.651041968623360390e+00 2.904231916275808525e-02
8.660662994149580740e+00 2.911392727563580710e-02
8.670284019675801090e+00 2.918411013462120923e-02
8.679905045202021441e+00 2.925100986329952704e-02
8.689526070728243567e+00 2.931280701832341545e-02
8.699147096254463918e+00 2.936938800992561563e-02
8.708768121780684268e+00 2.942297912324565515e-02
8.718389147306904619e+00 2.947597545818645554e-02
8.728010172833124969e+00 2.953044790641340400e-02
8.737631198359347096e+00 2.958679277072243444e-02
8.747252223885567446e+00 2.964486845328469927e-02
8.756873249411787796e+00 2.970454436129386228e-02
8.766494274938009923e+00 2.976596825748585237e-02
8.776115300464230273e+00 2.982960060457683776e-02
8.785736325990450624e+00 2.989592617914852563e-02
8.795357351516670974e+00 2.996507672847046819e-02
8.804978377042891324e+00 3.003582978167268491e-02
8.814599402569113451e+00 3.010664222945231075e-02
8.824220428095333801e+00 3.017604132315307094e-02
8.833841453621554152e+00 3.024364853881417875e-02
8.843462479147774502e+00 3.030993876050327301e-02
8.853083504673996629e+00 3.037541022051163525e-02
8.862704530200216979e+00 3.044056233538882522e-02
8.872325555726437329e+00 3.050589571029446029e-02
8.881946581252657680e+00 3.057191175349526988e-02
8.891567606778878030e+00 3.063894284185770395e-02
8.901188632305100157e+00 3.070598973913066937e-02
8.910809657831320507e+00 3.077142303058310116e-02
8.920430683357540858e+00 3.083364851039364224e-02
8.930051708883761208e+00 3.089266693687138174e-02
8.939672734409981558e+00 3.095059899054763627e-02
8.949293759936203685e+00 3.100971452726889593e-02
8.958914785462424035e+00 3.107197994050666517e-02
8.968535810988644386e+00 3.113821025004399196e-02
8.978156836514864736e+00 3.120895523804219016e-02
8.987777862041086863e+00 3.128452666115537351e-02
8.997398887567307213e+00 3.136220480360531193e-02
9.007019913093527563e+00 3.143723449110759349e-02
9.016640938619747914e+00 3.150487744041473304e-02
9.026261964145968264e+00 3.156397055163113335e-02
9.035882989672190391e+00 3.161940845616836859e-02
9.045504015198410741e+00 3.167667492360584647e-02
9.055125040724631091e+00 3.174024010709081134e-02
9.064746066250851442e+00 3.180997449552280809e-02
9.074367091777071792e+00 3.188444812087921909e-02
9.083988117303293919e+00 3.196223261833559121e-02
9.093609142829514269e+00 3.204193511076871420e-02
9.103230168355734619e+00 3.212218857544164169e-02
9.112851193881954970e+00 3.220162745484840550e-02
9.122472219408177097e+00 3.227888703361693479e-02
9.132093244934397447e+00 3.235260294174745893e-02
9.141714270460617797e+00 3.242141025789566783e-02
9.151335295986838148e+00 3.248482602221727106e-02
9.160956321513058498e+00 3.254579944975452555e-02
9.170577347039280625e+00 3.260811552390111001e-02
9.180198372565500975e+00 3.267498513700761026e-02
9.189819398091721325e+00 3.274398687003144542e-02
9.199440423617941676e+00 3.280951734317066881e-02
9.209061449144162026e+00 3.286618417095932970e-02
9.218682474670384153e+00 3.291657073152964158e-02
9.228303500196604503e+00 3.297273942847862849e-02
9.237924525722824853e+00 3.304728543928010798e-02
9.247545551249045204e+00 3.314459164503268801e-02
9.257166576775267330e+00 3.324870085302221445e-02
9.266787602301487681e+00 3.334056106055930530e-02
9.276408627827708031e+00 3.340532017872878401e-02
9.286029653353928381e+00 3.345060936189762218e-02
9.295650678880148732e+00 3.349155663014475454e-02
9.305271704406370858e+00 3.354235756459512940e-02
9.314892729932591209e+00 3.360578551229184696e-02
9.324513755458811559e+00 3.367700003376909029e-02
9.334134780985031909e+00 3.375108073373719875e-02
9.343755806511254036e+00 3.382516334395638258e-02
9.353376832037474387e+00 3.389894222890609682e-02
9.362997857563694737e+00 3.397227401334059621e-02
9.372618883089915087e+00 3.404501927912404607e-02
9.382239908616135438e+00 3.411704229985739606e-02
9.391860934142357564e+00 3.418820873133818911e-02
9.401481959668577915e+00 3.425844924103559064e-02
9.411102985194798265e+00 3.432798577626802045e-02
9.420724010721018615e+00 3.439712478701279635e-02
9.430345036247238966e+00 3.446616302757504052e-02
9.439966061773461092e+00 3.453530165200871527e-02
9.449587087299681443e+00 3.460470455573776832e-02
9.459208112825901793e+00 3.467458732524754395e-02
9.468829138352122143e+00 3.474578618550745041e-02
9.478450163878344270e+00 3.481964316668344217e-02
9.488071189404564620e+00 3.489747851702154624e-02
9.497692214930784971e+00 3.497901430975042247e-02
9.507313240457005321e+00 3.506181518375330736e-02
9.516934265983225671e+00 3.514329227336265848e-02
9.526555291509447798e+00 3.522085575101502330e-02
9.536176317035668148e+00 3.529191520224415901e-02
9.545797342561888499e+00 3.535388013791893741e-02
9.555418368088108849e+00 3.540619118933322623e-02
9.565039393614329200e+00 3.545535590856967872e-02
9.574660419140551326e+00 3.550942087687926352e-02
9.584281444666771677e+00 3.557502889974784727e-02
9.593902470192992027e+00 3.565102981751689520e-02
9.603523495719212377e+00 3.573358765012085714e-02
9.613144521245434504e+00 3.581886413377731448e-02
9.622765546771654854e+00 3.590302154467400059e-02
9.632386572297875205e+00 3.598222098994339341e-02
9.642007597824095555e+00 3.605295172767823686e-02
9.651628623350315905e+00 3.611644098078485576e-02
9.661249648876538032e+00 3.617745694275278229e-02
9.670870674402758382e+00 3.624072812933613191e-02
9.680491699928978733e+00 3.630760374091426129e-02
9.690112725455199083e+00 3.637592773881143104e-02
9.699733750981419433e+00 3.644341304430342293e-02
9.709354776507641560e+00 3.650974590271705705e-02
9.718975802033861910e+00 3.657742360281105581e-02
9.728596827560082261e+00 3.664918238309185922e-02
9.738217853086302611e+00 3.672573514749817580e-02
9.747838878612524738e+00 3.680401367116753475e-02
9.757459904138745088e+00 3.688057241019295635e-02
9.767080929664965439e+00 3.695323985142166118e-02
9.776701955191185789e+00 3.702290733517604737e-02
9.786322980717406139e+00 3.709096762833577476e-02
9.795944006243628266e+00 3.715863034477411009e-02
9.805565031769848616e+00 3.722637063308689015e-02
9.815186057296068967e+00 3.729451217868850338e-02
9.824807082822289317e+00 3.736337450896413948e-02
9.834428108348511444e+00 3.743323842177019578e-02
9.844049133874731794e+00 3.750437680322241812e-02
9.853670159400952144e+00 3.757707400580772433e-02
9.863291184927172495e+00 3.765162810589432058e-02
9.872912210453392845e+00 3.772834337796973636e-02
9.882533235979614972e+00 3.780747250219768790e-02
9.892154261505835322e+00 3.788901628572598212e-02
9.901775287032055672e+00 3.797290980125588716e-02
9.911396312558276023e+00 3.805866962645950563e-02
9.921017338084496373e+00 3.814281698027997131e-02
9.930638363610718500e+00 3.822062772961885152e-02
9.940259389136938850e+00 3.828834891769115206e-02
9.949880414663159200e+00 3.834965903381142016e-02
9.959501440189379551e+00 3.841167171580068401e-02
9.969122465715601678e+00 3.848054214780712717e-02
9.978743491241822028e+00 3.855419039591736347e-02
9.988364516768042378e+00 3.862639449184290807e-02
9.997985542294262729e+00 3.869186781141592535e-02
1.000760656782048308e+01 3.875399381782250463e-02
1.001722759334670521e+01 3.882082387642400018e-02
1.002684861887292556e+01 3.889937438655599600e-02
1.003646964439914591e+01 3.898620929416388159e-02
1.004609066992536626e+01 3.907203184137757884e-02
1.005571169545158661e+01 3.914833733428645796e-02
1.006533272097780873e+01 3.921499483327674923e-02
1.007495374650402908e+01 3.927664512589967155e-02
1.008457477203024943e+01 3.933798960553437640e-02
1.009419579755646978e+01 3.940373299666089651e-02
1.010381682308269191e+01 3.947856977380368587e-02
1.011343784860891226e+01 3.956602601835583488e-02
1.012305887413513261e+01 3.965894939442269479e-02
1.013267989966135296e+01 3.974443148634681372e-02
1.014230092518757331e+01 3.981132053667248150e-02
1.015192195071379544e+01 3.986364995672266737e-02
1.016154297624001579e+01 3.991331803936841449e-02
1.017116400176623614e+01 3.997128275111177381e-02
1.018078502729245649e+01 4.004029368961770780e-02
1.019040605281867862e+01 4.011918697754308233e-02
1.020002707834489897e+01 4.020600634636734005e-02
1.020964810387111932e+01 4.029295011235218410e-02
1.021926912939733967e+01 4.036965869433176840e-02
1.022889015492356002e+01 4.042839195254819412e-02
1.023851118044978215e+01 4.047766491848804604e-02
1.024813220597600250e+01 4.053218165535441703e-02
1.025775323150222285e+01 4.060311333219653041e-02
1.026737425702844320e+01 4.068310312058357608e-02
1.027699528255466355e+01 4.075876861137293222e-02
1.028661630808088567e+01 4.081991724209860922e-02
1.029623733360710602e+01 4.087016671801812356e-02
1.030585835913332637e+01 4.091688277953992037e-02
1.031547938465954672e+01 4.096742892848079937e-02
1.032510041018576885e+01 4.102916971113779870e-02
1.033472143571198920e+01 4.110946045976877905e-02
1.034434246123820955e+01 4.120959144418030740e-02
1.035396348676442990e+01 4.131379917297692966e-02
1.036358451229065025e+01 4.140340633535943837e-02
1.037320553781687238e+01 4.147060820580850127e-02
1.038282656334309273e+01 4.153157694738938976e-02
1.039244758886931308e+01 4.160553112946773630e-02
1.040206861439553343e+01 4.169885478582625871e-02
1.041168963992175378e+01 4.179600501649075733e-02
1.042131066544797591e+01 4.187957540339647122e-02
1.043093169097419626e+01 4.194297100765405351e-02
1.044055271650041661e+01 4.199370920448016603e-02
1.045017374202663696e+01 4.204026074228554843e-02
1.045979476755285908e+01 4.209110852058786656e-02
1.046941579307907944e+01 4.215475091503722432e-02
1.047903681860529979e+01 4.223867267009451254e-02
1.048865784413152014e+01 4.233633123408344495e-02
1.049827886965774049e+01 4.243100647025210143e-02
1.050789989518396261e+01 4.250739783833046292e-02
1.051752092071018296e+01 4.256495734002298942e-02
1.052714194623640331e+01 4.261085332139957771e-02
1.053676297176262366e+01 4.265240211612966043e-02
1.054638399728884401e+01 4.269699228294655813e-02
1.055600502281506614e+01 4.275202834938645474e-02
1.056562604834128649e+01 4.282228019605174851e-02
1.057524707386750684e+01 4.290276354992688529e-02
1.058486809939372719e+01 4.298633405638969951e-02
1.059448912491994932e+01 4.306739773335346855e-02
1.060411015044616967e+01 4.314385957150580764e-02
1.061373117597239002e+01 4.321417386497489882e-02
1.062335220149861037e+01 4.327860724715400231e-02
1.063297322702483072e+01 4.334028351546826557e-02
1.064259425255105285e+01 4.340256571153671555e-02
1.065221527807727320e+01 4.346857573211749398e-02
1.066183630360349355e+01 4.354118495882421114e-02
1.067145732912971390e+01 4.362274601048143213e-02
1.068107835465593602e+01 4.370931078621815430e-02
1.069069938018215637e+01 4.379265807505026281e-02
1.070032040570837673e+01 4.386566634334991555e-02
1.070994143123459708e+01 4.392930298834358399e-02
1.071956245676081743e+01 4.398792890187616655e-02
1.072918348228703955e+01 4.404555926864778953e-02
1.073880450781325990e+01 4.410480148743328721e-02
1.074842553333948025e+01 4.416791927424836700e-02
1.075804655886570060e+01 4.423717815203618425e-02
1.076766758439192095e+01 4.431484504286092863e-02
1.077728860991814308e+01 4.440299205837670155e-02
1.078690963544436343e+01 4.449578109580636792e-02
1.079653066097058378e+01 4.457691438491750285e-02
1.080615168649680413e+01 4.463072988171053190e-02
1.081577271202302626e+01 4.466216669833647512e-02
1.082539373754924661e+01 4.469215531700061056e-02
1.083501476307546696e+01 4.474011717183894177e-02
1.084463578860168731e+01 4.481142661785367937e-02
1.085425681412790766e+01 4.490529494626623735e-02
1.086387783965412979e+01 4.501661918816799585e-02
1.087349886518035014e+01 4.512447586697099916e-02
1.088311989070657049e+01 4.520443286105210040e-02
1.089274091623279084e+01 4.524800784878941357e-02
1.090236194175901119e+01 4.527760452902747368e-02
1.091198296728523331e+01 4.531846560608908392e-02
1.092160399281145367e+01 4.537828367231078186e-02
1.093122501833767402e+01 4.544641276776459349e-02
1.094084604386389437e+01 4.551227456473957295e-02
1.095046706939011649e+01 4.557373893656820052e-02
1.096008809491633684e+01 4.563335539652526446e-02
1.096970912044255719e+01 4.569371153851282258e-02
1.097933014596877754e+01 4.575738781205222067e-02
1.098895117149499789e+01 4.582694124806614699e-02
1.099857219702122002e+01 4.590187757466484414e-02
1.100819322254744037e+01 4.597523652688840362e-02
1.101781424807366072e+01 4.603955301202836831e-02
1.102743527359988107e+01 4.609532712659439313e-02
1.103705629912610142e+01 4.615155009923876256e-02
1.104667732465232355e+01 4.621671350449269716e-02
1.105629835017854390e+01 4.629134415614937631e-02
1.106591937570476425e+01 4.637191658396594418e-02
1.107554040123098460e+01 4.645444472952550002e-02
1.108516142675720673e+01 4.653275191845744618e-02
1.109478245228342708e+01 4.660019908380271664e-02
1.110440347780964743e+01 4.665504876603535078e-02
1.111402450333586778e+01 4.670411806497441060e-02
1.112364552886208813e+01 4.675495357278065811e-02
1.113326655438831025e+01 4.681119927407818848e-02
1.114288757991453060e+01 4.687320910188675499e-02
1.115250860544075096e+01 4.694088062130552519e-02
1.116212963096697131e+01 4.701184375168494106e-02
1.117175065649319343e+01 4.708286287730020780e-02
1.118137168201941378e+01 4.715069157654839388e-02
1.119099270754563413e+01 4.721208048270110480e-02
1.120061373307185448e+01 4.726400773492975965e-02
1.121023475859807483e+01 4.730964999019571932e-02
1.121985578412429696e+01 4.735902011052768590e-02
1.122947680965051731e+01 4.742079474439449965e-02
1.123909783517673766e+01 4.748982388618553513e-02
1.124871886070295801e+01 4.755426217742813461e-02
1.125833988622917836e+01 4.760674110252777202e-02
1.126796091175540049e+01 4.765379252620459416e-02
1.127758193728162084e+01 4.770447778491083285e-02
1.128720296280784119e+01 4.776310249032637845e-02
1.129682398833406154e+01 4.782796081335192323e-02
1.130644501386028367e+01 4.789696485814703975e-02
1.131606603938650402e+01 4.796803195373067208e-02
1.132568706491272437e+01 4.803908500904295609e-02
1.133530809043894472e+01 4.810900169098605850e-02
1.134492911596516507e+01 4.817972778771967973e-02
1.135455014149138719e+01 4.825374759774071765e-02
1.136417116701760754e+01 4.833093246492706913e-02
1.137379219254382789e+01 4.840787470481422439e-02
1.138341321807004825e+01 4.848096795000590015e-02
1.139303424359626860e+01 4.854661728592602615e-02
1.140265526912249072e+01 4.860123855549848548e-02
1.141227629464871107e+01 4.864388521220948391e-02
1.142189732017493142e+01 4.868122903678388097e-02
1.143151834570115177e+01 4.872121068447515801e-02
1.144113937122737390e+01 4.876921136474966778e-02
1.145076039675359425e+01 4.882784413476515956e-02
1.146038142227981460e+01 4.889772692375588675e-02
1.147000244780603495e+01 4.896690936729284488e-02
1.147962347333225530e+01 4.901831942273517789e-02
1.148924449885847743e+01 4.904675788460031993e-02
1.149886552438469778e+01 4.907376752951309040e-02
1.150848654991091813e+01 4.912337489898672277e-02
1.151810757543713848e+01 4.919734426962287660e-02
1.152772860096336061e+01 4.927905934541313565e-02
1.153734962648958096e+01 4.935386477724464094e-02
1.154697065201580131e+01 4.941828466622258387e-02
1.155659167754202166e+01 4.947207888168941858e-02
1.156621270306824201e+01 4.951704457925772129e-02
1.157583372859446413e+01 4.955798942347256625e-02
1.158545475412068448e+01 4.959996074310600578e-02
1.159507577964690483e+01 4.964800448468815325e-02
1.160469680517312518e+01 4.970715678949287619e-02
1.161431783069934554e+01 4.977770620756838404e-02
1.162393885622556766e+01 4.984714114537956015e-02
1.163355988175178801e+01 4.990184260619898171e-02
1.164318090727800836e+01 4.994822899145030110e-02
1.165280193280422871e+01 5.001096302180028236e-02
1.166242295833045084e+01 5.010573222963331935e-02
1.167204398385667119e+01 5.020267719024545938e-02
1.168166500938289154e+01 5.025921884737568485e-02
1.169128603490911189e+01 5.026728019707813605e-02
1.170090706043533224e+01 5.026858736666033750e-02
1.171052808596155437e+01 5.030333376165385673e-02
1.172014911148777472e+01 5.036892203152502911e-02
1.172977013701399507e+01 5.044251929986356964e-02
1.173939116254021542e+01 5.050881458226074566e-02
1.174901218806643577e+01 5.056928614068455230e-02
1.175863321359265790e+01 5.062749709086399041e-02
1.176825423911887825e+01 5.068506784686692412e-02
1.177787526464509860e+01 5.074225813747171993e-02
1.178749629017131895e+01 5.079929763713646185e-02
1.179711731569754107e+01 5.085641421214737862e-02
1.180673834122376142e+01 5.091383382902891358e-02
1.181635936674998177e+01 5.097177989170381673e-02
1.182598039227620212e+01 5.103047201403037442e-02
1.183560141780242247e+01 5.108931765300289696e-02
1.184522244332864460e+01 5.114411476180347194e-02
1.185484346885486495e+01 5.118979795073501371e-02
1.186446449438108530e+01 5.122582395879934913e-02
1.187408551990730565e+01 5.125727999217315201e-02
1.188370654543352600e+01 5.128943081296617051e-02
1.189332757095974813e+01 5.132653104958717627e-02
1.190294859648596848e+01 5.137238565296655540e-02
1.191256962201218883e+01 5.142629417978197143e-02
1.192219064753840918e+01 5.148064463843222277e-02
1.193181167306463131e+01 5.152848701800346459e-02
1.194143269859085166e+01 5.157176705109942083e-02
1.195105372411707201e+01 5.161634540113796410e-02
1.196067474964329236e+01 5.166568447184825136e-02
1.197029577516951271e+01 5.171886815464608878e-02
1.197991680069573484e+01 5.177451451233455737e-02
1.198953782622195519e+01 5.183123845083460746e-02
1.199915885174817554e+01 5.188766181382185871e-02
1.200877987727439589e+01 5.194341570838147820e-02
1.201840090280061801e+01 5.200016974484305415e-02
1.202802192832683836e+01 5.205923783571063390e-02
1.203764295385305871e+01 5.211608062964784294e-02
1.204726397937927906e+01 5.216297218160393517e-02
1.205688500490549941e+01 5.219821237360660476e-02
1.206650603043172154e+01 5.223288908946974868e-02
1.207612705595794189e+01 5.227851884478024874e-02
1.208574808148416224e+01 5.233493791746140350e-02
1.209536910701038259e+01 5.239542897465842425e-02
1.210499013253660294e+01 5.245320043236667562e-02
1.211461115806282507e+01 5.250145875455736189e-02
1.212423218358904542e+01 5.253448930778293474e-02
1.213385320911526577e+01 5.255659949694436311e-02
1.214347423464148612e+01 5.257750541523214388e-02
1.215309526016770825e+01 5.260384906349042933e-02
1.216271628569392860e+01 5.263610967071814806e-02
1.217233731122014895e+01 5.267404647780585952e-02
1.218195833674636930e+01 5.271742137894365465e-02
1.219157936227258965e+01 5.276599994449531622e-02
1.220120038779881178e+01 5.281955171151050954e-02
1.221082141332503213e+01 5.287784973464950550e-02
1.222044243885125248e+01 5.294025912844770726e-02
1.223006346437747283e+01 5.300324436648891357e-02
1.223968448990369318e+01 5.306202431233329048e-02
1.224930551542991530e+01 5.311238563127129719e-02
1.225892654095613565e+01 5.315099015980978558e-02
1.226854756648235600e+01 5.317629657474438887e-02
1.227816859200857635e+01 5.319646660705198982e-02
1.228778961753479848e+01 5.322287689426721119e-02
1.229741064306101883e+01 5.326038370255450211e-02
1.230703166858723918e+01 5.330594173873285518e-02
1.231665269411345953e+01 5.335598525703313250e-02
1.232627371963967988e+01 5.340679587560787089e-02
1.233589474516590201e+01 5.345476318522628806e-02
1.234551577069212236e+01 5.349888683266856154e-02
1.235513679621834271e+01 5.354059120526258320e-02
1.236475782174456306e+01 5.358139187692530919e-02
1.237437884727078341e+01 5.362280096271814650e-02
1.238399987279700554e+01 5.366626807572168201e-02
1.239362089832322589e+01 5.371251234638137195e-02
1.240324192384944624e+01 5.376173840567641249e-02
1.241286294937566659e+01 5.381087730086438897e-02
1.242248397490188871e+01 5.384979440846700272e-02
1.243210500042810907e+01 5.387031507721953133e-02
1.244172602595432942e+01 5.388672843957460074e-02
1.245134705148054977e+01 5.392360109913568733e-02
1.246096807700677012e+01 5.398625557332315666e-02
1.247058910253299224e+01 5.405169475088723863e-02
1.248021012805921259e+01 5.409919445703662011e-02
1.248983115358543294e+01 5.413019741906675147e-02
1.249945217911165329e+01 5.415298192265190214e-02
1.250907320463787542e+01 5.417681975727717952e-02
1.251869423016409577e+01 5.421189430212652871e-02
1.252831525569031612e+01 5.426348045891957184e-02
1.253793628121653647e+01 5.432244269767956546e-02
1.254755730674275682e+01 5.437704706202153154e-02
1.255717833226897895e+01 5.441558238776169482e-02
1.256679935779519930e+01 5.442658301179584268e-02
1.257642038332141965e+01 5.441767209136966904e-02
1.258604140884764000e+01 5.442925250054011371e-02
1.259566243437386035e+01 5.449369539119596623e-02
1.260528345990008248e+01 5.458184897438549121e-02
1.261490448542630283e+01 5.464535640813649592e-02
1.262452551095252318e+01 5.467298484034319866e-02
1.263414653647874353e+01 5.469027414827851846e-02
1.264376756200496565e+01 5.471542426850115048e-02
1.265338858753118600e+01 5.474133857970311240e-02
1.266300961305740636e+01 5.475815040446447429e-02
1.267263063858362671e+01 5.477081020007064371e-02
1.268225166410984706e+01 5.479215209488256383e-02
1.269187268963606918e+01 5.482555995064838927e-02
1.270149371516228953e+01 5.486014864318189410e-02
1.271111474068850988e+01 5.488674528366353778e-02
1.272073576621473023e+01 5.490870105993098799e-02
1.273035679174095058e+01 5.493277762064054104e-02
1.273997781726717271e+01 5.496573359378163770e-02
1.274959884279339306e+01 5.501426683351000324e-02
1.275921986831961341e+01 5.507654221164575564e-02
1.276884089384583376e+01 5.513324644184382922e-02
1.277846191937205589e+01 5.516756490269165286e-02
1.278808294489827624e+01 5.519045213195188093e-02
1.279770397042449659e+01 5.522238841200940995e-02
1.280732499595071694e+01 5.526678167034457245e-02
1.281694602147693729e+01 5.531027195281496694e-02
1.282656704700315942e+01 5.534373475524773794e-02
1.283618807252937977e+01 5.537069483044367718e-02
1.284580909805560012e+01 5.539667355927788139e-02
1.285543012358182047e+01 5.542719326903892962e-02
1.286505114910804259e+01 5.546743529480818030e-02
1.287467217463426294e+01 5.551267822809655833e-02
1.288429320016048329e+01 5.554700865176769725e-02
1.289391422568670365e+01 5.556056776892688565e-02
1.290353525121292400e+01 5.556271915838733449e-02
1.291315627673914612e+01 5.556627602456929577e-02
1.292277730226536647e+01 5.558405367889417137e-02
1.293239832779158682e+01 5.562820079087897607e-02
1.294201935331780717e+01 5.568962598155927091e-02
1.295164037884402752e+01 5.573414037836717239e-02
1.296126140437024965e+01 5.574167479468419839e-02
1.297088242989647000e+01 5.573774477871314137e-02
1.298050345542269035e+01 5.575234011168970355e-02
1.299012448094891070e+01 5.578512049759425107e-02
1.299974550647513283e+01 5.582159608978117665e-02
1.300936653200135318e+01 5.585569876380954563e-02
1.301898755752757353e+01 5.589091405561733700e-02
1.302860858305379388e+01 5.592865914279589873e-02
1.303822960858001423e+01 5.596350397804752269e-02
1.304785063410623636e+01 5.598988985587151357e-02
1.305747165963245671e+01 5.600897696913318541e-02
1.306709268515867706e+01 5.602468223787211710e-02
1.307671371068489741e+01 5.603946290909841282e-02
1.308633473621111776e+01 5.605435237676803517e-02
1.309595576173733988e+01 5.607033995800188297e-02
1.310557678726356023e+01 5.608843413615494794e-02
1.311519781278978058e+01 5.611021255291068904e-02
1.312481883831600094e+01 5.614027184184666036e-02
1.313443986384222306e+01 5.618324766671965731e-02
1.314406088936844341e+01 5.622948481679048566e-02
1.315368191489466376e+01 5.625868853052612417e-02
1.316330294042088411e+01 5.626627918800141542e-02
1.317292396594710446e+01 5.627419979551202822e-02
1.318254499147332659e+01 5.629681716986756346e-02
1.319216601699954694e+01 5.630980786927601567e-02
1.320178704252576729e+01 5.628624977217704800e-02
1.321140806805198764e+01 5.626189005421990824e-02
1.322102909357820799e+01 5.630462919842408459e-02
1.323065011910443012e+01 5.641569916919818989e-02
1.324027114463065047e+01 5.651875049514451521e-02
1.324989217015687082e+01 5.656035090414902183e-02
1.325951319568309117e+01 5.655437392297797683e-02
1.326913422120931330e+01 5.652490869976051213e-02
1.327875524673553365e+01 5.649605127971507601e-02
1.328837627226175400e+01 5.649058370293031511e-02
1.329799729778797435e+01 5.651265483123572159e-02
1.330761832331419470e+01 5.655241954046682368e-02
1.331723934884041682e+01 5.658781262485729213e-02
1.332686037436663717e+01 5.657886062402946864e-02
1.333648139989285752e+01 5.651445309828000141e-02
1.334610242541907787e+01 5.647902688556799555e-02
1.335572345094530000e+01 5.655665465241645207e-02
1.336534447647152035e+01 5.669834097480289797e-02
1.337496550199774070e+01 5.680235106289001357e-02
1.338458652752396105e+01 5.683365939865440974e-02
1.339420755305018140e+01 5.681433132121823520e-02
1.340382857857640353e+01 5.677174814934573405e-02
1.341344960410262388e+01 5.673908037583785119e-02
1.342307062962884423e+01 5.674053794856253469e-02
1.343269165515506458e+01 5.676824493289381324e-02
1.344231268068128493e+01 5.680756146270338897e-02
1.345193370620750706e+01 5.684384665231535794e-02
1.346155473173372741e+01 5.686306587229271459e-02
1.347117575725994776e+01 5.686162446577800594e-02
1.348079678278616811e+01 5.684483232640198669e-02
1.349041780831239024e+01 5.682620150746453547e-02
1.350003883383861059e+01 5.683171307130958222e-02
1.350965985936483094e+01 5.687350427957109378e-02
1.351928088489105129e+01 5.691816775382819993e-02
1.352890191041727164e+01 5.693015803045075457e-02
1.353852293594349376e+01 5.691390226833403093e-02
1.354814396146971411e+01 5.688898827434406280e-02
1.355776498699593446e+01 5.687503206716693072e-02
1.356738601252215481e+01 5.689118122394717925e-02
1.357700703804837516e+01 5.693887952060359969e-02
1.358662806357459729e+01 5.699686706848048484e-02
1.359624908910081764e+01 5.704806961874928778e-02
1.360587011462703799e+01 5.708871105720467881e-02
1.361549114015325834e+01 5.711691633270747637e-02
1.362511216567948047e+01 5.713080947391940140e-02
1.363473319120570082e+01 5.712851336051998075e-02
1.364435421673192117e+01 5.710814936497394384e-02
1.365397524225814152e+01 5.706914357673469052e-02
1.366359626778436187e+01 5.703623054813110327e-02
1.367321729331058400e+01 5.705627666045265389e-02
1.368283831883680435e+01 5.712843781549507144e-02
1.369245934436302470e+01 5.717603581115830724e-02
1.370208036988924505e+01 5.715278782776309768e-02
1.371170139541546540e+01 5.711450992526619780e-02
1.372132242094168753e+01 5.711854394393051787e-02
1.373094344646790788e+01 5.714204034586869291e-02
1.374056447199412823e+01 5.714191944363751496e-02
1.375018549752034858e+01 5.712005651279762619e-02
1.375980652304657070e+01 5.710221824283381181e-02
1.376942754857279105e+01 5.709903031127184364e-02
1.377904857409901140e+01 5.710689553763881321e-02
1.378866959962523175e+01 5.712166968235971032e-02
1.379829062515145210e+01 5.713919643490805028e-02
1.380791165067767423e+01 5.715531241577888333e-02
1.381753267620389458e+01 5.716585154821281906e-02
1.382715370173011493e+01 5.716834399917480186e-02
1.383677472725633528e+01 5.716778009974553959e-02
1.384639575278255741e+01 5.717123003332016257e-02
1.385601677830877776e+01 5.718578865612079787e-02
1.386563780383499811e+01 5.721685182206861370e-02
1.387525882936121846e+01 5.724551032903692216e-02
1.388487985488743881e+01 5.723605908240930740e-02
1.389450088041366094e+01 5.719574183973091808e-02
1.390412190593988129e+01 5.718271512243251059e-02
1.391374293146610164e+01 5.722177593765044590e-02
1.392336395699232199e+01 5.726996474818744909e-02
1.393298498251854234e+01 5.729017105343782446e-02
1.394260600804476447e+01 5.728503698726104820e-02
1.395222703357098482e+01 5.726462769281643467e-02
1.396184805909720517e+01 5.723901822987442073e-02
1.397146908462342552e+01 5.721829219382634779e-02
1.398109011014964764e+01 5.721252219166494263e-02
1.399071113567586799e+01 5.722971682212456973e-02
1.400033216120208834e+01 5.724910924987780536e-02
1.400995318672830869e+01 5.723041149763053587e-02
1.401957421225452904e+01 5.718241965625329298e-02
1.402919523778075117e+01 5.716865573849064935e-02
1.403881626330697152e+01 5.720955778988955076e-02
1.404843728883319187e+01 5.724880737321684510e-02
1.405805831435941222e+01 5.724943166466067018e-02
1.406767933988563257e+01 5.724129441786462991e-02
1.407730036541185470e+01 5.725283273125143096e-02
1.408692139093807505e+01 5.726695032231161886e-02
1.409654241646429540e+01 5.726012451985333651e-02
1.410616344199051575e+01 5.723611183648568551e-02
1.411578446751673788e+01 5.720872130498257102e-02
1.412540549304295823e+01 5.719177718407983391e-02
1.413502651856917858e+01 5.719766618197483221e-02
1.414464754409539893e+01 5.721671696335698526e-02
1.415426856962161928e+01 5.722254853154818549e-02
1.416388959514784140e+01 5.720452786999683653e-02
1.417351062067406176e+01 5.717011611693216533e-02
1.418313164620028211e+01 5.712968170355046948e-02
1.419275267172650246e+01 5.709653672549526437e-02
1.420237369725272458e+01 5.707968807423213081e-02
1.421199472277894493e+01 5.707807271206341571e-02
1.422161574830516528e+01 5.708929011926189290e-02
1.423123677383138563e+01 5.711091936167283362e-02
1.424085779935760598e+01 5.713923488781292442e-02
1.425047882488382811e+01 5.716493340539192947e-02
1.426009985041004846e+01 5.717899107334142861e-02
1.426972087593626881e+01 5.718328417820679743e-02
1.427934190146248916e+01 5.718395511936432557e-02
1.428896292698870951e+01 5.718716221038552816e-02
1.429858395251493164e+01 5.719721668916606661e-02
1.430820497804115199e+01 5.719218650565095069e-02
1.431782600356737234e+01 5.713386478524494494e-02
1.432744702909359269e+01 5.705247725284125909e-02
1.433706805461981482e+01 5.704343203308150784e-02
1.434668908014603517e+01 5.710708018649104240e-02
1.435631010567225552e+01 5.711787776677253181e-02
1.436593113119847587e+01 5.702707942813296099e-02
1.437555215672469622e+01 5.693109356467292853e-02
1.438517318225091834e+01 5.690062605632595361e-02
1.439479420777713869e+01 5.691691271542190234e-02
1.440441523330335905e+01 5.694905868110829161e-02
1.441403625882957940e+01 5.696625810438690762e-02
1.442365728435579975e+01 5.694777120880916560e-02
1.443327830988202187e+01 5.691199057544593654e-02
1.444289933540824222e+01 5.688685290564025193e-02
1.445252036093446257e+01 5.690030239158722081e-02
1.446214138646068292e+01 5.696979997802466972e-02
1.447176241198690505e+01 5.704196557334880596e-02
1.448138343751312540e+01 5.704362521590212315e-02
1.449100446303934575e+01 5.698617712709315442e-02
1.450062548856556610e+01 5.692306051762829888e-02
1.451024651409178645e+01 5.687876338046809338e-02
1.451986753961800858e+01 5.685797271360014393e-02
1.452948856514422893e+01 5.685647830851482676e-02
1.453910959067044928e+01 5.686313195745747173e-02
1.454873061619666963e+01 5.686658724884031263e-02
1.455835164172288998e+01 5.685583870168911536e-02
1.456797266724911211e+01 5.683104217414965825e-02
1.457759369277533246e+01 5.680558072937046121e-02
1.458721471830155281e+01 5.678719394971452894e-02
1.459683574382777316e+01 5.677434885431939526e-02
1.460645676935399528e+01 5.676478953644378822e-02
1.461607779488021563e+01 5.675625895758831807e-02
1.462569882040643598e+01 5.674649925597348432e-02
1.463531984593265634e+01 5.673326533779900205e-02
1.464494087145887669e+01 5.671894651406850923e-02
1.465456189698509881e+01 5.671734605913919536e-02
1.466418292251131916e+01 5.673330052499706705e-02
1.467380394803753951e+01 5.674033549341406246e-02
1.468342497356375986e+01 5.671570161051521508e-02
1.469304599908998199e+01 5.666927217740962835e-02
1.470266702461620234e+01 5.661798851902274249e-02
1.471228805014242269e+01 5.657880902878605761e-02
1.472190907566864304e+01 5.656541244938276952e-02
1.473153010119486339e+01 5.657597119171451500e-02
1.474115112672108552e+01 5.660283575521330574e-02
1.475077215224730587e+01 5.663130683638657736e-02
1.476039317777352622e+01 5.664426510145877114e-02
1.477001420329974657e+01 5.662459368226274020e-02
1.477963522882596692e+01 5.656097497536152069e-02
1.478925625435218905e+01 5.648460948605359827e-02
1.479887727987840940e+01 5.643915134625840380e-02
1.480849830540462975e+01 5.641432662847833956e-02
1.481811933093085010e+01 5.637655321775344314e-02
1.482774035645707222e+01 5.632313932023660236e-02
1.483736138198329257e+01 5.626829496268409558e-02
1.484698240750951292e+01 5.622636730502632990e-02
1.485660343303573327e+01 5.621169722164136989e-02
1.486622445856195363e+01 5.623863909143168166e-02
1.487584548408817575e+01 5.631814929312818629e-02
1.488546650961439610e+01 5.641576997411513333e-02
1.489508753514061645e+01 5.646798846747482642e-02
1.490470856066683680e+01 5.645749511350575678e-02
1.491432958619305715e+01 5.640270313572213340e-02
1.492395061171927928e+01 5.632291901260824685e-02
1.493357163724549963e+01 5.623745011766011909e-02
1.494319266277171998e+01 5.616560599847795349e-02
1.495281368829794033e+01 5.612565405301061378e-02
1.496243471382416246e+01 5.611577943441210803e-02
1.497205573935038281e+01 5.611599487258320945e-02
1.498167676487660316e+01 5.610493920850417870e-02
1.499129779040282351e+01 5.606237386831575825e-02
1.500091881592904386e+01 5.600807024365323655e-02
1.501053984145526599e+01 5.599816922665674240e-02
1.502016086698148634e+01 5.602566722790271875e-02
1.502978189250770669e+01 5.602048824362129004e-02
1.503940291803392704e+01 5.596171542067192306e-02
1.504902394356014739e+01 5.588154079770475680e-02
1.505864496908636951e+01 5.580328175839973509e-02
1.506826599461258986e+01 5.573842697555191766e-02
1.507788702013881021e+01 5.569792876310413615e-02
1.508750804566503056e+01 5.569225140182174766e-02
1.509712907119125269e+01 5.571919843074906592e-02
1.510675009671747304e+01 5.576315393371458762e-02
1.511637112224369339e+01 5.580651051454554173e-02
1.512599214776991374e+01 5.583061305934377411e-02
1.513561317329613409e+01 5.582642787452293115e-02
1.514523419882235622e+01 5.579535839992581792e-02
1.515485522434857657e+01 5.574787881309373888e-02
1.516447624987479692e+01 5.570280067083126924e-02
1.517409727540101727e+01 5.566828270976759835e-02
1.518371830092723940e+01 5.564142486647950803e-02
1.519333932645345975e+01 5.561884268973617262e-02
1.520296035197968010e+01 5.559722231110648949e-02
1.521258137750590045e+01 5.557472079470855003e-02
1.522220240303212080e+01 5.555087057588755511e-02
1.523182342855834293e+01 5.552525974071863268e-02
1.524144445408456328e+01 5.549747796157898649e-02
1.525106547961078363e+01 5.546711328845595201e-02
1.526068650513700398e+01 5.543432703568376696e-02
1.527030753066322433e+01 5.540852444916808534e-02
1.527992855618944645e+01 5.540366381483692593e-02
1.528954958171566680e+01 5.539206263324044505e-02
1.529917060724188715e+01 5.532287705063140132e-02
1.530879163276810750e+01 5.525417092169563477e-02
1.531841265829432963e+01 5.530450950318607090e-02
1.532803368382054998e+01 5.540000675764768928e-02
1.533765470934677033e+01 5.536095610073665102e-02
1.534727573487299068e+01 5.521944269180433656e-02
1.535689676039921103e+01 5.512276536312398639e-02
1.536651778592543316e+01 5.509874561959760692e-02
1.537613881145165351e+01 5.510895339835271411e-02
1.538575983697787386e+01 5.511437467939175883e-02
1.539538086250409421e+01 5.508391585937830182e-02
1.540500188803031456e+01 5.504302404764545298e-02
1.541462291355653669e+01 5.503186453386271076e-02
1.542424393908275704e+01 5.502528594711243726e-02
1.543386496460897739e+01 5.498247725792741042e-02
1.544348599013519774e+01 5.491874294359384151e-02
1.545310701566141987e+01 5.486404207813067729e-02
1.546272804118764022e+01 5.482481090092865272e-02
1.547234906671386057e+01 5.480036776894045558e-02
1.548197009224008092e+01 5.479004081357601030e-02
1.549159111776630127e+01 5.478882058162194008e-02
1.550121214329252339e+01 5.477633823727949547e-02
1.551083316881874374e+01 5.473750452553981238e-02
1.552045419434496409e+01 5.468353019871949328e-02
1.553007521987118444e+01 5.463059812993383696e-02
1.553969624539740657e+01 5.459490117807157261e-02
1.554931727092362692e+01 5.459269358638504238e-02
1.555893829644984727e+01 5.463991835146654596e-02
1.556855932197606762e+01 5.471211330570283776e-02
1.557818034750228797e+01 5.470971788310898670e-02
1.558780137302851010e+01 5.460099152676897716e-02
1.559742239855473045e+01 5.447470479923613440e-02
1.560704342408095080e+01 5.438695205452041131e-02
1.561666444960717115e+01 5.433541454990049868e-02
1.562628547513339150e+01 5.431367636154563194e-02
1.563590650065961363e+01 5.431501617301662255e-02
1.564552752618583398e+01 5.432642313047297139e-02
1.565514855171205433e+01 5.432982220493761533e-02
1.566476957723827468e+01 5.431974368403146708e-02
1.567439060276449680e+01 5.430071164706613829e-02
1.568401162829071716e+01 5.427751314194180499e-02
1.569363265381693751e+01 5.425492947769721547e-02
1.570325367934315786e+01 5.423772776977532628e-02
1.571287470486937821e+01 5.422843439962874573e-02
1.572249573039560033e+01 5.421442541700825096e-02
1.573211675592182068e+01 5.417682228769356290e-02
1.574173778144804103e+01 5.409674111322624462e-02
1.575135880697426138e+01 5.397362932559175014e-02
1.576097983250048173e+01 5.388384623489357594e-02
1.577060085802670386e+01 5.388921115270776940e-02
1.578022188355292421e+01 5.393903417076013895e-02
1.578984290907914456e+01 5.397515399074658687e-02
1.579946393460536491e+01 5.397706171105284140e-02
1.580908496013158704e+01 5.394159431896026341e-02
1.581870598565780739e+01 5.388816010060704098e-02
1.582832701118402774e+01 5.383875858303780598e-02
1.583794803671024809e+01 5.381436507311559980e-02
1.584756906223646844e+01 5.380406851483506003e-02
1.585719008776269057e+01 5.376198279381432660e-02
1.586681111328891092e+01 5.369151229438873241e-02
1.587643213881513127e+01 5.364050485532942392e-02
1.588605316434135162e+01 5.362161699502004247e-02
1.589567418986757197e+01 5.362127136211702894e-02
1.590529521539379409e+01 5.362532647496813520e-02
1.591491624092001445e+01 5.361964133975086200e-02
1.592453726644623480e+01 5.359007930878749437e-02
1.593415829197245515e+01 5.353007287022048394e-02
1.594377931749867727e+01 5.346933700978215298e-02
1.595340034302489762e+01 5.343621252520663889e-02
1.596302136855111797e+01 5.341650906286509598e-02
1.597264239407733832e+01 5.338680956627370189e-02
1.598226341960355867e+01 5.332396452026461758e-02
1.599188444512978080e+01 5.323418240177037186e-02
1.600150547065599937e+01 5.317729502953771198e-02
1.601112649618222150e+01 5.317988483313148412e-02
1.602074752170844008e+01 5.321487820989345696e-02
1.603036854723466220e+01 5.325130994187530359e-02
1.603998957276088433e+01 5.325982054850428304e-02
1.604961059828710290e+01 5.323332477326930129e-02
1.605923162381332503e+01 5.318119003564700936e-02
1.606885264933954360e+01 5.311316432422654582e-02
1.607847367486576573e+01 5.303899121407396750e-02
1.608809470039198786e+01 5.296841108067734671e-02
1.609771572591820643e+01 5.290935744750708408e-02
1.610733675144442856e+01 5.286213490285267963e-02
1.611695777697064713e+01 5.282503265213222415e-02
1.612657880249686926e+01 5.279633966353364238e-02
1.613619982802309138e+01 5.277434480212473550e-02
1.614582085354930996e+01 5.275733687739708744e-02
1.615544187907553209e+01 5.274360461590334864e-02
1.616506290460175421e+01 5.273145241411060502e-02
1.617468393012797279e+01 5.271954946366164130e-02
1.618430495565419491e+01 5.270691045135310338e-02
1.619392598118041349e+01 5.269231238321766403e-02
1.620354700670663561e+01 5.267435591055819044e-02
1.621316803223285774e+01 5.265163997593941270e-02
1.622278905775907631e+01 5.262276359803247372e-02
1.623241008328529844e+01 5.258632225970572699e-02
1.624203110881151702e+01 5.254142263654057454e-02
1.625165213433773914e+01 5.248895581797971555e-02
1.626127315986396127e+01 5.243021458219569719e-02
1.627089418539017984e+01 5.236671602724870395e-02
1.628051521091640197e+01 5.231214828002050954e-02
1.629013623644262054e+01 5.229714218075773302e-02
1.629975726196884267e+01 5.231307183317770310e-02
1.630937828749506480e+01 5.231205002797213038e-02
1.631899931302128337e+01 5.228484426563100029e-02
1.632862033854750550e+01 5.224914885459455011e-02
1.633824136407372407e+01 5.221084810934122772e-02
1.634786238959994620e+01 5.217003377410931592e-02
1.635748341512616832e+01 5.212676311513189664e-02
1.636710444065238690e+01 5.208163883864359162e-02
1.637672546617860903e+01 5.203690720202781145e-02
1.638634649170482760e+01 5.199512311075046855e-02
1.639596751723104973e+01 5.195884080446972614e-02
1.640558854275727185e+01 5.193061367821234786e-02
1.641520956828349043e+01 5.191299409312594149e-02
1.642483059380971255e+01 5.190853317358286312e-02
1.643445161933593468e+01 5.191687082083739496e-02
1.644407264486215325e+01 5.191097396824312371e-02
1.645369367038837538e+01 5.186115436727360695e-02
1.646331469591459395e+01 5.180078339944668014e-02
1.647293572144081608e+01 5.176923034011705199e-02
1.648255674696703821e+01 5.175560691746430159e-02
1.649217777249325678e+01 5.173874366984289319e-02
1.650179879801947891e+01 5.169809464403086335e-02
1.651141982354569748e+01 5.163658599712123848e-02
1.652104084907191961e+01 5.158587350255105369e-02
1.653066187459814174e+01 5.155671969725918874e-02
1.654028290012436031e+01 5.154117133943355439e-02
1.654990392565058244e+01 5.153070261051684309e-02
1.655952495117680101e+01 5.151680106292461092e-02
1.656914597670302314e+01 5.149099091584186799e-02
1.657876700222924526e+01 5.144856662548820403e-02
1.658838802775546384e+01 5.139564130234144240e-02
1.659800905328168596e+01 5.134025841335540519e-02
1.660763007880790454e+01 5.129028720391723417e-02
1.661725110433412667e+01 5.124914982969259319e-02
1.662687212986034879e+01 5.121549133630683842e-02
1.663649315538656737e+01 5.118772190421815721e-02
1.664611418091278949e+01 5.116425243886964930e-02
1.665573520643901162e+01 5.114349452022423637e-02
1.666535623196523019e+01 5.112386025055352945e-02
1.667497725749145232e+01 5.110376199936888381e-02
1.668459828301767089e+01 5.108161204437994263e-02
1.669421930854389302e+01 5.105582210755803957e-02
1.670384033407011515e+01 5.102480278577402328e-02
1.671346135959633372e+01 5.098696287607421690e-02
1.672308238512255585e+01 5.094070859645972310e-02
1.673270341064877442e+01 5.088587948066098515e-02
1.674232443617499655e+01 5.083282637931959419e-02
1.675194546170121868e+01 5.079658404913075381e-02
1.676156648722743725e+01 5.079207069352822262e-02
1.677118751275365938e+01 5.080910046792710272e-02
1.678080853827987795e+01 5.078339234576163125e-02
1.679042956380610008e+01 5.070312904385196329e-02
1.680005058933231865e+01 5.063101387818053079e-02
1.680967161485854078e+01 5.059174433365524332e-02
1.681929264038476290e+01 5.057707559539999231e-02
1.682891366591098148e+01 5.057789685789051970e-02
1.683853469143720361e+01 5.058508088905516731e-02
1.684815571696342218e+01 5.058950226715531323e-02
1.685777674248964431e+01 5.058204636113047825e-02
1.686739776801586643e+01 5.055392635936845763e-02
1.687701879354208501e+01 5.050641204268304513e-02
1.688663981906830713e+01 5.045264290953011682e-02
1.689626084459452571e+01 5.040644254378810751e-02
1.690588187012074783e+01 5.037917645199941480e-02
1.691550289564696996e+01 5.036729161814575834e-02
1.692512392117318853e+01 5.036164134445562934e-02
1.693474494669941066e+01 5.035311437755820435e-02
1.694436597222563279e+01 5.033628297782165306e-02
1.695398699775185136e+01 5.031201867627090735e-02
1.696360802327807349e+01 5.028181110880812488e-02
1.697322904880429206e+01 5.024715128832232119e-02
1.698285007433051419e+01 5.020953168597903915e-02
1.699247109985673632e+01 5.017044608809909101e-02
1.700209212538295489e+01 5.013138922839947137e-02
1.701171315090917702e+01 5.009385619564019759e-02
1.702133417643539559e+01 5.005930713466704568e-02
1.703095520196161772e+01 5.002795714584656189e-02
1.704057622748783984e+01 4.999845836366183238e-02
1.705019725301405842e+01 4.996936376067171587e-02
1.705981827854028055e+01 4.993922722762537958e-02
1.706943930406649912e+01 4.990660439825212596e-02
1.707906032959272125e+01 4.987055589209499901e-02
1.708868135511894337e+01 4.983162250264463328e-02
1.709830238064516195e+01 4.979061493231959346e-02
1.710792340617138407e+01 4.974834351954787737e-02
1.711754443169760265e+01 4.970561836625258384e-02
1.712716545722382477e+01 4.966324944456895069e-02
1.713678648275004690e+01 4.962204668269588198e-02
1.714640750827626547e+01 4.958282002983051273e-02
1.715602853380248760e+01 4.954636968948888248e-02
1.716564955932870618e+01 4.951267714935053688e-02
1.717527058485492830e+01 4.948030099195595277e-02
1.718489161038115043e+01 4.944765445675646659e-02
1.719451263590736900e+01 4.941350410172527102e-02
1.720413366143359113e+01 4.937949884489636898e-02
1.721375468695981326e+01 4.934868470902619569e-02
1.722337571248603183e+01 4.932414401776416546e-02
1.723299673801225396e+01 4.930897279926302335e-02
1.724261776353847253e+01 4.930624549805652512e-02
1.725223878906469466e+01 4.931895826142098510e-02
1.726185981459091678e+01 4.934628934878781958e-02
1.727148084011713536e+01 4.935789662582185794e-02
1.728110186564335748e+01 4.932436690390654133e-02
1.729072289116957606e+01 4.927082497176027420e-02
1.730034391669579819e+01 4.922247293166030074e-02
1.730996494222202031e+01 4.918122807949196901e-02
1.731958596774823889e+01 4.914647664871779620e-02
1.732920699327446101e+01 4.911753719131090740e-02
1.733882801880067959e+01 4.909368538065500553e-02
1.734844904432690171e+01 4.907417464883355451e-02
1.735807006985312384e+01 4.905825273472933651e-02
1.736769109537934241e+01 4.904517418108569199e-02
1.737731212090556454e+01 4.903420878818499917e-02
1.738693314643178311e+01 4.902464600890565904e-02
1.739655417195800524e+01 4.901581816766322625e-02
1.740617519748422737e+01 4.900721750910523589e-02
1.741579622301044594e+01 4.899839340373825930e-02
1.742541724853666807e+01 4.898889154575996469e-02
1.743503827406289020e+01 4.897825431275122654e-02
1.744465929958910877e+01 4.896602124569385955e-02
1.745428032511533090e+01 4.895172949672423751e-02
1.746390135064154947e+01 4.893491424460015560e-02
1.747352237616777160e+01 4.891510907777255751e-02
1.748314340169399372e+01 4.889184634488120268e-02
1.749276442722021230e+01 4.886465747243273761e-02
1.750238545274643442e+01 4.883307324937385951e-02
1.751200647827265300e+01 4.879662407823862763e-02
1.752162750379887513e+01 4.875484019253022855e-02
1.753124852932509725e+01 4.870725183999299879e-02
1.754086955485131583e+01 4.865338943144035394e-02
1.755049058037753795e+01 4.859278365482825462e-02
1.756011160590375653e+01 4.852515552401605314e-02
1.756973263142997865e+01 4.845330557210199285e-02
1.757935365695620078e+01 4.838253223991432345e-02
1.758897468248241935e+01 4.831820638578037536e-02
1.759859570800864148e+01 4.826569908042028373e-02
1.760821673353486005e+01 4.823024914195126606e-02
1.761783775906108218e+01 4.821283399165016137e-02
1.762745878458730431e+01 4.820935635409563658e-02
1.763707981011352288e+01 4.821542248600586833e-02
1.764670083563974501e+01 4.822665557761360994e-02
1.765632186116596358e+01 4.823874442301648996e-02
1.766594288669218571e+01 4.824739389213186097e-02
1.767556391221840784e+01 4.824851887921531579e-02
1.768518493774462641e+01 4.824126518109074502e-02
1.769480596327084854e+01 4.822731232355391418e-02
1.770442698879707066e+01 4.820840765355139529e-02
1.771404801432328924e+01 4.818629861409787218e-02
1.772366903984951136e+01 4.816273290832675386e-02
1.773329006537572994e+01 4.813945861148347105e-02
1.774291109090195206e+01 4.811804910402260604e-02
1.775253211642817419e+01 4.809868877948910576e-02
1.776215314195439277e+01 4.808090013668487456e-02
1.777177416748061489e+01 4.806420157014450883e-02
1.778139519300683347e+01 4.804811143266211892e-02
1.779101621853305559e+01 4.803214803629574786e-02
1.780063724405927772e+01 4.801582965303886202e-02
1.781025826958549629e+01 4.799867451518758515e-02
1.781987929511171842e+01 4.798020081543174359e-02
1.782950032063793699e+01 4.795992670669721458e-02
1.783912134616415912e+01 4.793737030176706271e-02
1.784874237169038125e+01 4.791204967271130155e-02
1.785836339721659982e+01 4.788348285015538164e-02
1.786798442274282195e+01 4.785118999968680786e-02
1.787760544826904052e+01 4.781503976297992592e-02
1.788722647379526265e+01 4.777562908655835078e-02
1.789684749932148478e+01 4.773364635981691001e-02
1.790646852484770335e+01 4.768978010030968523e-02
1.791608955037392548e+01 4.764471895270901841e-02
1.792571057590014760e+01 4.759915168466492125e-02
1.793533160142636618e+01 4.755376717965504457e-02
1.794495262695258830e+01 4.750925442691431022e-02
1.795457365247880688e+01 4.746630250852838101e-02
1.796419467800502900e+01 4.742560058376292520e-02
1.797381570353125113e+01 4.738783787068644865e-02
1.798343672905746971e+01 4.735370362512194425e-02
1.799305775458369183e+01 4.732388711693882172e-02
1.800267878010991041e+01 4.729907760366559161e-02
1.801229980563613253e+01 4.727996430136871542e-02
1.802192083116235466e+01 4.726723635270373841e-02
1.803154185668857323e+01 4.726158279199869916e-02
1.804116288221479536e+01 4.726369250717895459e-02
1.805078390774101393e+01 4.727385278871847063e-02
1.806040493326723606e+01 4.728880831364044163e-02
1.807002595879345819e+01 4.730345919582096964e-02
1.807964698431967676e+01 4.731277217614712760e-02
1.808926800984589889e+01 4.731481766088194846e-02
1.809888903537211746e+01 4.731163791589972079e-02
1.810851006089833959e+01 4.730553577388472986e-02
1.811813108642456172e+01 4.729833724207373191e-02
1.812775211195078029e+01 4.729032266694532111e-02
1.813737313747700242e+01 4.728146061798194077e-02
1.814699416300322099e+01 4.727171947449201883e-02
1.815661518852944312e+01 4.726106744968876228e-02
1.816623621405566524e+01 4.724947260906610380e-02
1.817585723958188382e+01 4.723690288317118624e-02
1.818547826510810594e+01 4.722332607485037886e-02
1.819509929063432807e+01 4.720870986103093553e-02
1.820472031616054664e+01 4.719302181154214765e-02
1.821434134168676877e+01 4.717625573182027826e-02
1.822396236721298735e+01 4.715848267239980407e-02
1.823358339273920947e+01 4.713978779634733079e-02
1.824320441826543160e+01 4.712025629517054004e-02
1.825282544379165017e+01 4.709997339219749307e-02
1.826244646931787230e+01 4.707902434556555243e-02
1.827206749484409087e+01 4.705749445082003241e-02
1.828168852037031300e+01 4.703546904312332078e-02
1.829130954589653513e+01 4.701303349907645646e-02
1.830093057142275370e+01 4.699027323815500173e-02
1.831055159694897583e+01 4.696727372376297005e-02
1.832017262247519440e+01 4.694412046390767507e-02
1.832979364800141653e+01 4.692089901150008763e-02
1.833941467352763866e+01 4.689769496428448231e-02
1.834903569905385723e+01 4.687459396440225856e-02
1.835865672458007936e+01 4.685168169759428014e-02
1.836827775010629793e+01 4.682904389204681217e-02
1.837789877563252006e+01 4.680676631688508033e-02
1.838751980115874218e+01 4.678493478031944819e-02
1.839714082668496076e+01 4.676363512744795281e-02
1.840676185221118288e+01 4.674295323771940347e-02
1.841638287773740501e+01 4.672297502206003428e-02
1.842600390326362358e+01 4.670378641966704131e-02
1.843562492878984571e+01 4.668547339447083611e-02
1.844524595431606429e+01 4.666812193126797237e-02
1.845486697984228641e+01 4.665181803152525231e-02
1.846448800536850854e+01 4.663664770885516536e-02
1.847410903089472711e+01 4.662269727552163789e-02
1.848373005642094924e+01 4.661019429932836133e-02
1.849335108194716781e+01 4.659973406446543676e-02
1.850297210747338994e+01 4.659197040373553450e-02
1.851259313299961207e+01 4.658739448243833653e-02
1.852221415852583064e+01 4.658557405432010162e-02
1.853183518405205277e+01 4.658575052217289042e-02
1.854145620957827134e+01 4.658716541410669321e-02
1.855107723510449347e+01 4.658906089720060706e-02
1.856069826063071559e+01 4.659067985099609593e-02
1.857031928615693417e+01 4.659127308734278133e-02
1.857994031168315630e+01 4.659042027034240863e-02
1.858956133720937487e+01 4.658815766818184129e-02
1.859918236273559700e+01 4.658455515232737959e-02
1.860880338826181912e+01 4.657968246853184252e-02
1.861842441378803770e+01 4.657360924928409529e-02
1.862804543931425982e+01 4.656640502531273623e-02
1.863766646484047840e+01 4.655813923613073835e-02
1.864728749036670052e+01 4.654888123960751467e-02
1.865690851589292265e+01 4.653870032055760358e-02
1.866652954141914122e+01 4.652766569833628740e-02
1.867615056694536335e+01 4.651584653343328324e-02
1.868577159247158548e+01 4.650331193305755340e-02
1.869539261799780405e+01 4.649013095570666415e-02
1.870501364352402618e+01 4.647637261471527365e-02
1.871463466905024475e+01 4.646210588077854392e-02
1.872425569457646688e+01 4.644739968344607783e-02
1.873387672010268901e+01 4.643232291158345265e-02
1.874349774562890758e+01 4.641694441279811678e-02
1.875311877115512971e+01 4.640133299182722798e-02
1.876273979668134828e+01 4.638555740788502524e-02
1.877236082220757041e+01 4.636968637096693796e-02
1.878198184773379253e+01 4.635378853710849650e-02
1.879160287326001111e+01 4.633793250259592156e-02
1.880122389878623324e+01 4.632218679712549192e-02
1.881084492431245181e+01 4.630661987590810325e-02
1.882046594983867394e+01 4.629130011071491690e-02
1.883008697536489606e+01 4.627629577985917231e-02
1.883970800089111464e+01 4.626167505710856304e-02
1.884932902641733676e+01 4.624750599952096725e-02
1.885895005194355534e+01 4.623385653419630897e-02
1.886857107746977746e+01 4.622079444393466241e-02
1.887819210299599959e+01 4.620838735179061407e-02
1.888781312852221816e+01 4.619670270451103206e-02
1.889743415404844029e+01 4.618580775484310702e-02
1.890705517957466242e+01 4.617576954269633771e-02
1.891667620510088099e+01 4.616665487514111377e-02
1.892629723062710312e+01 4.615852705899142761e-02
1.893591825615332169e+01 4.615129494060480481e-02
1.894553928167954382e+01 4.614464974168912270e-02
1.895516030720576595e+01 4.613826798991713107e-02
1.896478133273198452e+01 4.613191581073463471e-02
1.897440235825820665e+01 4.612556658111038876e-02
1.898402338378442522e+01 4.611922321592262786e-02
1.899364440931064735e+01 4.611288854386942637e-02
1.900326543483686947e+01 4.610656531107717310e-02
1.901288646036308805e+01 4.610025618463564623e-02
1.902250748588931017e+01 4.609396375605801649e-02
1.903212851141552875e+01 4.608769054466498039e-02
1.904174953694175088e+01 4.608143900089108069e-02
1.905137056246797300e+01 4.607521150951288808e-02
1.906099158799419158e+01 4.606901039279705928e-02
1.907061261352041370e+01 4.606283791356791807e-02
1.908023363904663228e+01 4.605669627819291428e-02
1.908985466457285440e+01 4.605058763948550321e-02
1.909947569009907653e+01 4.604451409952414059e-02
1.910909671562529510e+01 4.603847771238667869e-02
1.911871774115151723e+01 4.603248048679924737e-02
1.912833876667773936e+01 4.602652438869905827e-02
1.913795979220395793e+01 4.602061134370992457e-02
1.914758081773018006e+01 4.601474323953036460e-02
1.915720184325639863e+01 4.600892192823313048e-02
1.916682286878262076e+01 4.600314922847593968e-02
1.917644389430884289e+01 4.599742692762247287e-02
1.918606491983506146e+01 4.599175678377347837e-02
1.919568594536128359e+01 4.598614052770710892e-02
1.920530697088750216e+01 4.598057986472842140e-02
1.921492799641372429e+01 4.597507647642716522e-02
1.922454902193994641e+01 4.596963202234395640e-02
1.923417004746616499e+01 4.596424814154395633e-02
1.924379107299238711e+01 4.595892645409827698e-02
1.925341209851860569e+01 4.595366856247231485e-02
1.926303312404482782e+01 4.594847605282104813e-02
1.927265414957104994e+01 4.594335049619104050e-02
1.928227517509726852e+01 4.593829344962863104e-02
1.929189620062349064e+01 4.593330645719457400e-02
1.930151722614970922e+01 4.592839105088470514e-02
1.931113825167593134e+01 4.592354875145628068e-02
1.932075927720215347e+01 4.591878106916030822e-02
1.933038030272837204e+01 4.591408950437947389e-02
1.934000132825459417e+01 4.590947554817155496e-02
1.934962235378081274e+01 4.590494068271835926e-02
1.935924337930703487e+01 4.590048638168008066e-02
1.936886440483325700e+01 4.589611411045485534e-02
1.937848543035947557e+01 4.589182532634392825e-02
1.938810645588569770e+01 4.588762147862180535e-02
1.939772748141191983e+01 4.588350400851164135e-02
1.940734850693813840e+01 4.587947434906611971e-02
1.941696953246436053e+01 4.587553392495319349e-02
1.942659055799057910e+01 4.587168415214727679e-02
1.943621158351680123e+01 4.586792643752540116e-02
1.944583260904302335e+01 4.586426217836872543e-02
1.945545363456924193e+01 4.586069276176902437e-02
1.946507466009546405e+01 4.585721956394042675e-02
1.947469568562168263e+01 4.585384394943619463e-02
1.948431671114790475e+01 4.585056727027053691e-02
1.949393773667412688e+01 4.584739086494570015e-02
1.950355876220034546e+01 4.584431605738373272e-02
1.951317978772656758e+01 4.584134415576351235e-02
1.952280081325278616e+01 4.583847645126239850e-02
1.953242183877900828e+01 4.583571421670292606e-02
1.954204286430523041e+01 4.583305870510404750e-02
1.955166388983144898e+01 4.583051114813704863e-02
1.956128491535767111e+01 4.582807275448597117e-02
1.957090594088388968e+01 4.582574470811230649e-02
1.958052696641011181e+01 4.582352816642384918e-02
1.959014799193633394e+01 4.582142425834766913e-02
1.959976901746255251e+01 4.581943408230663289e-02
1.960939004298877464e+01 4.581755870409963405e-02
1.961901106851499677e+01 4.581579915468492192e-02
1.962863209404121534e+01 4.581415642786659109e-02
1.963825311956743747e+01 4.581263147788346146e-02
1.964787414509365604e+01 4.581122521690050853e-02
1.965749517061987817e+01 4.580993851240188625e-02
1.966711619614610029e+01 4.580877218448577842e-02
1.967673722167231887e+01 4.580772700305994760e-02
1.968635824719854099e+01 4.580680368493794674e-02
1.969597927272475957e+01 4.580600289083527205e-02
1.970560029825098169e+01 4.580532522226490877e-02
1.971522132377720382e+01 4.580477121833174958e-02
1.972484234930342240e+01 4.580434135242485161e-02
1.973446337482964452e+01 4.580403602880746966e-02
1.974408440035586310e+01 4.580385557910338773e-02
1.975370542588208522e+01 4.580380025867927807e-02
1.976332645140830735e+01 4.580387024292204012e-02
1.977294747693452592e+01 4.580406562340989807e-02
1.978256850246074805e+01 4.580438640397709038e-02
1.979218952798696662e+01 4.580483249667014617e-02
