7.618010371223582489e-01 1.653827330993168365e+00
7.714220626485789323e-01 1.646799745889091726e+00
7.810430881747997267e-01 1.639724045950819331e+00
7.906641137010204101e-01 1.632601247919259757e+00
8.002851392272412046e-01 1.625432368535319361e+00
8.099061647534618880e-01 1.618218424539906053e+00
8.195271902796826824e-01 1.610960432673926634e+00
8.291482158059033658e-01 1.603659409678289016e+00
8.387692413321241602e-01 1.596316372293899777e+00
8.483902668583448436e-01 1.588932337261667493e+00
8.580112923845655271e-01 1.581508321322498078e+00
8.676323179107863215e-01 1.574045341217300331e+00
8.772533434370071159e-01 1.566544413686979498e+00
8.868743689632277993e-01 1.559006555472445488e+00
8.964953944894484827e-01 1.551432783314604436e+00
9.061164200156692772e-01 1.543824113954362920e+00
9.157374455418899606e-01 1.536181564132629296e+00
9.253584710681107550e-01 1.528506150590310586e+00
9.349794965943314384e-01 1.520798890068314257e+00
9.446005221205522329e-01 1.513060799307547333e+00
9.542215476467729163e-01 1.505292895048917945e+00
9.638425731729935997e-01 1.497496194033331784e+00
9.734635986992143941e-01 1.489671713001697873e+00
9.830846242254351885e-01 1.481820468694923232e+00
9.927056497516558720e-01 1.473943477853914885e+00
1.002326675277876555e+00 1.466041757219579855e+00
1.011947700804097350e+00 1.458116323532825831e+00
1.021568726330317922e+00 1.450168193534560723e+00
1.031189751856538717e+00 1.442198383965691111e+00
1.040810777382759511e+00 1.434207911567124238e+00
1.050431802908980305e+00 1.426197793079768017e+00
1.060052828435201100e+00 1.418169045244529247e+00
1.069673853961421672e+00 1.410122684802315840e+00
1.079294879487642467e+00 1.402059728494034596e+00
1.088915905013863261e+00 1.393981193060593426e+00
1.098536930540083834e+00 1.385888095242899354e+00
1.108157956066304628e+00 1.377781451781859179e+00
1.117778981592525422e+00 1.369662279418381257e+00
1.127400007118746217e+00 1.361531594893372166e+00
1.137021032644966789e+00 1.353390414947739817e+00
1.146642058171187584e+00 1.345239756322391456e+00
1.156263083697408378e+00 1.337080635758233882e+00
1.165884109223628951e+00 1.328914069996175007e+00
1.175505134749849745e+00 1.320741075777121853e+00
1.185126160276070539e+00 1.312562669841981888e+00
1.194747185802291334e+00 1.304379868931662134e+00
1.204368211328512128e+00 1.296193689787070724e+00
1.213989236854732701e+00 1.288005149149114237e+00
1.223610262380953495e+00 1.279815263758699917e+00
1.233231287907174067e+00 1.271625050356736342e+00
1.242852313433394862e+00 1.263435525684129423e+00
1.252473338959615656e+00 1.255247706481787073e+00
1.262094364485836451e+00 1.247062609490616758e+00
1.271715390012057245e+00 1.238881251451525500e+00
1.281336415538277818e+00 1.230704649105421433e+00
1.290957441064498612e+00 1.222533819193210913e+00
1.300578466590719184e+00 1.214369778455801407e+00
1.310199492116939979e+00 1.206213543634101049e+00
1.319820517643160773e+00 1.198066131467879103e+00
1.329441543169381568e+00 1.189928530407094565e+00
1.339062568695602362e+00 1.181801627148713285e+00
1.348683594221823157e+00 1.173686285520767703e+00
1.358304619748043729e+00 1.165583369351289589e+00
1.367925645274264523e+00 1.157493742468310716e+00
1.377546670800485096e+00 1.149418268699864853e+00
1.387167696326705890e+00 1.141357811873981998e+00
1.396788721852926685e+00 1.133313235818696141e+00
1.406409747379147479e+00 1.125285404362038388e+00
1.416030772905368273e+00 1.117275181332041178e+00
1.425651798431588846e+00 1.109283430556736949e+00
1.435272823957809640e+00 1.101311015864157250e+00
1.444893849484030213e+00 1.093358801082334963e+00
1.454514875010251007e+00 1.085427650039301639e+00
1.464135900536471802e+00 1.077518426563089937e+00
1.473756926062692596e+00 1.069631994481731407e+00
1.483377951588913390e+00 1.061769217623258932e+00
1.492998977115133963e+00 1.053930959815704282e+00
1.502620002641354757e+00 1.046118084887099453e+00
1.512241028167575330e+00 1.038331456665477104e+00
1.521862053693796124e+00 1.030571938978868785e+00
1.531483079220016918e+00 1.022840351972073236e+00
1.541104104746237713e+00 1.015137211935424943e+00
1.550725130272458507e+00 1.007462906062911667e+00
1.560346155798679302e+00 9.998178210769994578e-01
1.569967181324899874e+00 9.922023437001568080e-01
1.579588206851120669e+00 9.846168606548493241e-01
1.589209232377341241e+00 9.770617586635459428e-01
1.598830257903562035e+00 9.695374244487129367e-01
1.608451283429782830e+00 9.620442447328175772e-01
1.618072308956003624e+00 9.545826062383274691e-01
1.627693334482224419e+00 9.471528956877095506e-01
1.637314360008444991e+00 9.397554998034309826e-01
1.646935385534665786e+00 9.323908053079593694e-01
1.656556411060886358e+00 9.250591989237617607e-01
1.666177436587107152e+00 9.177610673733054281e-01
1.675798462113327947e+00 9.104967973790573099e-01
1.685419487639548741e+00 9.032667756634850109e-01
1.695040513165769536e+00 8.960713889490558026e-01
1.704661538691990108e+00 8.889110239577566741e-01
1.714282564218210902e+00 8.817860670774835263e-01
1.723903589744431475e+00 8.746969037782302836e-01
1.733524615270652269e+00 8.676439193737331967e-01
1.743145640796873064e+00 8.606274991777289607e-01
1.752766666323093858e+00 8.536480285039540483e-01
1.762387691849314653e+00 8.467058926661443774e-01
1.772008717375535225e+00 8.398014769780366429e-01
1.781629742901756019e+00 8.329351667533670955e-01
1.791250768427976814e+00 8.261073473058719863e-01
1.800871793954197386e+00 8.193184039492883430e-01
1.810492819480418181e+00 8.125687219973516395e-01
1.820113845006638975e+00 8.058586867637987927e-01
1.829734870532859770e+00 7.991886835623657204e-01
1.839355896059080342e+00 7.925590977067894505e-01
1.848976921585301136e+00 7.859703145108059008e-01
1.858597947111521931e+00 7.794227192881512112e-01
1.868218972637742725e+00 7.729166965919629373e-01
1.877839998163963298e+00 7.664525151629619781e-01
1.887461023690184092e+00 7.600302047347242684e-01
1.897082049216404886e+00 7.536497655073181035e-01
1.906703074742625459e+00 7.473111976808117785e-01
1.916324100268846253e+00 7.410145014552727005e-01
1.925945125795067048e+00 7.347596770307688319e-01
1.935566151321287842e+00 7.285467246073683567e-01
1.945187176847508415e+00 7.223756443851390152e-01
1.954808202373729209e+00 7.162464365641487696e-01
1.964429227899950003e+00 7.101591013444656930e-01
1.974050253426170798e+00 7.041136389261575257e-01
1.983671278952391370e+00 6.981100495092923408e-01
1.993292304478612165e+00 6.921483332939378785e-01
2.002913330004832737e+00 6.862284904801624341e-01
2.012534355531053532e+00 6.803505212680334147e-01
2.022155381057274326e+00 6.745144258576191154e-01
2.031776406583495120e+00 6.687202044489874986e-01
2.041397432109715915e+00 6.629678572422058602e-01
2.051018457635936265e+00 6.572573844373431617e-01
2.060639483162157504e+00 6.515887862344664772e-01
2.070260508688377854e+00 6.459620628336444348e-01
2.079881534214599093e+00 6.403772144349438866e-01
2.089502559740819443e+00 6.348342412384342381e-01
2.099123585267040237e+00 6.293331434441821193e-01
2.108744610793261032e+00 6.238739212522559363e-01
2.118365636319481382e+00 6.184565748627242066e-01
2.127986661845702621e+00 6.130811044756536710e-01
2.137607687371922971e+00 6.077475102911132909e-01
2.147228712898144209e+00 6.024557925091702515e-01
2.156849738424364560e+00 5.972059509048046611e-01
2.166470763950585354e+00 5.919979171185568712e-01
2.176091789476806149e+00 5.868314803683312153e-01
2.185712815003026943e+00 5.817064120056263388e-01
2.195333840529247738e+00 5.766224833819401097e-01
2.204954866055468088e+00 5.715794658487710622e-01
2.214575891581689326e+00 5.665771307576166205e-01
2.224196917107909677e+00 5.616152494599760958e-01
2.233817942634130471e+00 5.566935933073468012e-01
2.243438968160351266e+00 5.518119336512272710e-01
2.253059993686572060e+00 5.469700418431157063e-01
2.262681019212792854e+00 5.421676892345104193e-01
2.272302044739013205e+00 5.374046471769096112e-01
2.281923070265234443e+00 5.326806870218111500e-01
2.291544095791454794e+00 5.279955996773493254e-01
2.301165121317675588e+00 5.233494287155735503e-01
2.310786146843896383e+00 5.187423936049686546e-01
2.320407172370117177e+00 5.141747173830686357e-01
2.330028197896337971e+00 5.096466230874069359e-01
2.339649223422558322e+00 5.051583337555174413e-01
2.349270248948779560e+00 5.007100724249337054e-01
2.358891274474999911e+00 4.963020621331900584e-01
2.368512300001220705e+00 4.919345259178197205e-01
2.378133325527441500e+00 4.876076868163568001e-01
2.387754351053662294e+00 4.833217678663347394e-01
2.397375376579883088e+00 4.790769921052875913e-01
2.406996402106103439e+00 4.748735825707493530e-01
2.416617427632324677e+00 4.707117037979883789e-01
2.426238453158545028e+00 4.665910720250049937e-01
2.435859478684765822e+00 4.625111961547893058e-01
2.445480504210986616e+00 4.584715839669164517e-01
2.455101529737207411e+00 4.544717432409611235e-01
2.464722555263428205e+00 4.505111817564983467e-01
2.474343580789648556e+00 4.465894072931029801e-01
2.483964606315869794e+00 4.427059276303493274e-01
2.493585631842090145e+00 4.388602505478132465e-01
2.503206657368311383e+00 4.350518838250684861e-01
2.512827682894531733e+00 4.312803352416907376e-01
2.522448708420752528e+00 4.275451125772544714e-01
2.532069733946973322e+00 4.238457268789966870e-01
2.541690759473193673e+00 4.201817449996788079e-01
2.551311784999414911e+00 4.165527805856068522e-01
2.560932810525635261e+00 4.129584487308092244e-01
2.570553836051856500e+00 4.093983645293126639e-01
2.580174861578076850e+00 4.058721430751459636e-01
2.589795887104297645e+00 4.023793994623360848e-01
2.599416912630518439e+00 3.989197487849106549e-01
2.609037938156739234e+00 3.954928061368975789e-01
2.618658963682960028e+00 3.920981866123247062e-01
2.628279989209180378e+00 3.887355053052193310e-01
2.637901014735401617e+00 3.854043773096093028e-01
2.647522040261621967e+00 3.821044305299223787e-01
2.657143065787842762e+00 3.788353642937459798e-01
2.666764091314063556e+00 3.755969026728070426e-01
2.676385116840284351e+00 3.723887697629633120e-01
2.686006142366505145e+00 3.692106896600723109e-01
2.695627167892725495e+00 3.660623864599918953e-01
2.705248193418946734e+00 3.629435842585795879e-01
2.714869218945167084e+00 3.598540071516930783e-01
2.724490244471387879e+00 3.567933792351900002e-01
2.734111269997608673e+00 3.537614246049279876e-01
2.743732295523829467e+00 3.507578673567647853e-01
2.753353321050050262e+00 3.477824204884276127e-01
2.762974346576271056e+00 3.448346783076046140e-01
2.772595372102491407e+00 3.419141631817499416e-01
2.782216397628712201e+00 3.390203964713110474e-01
2.791837423154932996e+00 3.361528995367357719e-01
2.801458448681153790e+00 3.333111937384718448e-01
2.811079474207374584e+00 3.304948004369671066e-01
2.820700499733595379e+00 3.277032409926690648e-01
2.830321525259816173e+00 3.249360367660256155e-01
2.839942550786036524e+00 3.221927091174844882e-01
2.849563576312257318e+00 3.194727794074933569e-01
2.859184601838478113e+00 3.167758565689740013e-01
2.868805627364698907e+00 3.141020048761409833e-01
2.878426652890919701e+00 3.114514361323920122e-01
2.888047678417140496e+00 3.088243622170362412e-01
2.897668703943361290e+00 3.062209950093826571e-01
2.907289729469582085e+00 3.036415463887404687e-01
2.916910754995802435e+00 3.010862282344189955e-01
2.926531780522023229e+00 2.985552524257269469e-01
2.936152806048244024e+00 2.960488308419734760e-01
2.945773831574464818e+00 2.935671753624677915e-01
2.955394857100685613e+00 2.911104978665190468e-01
2.965015882626906407e+00 2.886790102334360619e-01
2.974636908153127202e+00 2.862729243425283232e-01
2.984257933679347552e+00 2.838924520731047063e-01
2.993878959205568346e+00 2.815378053044742535e-01
3.003499984731789141e+00 2.792091959159461179e-01
3.013121010258009935e+00 2.769068357868294528e-01
3.022742035784230730e+00 2.746309367964332449e-01
3.032363061310451524e+00 2.723817108240667584e-01
3.041984086836672319e+00 2.701593697490388690e-01
3.051605112362892669e+00 2.679641021593248684e-01
3.061226137889113463e+00 2.657954355098799404e-01
3.070847163415334258e+00 2.636521578747569872e-01
3.080468188941555052e+00 2.615330183256898700e-01
3.090089214467775847e+00 2.594367659344121724e-01
3.099710239993996641e+00 2.573621497726579221e-01
3.109331265520217435e+00 2.553079189121609804e-01
3.118952291046438230e+00 2.532728224246549864e-01
3.128573316572658580e+00 2.512556093818738012e-01
3.138194342098879375e+00 2.492550288555511750e-01
3.147815367625100169e+00 2.472699474735034209e-01
3.157436393151320964e+00 2.453004058867692683e-01
3.167057418677541758e+00 2.433471197561650479e-01
3.176678444203762552e+00 2.414108128085668548e-01
3.186299469729983347e+00 2.394922087708508118e-01
3.195920495256203697e+00 2.375920313698931530e-01
3.205541520782424492e+00 2.357110043325696958e-01
3.215162546308645286e+00 2.338498513857567018e-01
3.224783571834866081e+00 2.320092962563302941e-01
3.234404597361086875e+00 2.301900567115872931e-01
3.244025622887307669e+00 2.283920894620086461e-01
3.253646648413528464e+00 2.266138511440320136e-01
3.263267673939748814e+00 2.248536229362152195e-01
3.272888699465969609e+00 2.231096860171160601e-01
3.282509724992190403e+00 2.213803215652925815e-01
3.292130750518411197e+00 2.196638107593026634e-01
3.301751776044631992e+00 2.179584347777042685e-01
3.311372801570852786e+00 2.162624747990552765e-01
3.320993827097073581e+00 2.145742120336968095e-01
3.330614852623293931e+00 2.128925200566506859e-01
3.340235878149514726e+00 2.112183794810775506e-01
3.349856903675735520e+00 2.095532391983171983e-01
3.359477929201956314e+00 2.078985480997091739e-01
3.369098954728177109e+00 2.062557550765930225e-01
3.378719980254397903e+00 2.046263090203083446e-01
3.388341005780618698e+00 2.030116588221946572e-01
3.397962031306839492e+00 2.014132533735915886e-01
3.407583056833059842e+00 1.998325414148232060e-01
3.417204082359280637e+00 1.982704923649172002e-01
3.426825107885501431e+00 1.967265335804385673e-01
3.436446133411722226e+00 1.951997829153169217e-01
3.446067158937943020e+00 1.936893582234818501e-01
3.455688184464163815e+00 1.921943773588631055e-01
3.465309209990384609e+00 1.907139581753902746e-01
3.474930235516604959e+00 1.892472185269931939e-01
3.484551261042825754e+00 1.877932762676012834e-01
3.494172286569046548e+00 1.863512540735670076e-01
3.503793312095267343e+00 1.849205748249891923e-01
3.513414337621488137e+00 1.835011330711171229e-01
3.523035363147708932e+00 1.820928646866448730e-01
3.532656388673929726e+00 1.806957055462665440e-01
3.542277414200150076e+00 1.793095915246761263e-01
3.551898439726370871e+00 1.779344584965676657e-01
3.561519465252591665e+00 1.765702423366351526e-01
3.571140490778812460e+00 1.752168789195727161e-01
3.580761516305033254e+00 1.738743344434395266e-01
3.590382541831254049e+00 1.725428070154138571e-01
3.600003567357474843e+00 1.712226018178354958e-01
3.609624592883695637e+00 1.699140246090054540e-01
3.619245618409915988e+00 1.686173811472245765e-01
3.628866643936136782e+00 1.673329771907936248e-01
3.638487669462357577e+00 1.660611184980136101e-01
3.648108694988578371e+00 1.648021108271854052e-01
3.657729720514799165e+00 1.635562599366099656e-01
3.667350746041019960e+00 1.623238715845880253e-01
3.676971771567240754e+00 1.611052515294206511e-01
3.686592797093461105e+00 1.599007055294086599e-01
3.696213822619681899e+00 1.587105393428529521e-01
3.705834848145902694e+00 1.575350587280544001e-01
3.715455873672123488e+00 1.563745694433139044e-01
3.725076899198344282e+00 1.552293772469323097e-01
3.734697924724565077e+00 1.540997791925295679e-01
3.744318950250785871e+00 1.529852404647805142e-01
3.753939975777006222e+00 1.518837178239647867e-01
3.763561001303227016e+00 1.507930088002109037e-01
3.773182026829447810e+00 1.497109109236475499e-01
3.782803052355668605e+00 1.486352217244032436e-01
3.792424077881889399e+00 1.475637387326066974e-01
3.802045103408110194e+00 1.464942594783864016e-01
3.811666128934330988e+00 1.454245944812082580e-01
3.821287154460551783e+00 1.443537834949916165e-01
3.830908179986772133e+00 1.432830885675983323e-01
3.840529205512992927e+00 1.422140054526253028e-01
3.850150231039213722e+00 1.411480299036696195e-01
3.859771256565434516e+00 1.400866576743285685e-01
3.869392282091655311e+00 1.390313845181990471e-01
3.879013307617876105e+00 1.379837061888783412e-01
3.888634333144096900e+00 1.369450995192753318e-01
3.898255358670317250e+00 1.359164402520011694e-01
3.907876384196538044e+00 1.348978932303770140e-01
3.917497409722758839e+00 1.338895822212423925e-01
3.927118435248979633e+00 1.328916309914367211e-01
3.936739460775200428e+00 1.319041633077994990e-01
3.946360486301421222e+00 1.309273029371702257e-01
3.955981511827642016e+00 1.299611736463882616e-01
3.965602537353862367e+00 1.290058666287068889e-01
3.975223562880083161e+00 1.280611844826713697e-01
3.984844588406303956e+00 1.271267790283955035e-01
3.994465613932524750e+00 1.262023007732555047e-01
4.004086639458745545e+00 1.252874002246276985e-01
4.013707664984966783e+00 1.243817278898881468e-01
4.023328690511187133e+00 1.234849342764132024e-01
4.032949716037407484e+00 1.225966698915790937e-01
4.042570741563627834e+00 1.217165852427619654e-01
4.052191767089849073e+00 1.208443308373378933e-01
4.061812792616070311e+00 1.199795571826833274e-01
4.071433818142290662e+00 1.191219147861744682e-01
4.081054843668511012e+00 1.182710541551874051e-01
4.090675869194732250e+00 1.174266257970983940e-01
4.100296894720953489e+00 1.165882802192836909e-01
4.109917920247173839e+00 1.157557476563279564e-01
4.119538945773394190e+00 1.149293900038011740e-01
4.129159971299614540e+00 1.141098697678524926e-01
4.138780996825835778e+00 1.132978512906843288e-01
4.148402022352057017e+00 1.124939989144992381e-01
4.158023047878277367e+00 1.116989769814998729e-01
4.167644073404497718e+00 1.109134498338885944e-01
4.177265098930718068e+00 1.101380521929843925e-01
4.186886124456939307e+00 1.093727011546562627e-01
4.196507149983160545e+00 1.086165753972914427e-01
4.206128175509380895e+00 1.078688198189238223e-01
4.215749201035601246e+00 1.071285793175872775e-01
4.225370226561822484e+00 1.063949987913156287e-01
4.234991252088043723e+00 1.056672231381427934e-01
4.244612277614264073e+00 1.049443972561027727e-01
4.254233303140484423e+00 1.042256660432293869e-01
4.263854328666704774e+00 1.035101743975565119e-01
4.273475354192926012e+00 1.027970672171179961e-01
4.283096379719147251e+00 1.020854893999478125e-01
4.292717405245367601e+00 1.013745858440798231e-01
4.302338430771587952e+00 1.006635014475479317e-01
4.311959456297809190e+00 9.995138986497741074e-02
4.321580481824029540e+00 9.923831472081465210e-02
4.331201507350250779e+00 9.852603170591701931e-02
4.340822532876471129e+00 9.781648081526000960e-02
4.350443558402691480e+00 9.711160204381882877e-02
4.360064583928912718e+00 9.641333538656876589e-02
4.369685609455133957e+00 9.572362083848526271e-02
4.379306634981354307e+00 9.504438400005058019e-02
4.388927660507574657e+00 9.437660523022316228e-02
4.398548686033795008e+00 9.371975082922584521e-02
4.408169711560016246e+00 9.307315096354776274e-02
4.417790737086237485e+00 9.243613579967810412e-02
4.427411762612457835e+00 9.180803550410612801e-02
4.437032788138678185e+00 9.118818024332094041e-02
4.446653813664899424e+00 9.057588826692812567e-02
4.456274839191120662e+00 8.997017716270480636e-02
4.465895864717341013e+00 8.936974830779141621e-02
4.475516890243561363e+00 8.877328805020438807e-02
4.485137915769781713e+00 8.817948273796026581e-02
4.494758941296002952e+00 8.758701871907552394e-02
4.504379966822224191e+00 8.699458234156676184e-02
4.514000992348444541e+00 8.640110590223591680e-02
4.523622017874664891e+00 8.580773405165062484e-02
4.533243043400885242e+00 8.521678168619943594e-02
4.542864068927106480e+00 8.463057434197840401e-02
4.552485094453327719e+00 8.405143755508368009e-02
4.562106119979548069e+00 8.348169686161134584e-02
4.571727145505768419e+00 8.292367709562906142e-02
4.581348171031989658e+00 8.237863972150026581e-02
4.590969196558210896e+00 8.184464262693887104e-02
4.600590222084431247e+00 8.131914283499344642e-02
4.610211247610651597e+00 8.079959736871251963e-02
4.619832273136871947e+00 8.028346325114463222e-02
4.629453298663093186e+00 7.976819750533825637e-02
4.639074324189314424e+00 7.925136979681203508e-02
4.648695349715534775e+00 7.873269246042279013e-02
4.658316375241755125e+00 7.821379766532816913e-02
4.667937400767975475e+00 7.769638548760611496e-02
4.677558426294196714e+00 7.718215600333452886e-02
4.687179451820417952e+00 7.667280928859153410e-02
4.696800477346638303e+00 7.617004525354234556e-02
4.706421502872858653e+00 7.567510774026726950e-02
4.716042528399079892e+00 7.518778994744859667e-02
4.725663553925301130e+00 7.470759729844822505e-02
4.735284579451521481e+00 7.423403521662794158e-02
4.744905604977741831e+00 7.376660912534950543e-02
4.754526630503962181e+00 7.330482444797474517e-02
4.764147656030184308e+00 7.284818660786530897e-02
4.773768681556404658e+00 7.239620102838321969e-02
4.783389707082625009e+00 7.194837313289013936e-02
4.793010732608845359e+00 7.150420834474791043e-02
4.802631758135065709e+00 7.106321208731830597e-02
4.812252783661287836e+00 7.062488978396304351e-02
4.821873809187508186e+00 7.018875686892295240e-02
4.831494834713728537e+00 6.975472565504219069e-02
4.841115860239948887e+00 6.932322851719829870e-02
4.850736885766169237e+00 6.889473304354865046e-02
4.860357911292391364e+00 6.846970682225049509e-02
4.869978936818611714e+00 6.804861744146131763e-02
4.879599962344832065e+00 6.763193165229466897e-02
4.889220987871052415e+00 6.721986816004696386e-02
4.898842013397274542e+00 6.681205274701872143e-02
4.908463038923494892e+00 6.640802446714971774e-02
4.918084064449715243e+00 6.600732237437954841e-02
4.927705089975935593e+00 6.560948552264790623e-02
4.937326115502155943e+00 6.521405297247385990e-02
4.946947141028378070e+00 6.482083546334586888e-02
4.956568166554598420e+00 6.443063762473072442e-02
4.966189192080818771e+00 6.404449130348022212e-02
4.975810217607039121e+00 6.366342834644619919e-02
4.985431243133259471e+00 6.328848060048053448e-02
4.995052268659481598e+00 6.292067991243498193e-02
5.004673294185701948e+00 6.256065653859703424e-02
5.014294319711922299e+00 6.220721177344886582e-02
5.023915345238142649e+00 6.185862651932347994e-02
5.033536370764364776e+00 6.151318164155809842e-02
5.043157396290585126e+00 6.116915800549017901e-02
5.052778421816805476e+00 6.082483647645699210e-02
5.062399447343025827e+00 6.047900821257941317e-02
5.072020472869246177e+00 6.013280799573607338e-02
5.081641498395468304e+00 5.978804300583409614e-02
5.091262523921688654e+00 5.944652047999482436e-02
5.100883549447909004e+00 5.911004765533947602e-02
5.110504574974129355e+00 5.878043176546408899e-02
5.120125600500351482e+00 5.845893985622959560e-02
5.129746626026571832e+00 5.814479815459565326e-02
5.139367651552792182e+00 5.783675101913043209e-02
5.148988677079012533e+00 5.753354280840217161e-02
5.158609702605232883e+00 5.723391788097909744e-02
5.168230728131455010e+00 5.693662138734739697e-02
5.177851753657675360e+00 5.664075420656277532e-02
5.187472779183895710e+00 5.634633257242509935e-02
5.197093804710116061e+00 5.605351793071319810e-02
5.206714830236336411e+00 5.576247172720594919e-02
5.216335855762558538e+00 5.547335540768209838e-02
5.225956881288778888e+00 5.518633041792062044e-02
5.235577906814999238e+00 5.490155820370030276e-02
5.245198932341219589e+00 5.461920021079994664e-02
5.254819957867441715e+00 5.433941788499840192e-02
5.264440983393662066e+00 5.406237267207455316e-02
5.274062008919882416e+00 5.378822601780722940e-02
5.283683034446102766e+00 5.351713072719348208e-02
5.293304059972323117e+00 5.324910995155517079e-02
5.302925085498545243e+00 5.298408684910090732e-02
5.312546111024765594e+00 5.272198199513433020e-02
5.322167136550985944e+00 5.246271596495886980e-02
5.331788162077206294e+00 5.220620933387801893e-02
5.341409187603426645e+00 5.195241443933275999e-02
5.351030213129648772e+00 5.170144806394514486e-02
5.360651238655869122e+00 5.145348004983283513e-02
5.370272264182089472e+00 5.120868026521065847e-02
5.379893289708309823e+00 5.096721857829338009e-02
5.389514315234531949e+00 5.072926383596652877e-02
5.399135340760752300e+00 5.049489697907615787e-02
5.408756366286972650e+00 5.026404467146478039e-02
5.418377391813193000e+00 5.003661795016686037e-02
5.427998417339413351e+00 4.981252785221693125e-02
5.437619442865635477e+00 4.959168541464937380e-02
5.447240468391855828e+00 4.937399544116446992e-02
5.456861493918076178e+00 4.915930184408267428e-02
5.466482519444296528e+00 4.894741412773120914e-02
5.476103544970518655e+00 4.873814140702043690e-02
5.485724570496739005e+00 4.853129279686081710e-02
5.495345596022959356e+00 4.832667805182874754e-02
5.504966621549179706e+00 4.812424416682262868e-02
5.514587647075400056e+00 4.792424514295461763e-02
5.524208672601622183e+00 4.772697664632587905e-02
5.533829698127842533e+00 4.753273434303770251e-02
5.543450723654062884e+00 4.734181389919125266e-02
5.553071749180283234e+00 4.715444831294084149e-02
5.562692774706503585e+00 4.697029695794150556e-02
5.572313800232725711e+00 4.678871146528039426e-02
5.581934825758946062e+00 4.660904052886447047e-02
5.591555851285166412e+00 4.643063284260056517e-02
5.601176876811386762e+00 4.625284410411062419e-02
5.610797902337608889e+00 4.607548584849820161e-02
5.620418927863829239e+00 4.589909743578912682e-02
5.630039953390049590e+00 4.572428338915277696e-02
5.639660978916269940e+00 4.555164823175856387e-02
5.649282004442490290e+00 4.538179648677589939e-02
5.658903029968712417e+00 4.521533267737417455e-02
5.668524055494932767e+00 4.505286132672284977e-02
5.678145081021153118e+00 4.489498695799134381e-02
5.687766106547373468e+00 4.474231409434903384e-02
5.697387132073593818e+00 4.459544725896535944e-02
5.707008157599815945e+00 4.445486334509766296e-02
5.716629183126036295e+00 4.431943280388303541e-02
5.726250208652256646e+00 4.418692824490645654e-02
5.735871234178476996e+00 4.405510101157127101e-02
5.745492259704699123e+00 4.392170244728078876e-02
5.755113285230919473e+00 4.378452547738029277e-02
5.764734310757139824e+00 4.364321172394243498e-02
5.774355336283360174e+00 4.349994802642915409e-02
5.783976361809580524e+00 4.335710659000694550e-02
5.793597387335802651e+00 4.321705961984225602e-02
5.803218412862023001e+00 4.308217688950619767e-02
5.812839438388243352e+00 4.295386268546910746e-02
5.822460463914463702e+00 4.283108757328194655e-02
5.832081489440684052e+00 4.271244461574806583e-02
5.841702514966906179e+00 4.259652687567078849e-02
5.851323540493126529e+00 4.248192741585345156e-02
5.860944566019346880e+00 4.236753052098048145e-02
5.870565591545567230e+00 4.225345516081714659e-02
5.880186617071789357e+00 4.214014745876130952e-02
5.889807642598009707e+00 4.202805354046343367e-02
5.899428668124230057e+00 4.191761953157387838e-02
5.909049693650450408e+00 4.180929155774310013e-02
5.918670719176670758e+00 4.170351574462148603e-02
5.928291744702892885e+00 4.160073821785943010e-02
5.937912770229113235e+00 4.150140510310738884e-02
5.947533795755333585e+00 4.140596252601575628e-02
5.957154821281553936e+00 4.131478878717557979e-02
5.966775846807776063e+00 4.122768742623778709e-02
5.976396872333996413e+00 4.114417251397617381e-02
5.986017897860216763e+00 4.106375591541152476e-02
5.995638923386437114e+00 4.098594949556461087e-02
6.005259948912657464e+00 4.091027399825043764e-02
6.014880974438879591e+00 4.083633881486881806e-02
6.024501999965099941e+00 4.076380429425516955e-02
6.034123025491320291e+00 4.069233139376025182e-02
6.043744051017540642e+00 4.062158107073488705e-02
6.053365076543760992e+00 4.055121428252991822e-02
6.062986102069983119e+00 4.048089198649609810e-02
6.072607127596203469e+00 4.041027513998428355e-02
6.082228153122423819e+00 4.033902470034529675e-02
6.091849178648644170e+00 4.026680162492991127e-02
6.101470204174866296e+00 4.019339648724694347e-02
6.111091229701086647e+00 4.011979259518407004e-02
6.120712255227306997e+00 4.004761588764870622e-02
6.130333280753527347e+00 3.997849852665066178e-02
6.139954306279747698e+00 3.991407267419973953e-02
6.149575331805969824e+00 3.985582587700676332e-02
6.159196357332190175e+00 3.980418984705012125e-02
6.168817382858410525e+00 3.975912809323775554e-02
6.178438408384630876e+00 3.972060202155060921e-02
6.188059433910851226e+00 3.968857303796964608e-02
6.197680459437073353e+00 3.966253361623287010e-02
6.207301484963293703e+00 3.963953057873020880e-02
6.216922510489514053e+00 3.961581603971030263e-02
6.226543536015734404e+00 3.958764169143796224e-02
6.236164561541956530e+00 3.955125951780220223e-02
6.245785587068176881e+00 3.950477745649263323e-02
6.255406612594397231e+00 3.945256350892792363e-02
6.265027638120617581e+00 3.940030417477013297e-02
6.274648663646837932e+00 3.935368595368130690e-02
6.284269689173060058e+00 3.931836821563186590e-02
6.293890714699280409e+00 3.929630811137421742e-02
6.303511740225500759e+00 3.928203505469486656e-02
6.313132765751721109e+00 3.926919095543701665e-02
6.322753791277941460e+00 3.925141772344391267e-02
6.332374816804163586e+00 3.922255456456994610e-02
6.341995842330383937e+00 3.918211286006981903e-02
6.351616867856604287e+00 3.913598863973229841e-02
6.361237893382824637e+00 3.909041834966564544e-02
6.370858918909046764e+00 3.905163843597810047e-02
6.380479944435267114e+00 3.902535981847867624e-02
6.390100969961487465e+00 3.901197454235769829e-02
6.399721995487707815e+00 3.900878458353004147e-02
6.409343021013928166e+00 3.901305379235670001e-02
6.418964046540150292e+00 3.902204601919866817e-02
6.428585072066370643e+00 3.903302511441691935e-02
6.438206097592590993e+00 3.904325492837244782e-02
6.447827123118811343e+00 3.904999931142626168e-02
6.457448148645033470e+00 3.905052211393929273e-02
6.467069174171253820e+00 3.904213046072358556e-02
6.476690199697474171e+00 3.902526286451273030e-02
6.486311225223694521e+00 3.900554695155971502e-02
6.495932250749914871e+00 3.898909837271474776e-02
6.505553276276136998e+00 3.898203277882798801e-02
6.515174301802357348e+00 3.898986380967773419e-02
6.524795327328577699e+00 3.901090072336104581e-02
6.534416352854798049e+00 3.903870506404999441e-02
6.544037378381018399e+00 3.906675464382051988e-02
6.553658403907240526e+00 3.908852738666370591e-02
6.563279429433460876e+00 3.909936415947372346e-02
6.572900454959681227e+00 3.910120141483541117e-02
6.582521480485901577e+00 3.909743455243269022e-02
6.592142506012123704e+00 3.909145897194946095e-02
6.601763531538344054e+00 3.908666670578834351e-02
6.611384557064564405e+00 3.908635259449706051e-02
6.621005582590784755e+00 3.909370185958541827e-02
6.630626608117005105e+00 3.911189385855969730e-02
6.640247633643227232e+00 3.914410794892617812e-02
6.649868659169447582e+00 3.919219688852227518e-02
6.659489684695667933e+00 3.925078380573693987e-02
6.669110710221888283e+00 3.931204107493133093e-02
6.678731735748108633e+00 3.936813909621508789e-02
6.688352761274330760e+00 3.941136403930722149e-02
6.697973786800551110e+00 3.943938020807791212e-02
6.707594812326771461e+00 3.945739318485402131e-02
6.717215837852991811e+00 3.947117250848163061e-02
6.726836863379213938e+00 3.948648771780689792e-02
6.736457888905434288e+00 3.950834609657060542e-02
6.746078914431654638e+00 3.953728760351291754e-02
6.755699939957874989e+00 3.957222974953629457e-02
6.765320965484095339e+00 3.961208775130534154e-02
6.774941991010317466e+00 3.965577682548467736e-02
6.784563016536537816e+00 3.970221218873885849e-02
6.794184042062758166e+00 3.975030905773248996e-02
6.803805067588978517e+00 3.979898264913017680e-02
6.813426093115200644e+00 3.984714817959653099e-02
6.823047118641420994e+00 3.989437744929690000e-02
6.832668144167641344e+00 3.994315864937748872e-02
6.842289169693861695e+00 3.999678941664793624e-02
6.851910195220082045e+00 4.005856741895232748e-02
6.861531220746304172e+00 4.013149388355845976e-02
6.871152246272524522e+00 4.021317876111954459e-02
6.880773271798744872e+00 4.029653131979477748e-02
6.890394297324965223e+00 4.037430332003127953e-02
6.900015322851185573e+00 4.043925831434647816e-02
6.909636348377407700e+00 4.048813312709610007e-02
6.919257373903628050e+00 4.052739357229426936e-02
6.928878399429848400e+00 4.056496711530190036e-02
6.938499424956068751e+00 4.060878122147980329e-02
6.948120450482290877e+00 4.066550844084478727e-02
6.957741476008511228e+00 4.073278909450416679e-02
6.967362501534731578e+00 4.080430816817628981e-02
6.976983527060951928e+00 4.087373389760987769e-02
6.986604552587172279e+00 4.093495073770003073e-02
6.996225578113394405e+00 4.098743417571826253e-02
7.005846603639614756e+00 4.103661726699251583e-02
7.015467629165835106e+00 4.108822268580357429e-02
7.025088654692055457e+00 4.114796521076233976e-02
7.034709680218275807e+00 4.121896883693641073e-02
7.044330705744497934e+00 4.129804455520068307e-02
7.053951731270718284e+00 4.138106001045886023e-02
7.063572756796938634e+00 4.146388284761468729e-02
7.073193782323158985e+00 4.154300073945198929e-02
7.082814807849381111e+00 4.161838953025685794e-02
7.092435833375601462e+00 4.169124390889222820e-02
7.102056858901821812e+00 4.176275984093498483e-02
7.111677884428042162e+00 4.183413329196195019e-02
7.121298909954262513e+00 4.190656022754996740e-02
7.130919935480484639e+00 4.198123661327592820e-02
7.140540961006704990e+00 4.205935841471663411e-02
7.150161986532925340e+00 4.214208419556125795e-02
7.159783012059145690e+00 4.222910040672325782e-02
7.169404037585366041e+00 4.231817062659878892e-02
7.179025063111588167e+00 4.240692885843189847e-02
7.188646088637808518e+00 4.249301618587993101e-02
7.198267114164028868e+00 4.257579711612118067e-02
7.207888139690249218e+00 4.265859675076868335e-02
7.217509165216471345e+00 4.274529444080308466e-02
7.227130190742691696e+00 4.283976953705713464e-02
7.236751216268912046e+00 4.294437771430101997e-02
7.246372241795132396e+00 4.305546376268615943e-02
7.255993267321352747e+00 4.316789041872076682e-02
7.265614292847574873e+00 4.327652041891304896e-02
7.275235318373795224e+00 4.337693691548730884e-02
7.284856343900015574e+00 4.346937016950572219e-02
7.294477369426235924e+00 4.355589497277858463e-02
7.304098394952458051e+00 4.363859077682601811e-02
7.313719420478678401e+00 4.371953703316802664e-02
7.323340446004898752e+00 4.380081319332471135e-02
7.332961471531119102e+00 4.388449870881615256e-02
7.342582497057339452e+00 4.397267303116243753e-02
7.352203522583561579e+00 4.406728859501361090e-02
7.361824548109781929e+00 4.416830103308462541e-02
7.371445573636002280e+00 4.427407807044513033e-02
7.381066599162222630e+00 4.438294354240029244e-02
7.390687624688442980e+00 4.449324913234978945e-02
7.400308650214665107e+00 4.460400771584491220e-02
7.409929675740885457e+00 4.471490506116580083e-02
7.419550701267105808e+00 4.482565712502847161e-02
7.429171726793326158e+00 4.493597986414887835e-02
7.438792752319548285e+00 4.504558923524303732e-02
7.448413777845768635e+00 4.515420119502689539e-02
7.458034803371988986e+00 4.526153170021644107e-02
7.467655828898209336e+00 4.536730182976767695e-02
7.477276854424429686e+00 4.547147316948057377e-02
7.486897879950651813e+00 4.557434603185508276e-02
7.496518905476872163e+00 4.567624622059399814e-02
7.506139931003092514e+00 4.577750781625188059e-02
7.515760956529312864e+00 4.587894131445859058e-02
7.525381982055533214e+00 4.598208426983060176e-02
7.535003007581755341e+00 4.608853546778750310e-02
7.544624033107975691e+00 4.619986881690404945e-02
7.554245058634196042e+00 4.631612535921712098e-02
7.563866084160416392e+00 4.643494675281154005e-02
7.573487109686638519e+00 4.655376549293684801e-02
7.583108135212858869e+00 4.667004859378091203e-02
7.592729160739079219e+00 4.678323026994803124e-02
7.602350186265299570e+00 4.689573558929921449e-02
7.611971211791519920e+00 4.701024020124319747e-02
7.621592237317742047e+00 4.712938417648896566e-02
7.631213262843962397e+00 4.725416049674196345e-02
7.640834288370182747e+00 4.738325589512731167e-02
7.650455313896403098e+00 4.751518499365228049e-02
7.660076339422623448e+00 4.764845791067016945e-02
7.669697364948845575e+00 4.778143078743333355e-02
7.679318390475065925e+00 4.791227116116208301e-02
7.688939416001286276e+00 4.803913505058706596e-02
7.698560441527506626e+00 4.816026634507389326e-02
7.708181467053728753e+00 4.827600113836483936e-02
7.717802492579949103e+00 4.838880805398051987e-02
7.727423518106169453e+00 4.850125165207833794e-02
7.737044543632389804e+00 4.861589649281568282e-02
7.746665569158610154e+00 4.873530713634994377e-02
7.756286594684832281e+00 4.886204814283851006e-02
7.765907620211052631e+00 4.899868407243875706e-02
7.775528645737272981e+00 4.914718257520726830e-02
7.785149671263493332e+00 4.930314339458889000e-02
7.794770696789715458e+00 4.945831384371440764e-02
7.804391722315935809e+00 4.960438760473703801e-02
7.814012747842156159e+00 4.973411297780924029e-02
7.823633773368376509e+00 4.984760238191684317e-02
7.833254798894596860e+00 4.994810773685560285e-02
7.842875824420818986e+00 5.003889262875044902e-02
7.852496849947039337e+00 5.012497429104246366e-02
7.862117875473259687e+00 5.021920149375710962e-02
7.871738900999480038e+00 5.033660836712330194e-02
7.881359926525700388e+00 5.049221347772286234e-02
7.890980952051922515e+00 5.069014674710925483e-02
7.900601977578142865e+00 5.090462626234118493e-02
7.910223003104363215e+00 5.110477888212282965e-02
7.919844028630583566e+00 5.126002510101553000e-02
7.929465054156805692e+00 5.136101462428870751e-02
7.939086079683026043e+00 5.143356612434366731e-02
7.948707105209246393e+00 5.150680453310202411e-02
7.958328130735466743e+00 5.160893108711198801e-02
7.967949156261687094e+00 5.174765065077197718e-02
7.977570181787909220e+00 5.191057918705815205e-02
7.987191207314129571e+00 5.208449046801994636e-02
7.996812232840349921e+00 5.225699537796299476e-02
8.006433258366570271e+00 5.242365148498889793e-02
8.016054283892790622e+00 5.258440608724752191e-02
8.025675309419012748e+00 5.273925266698722275e-02
8.035296334945233099e+00 5.288818470645622466e-02
8.044917360471453449e+00 5.303119568790287675e-02
8.054538385997673799e+00 5.316827909357546567e-02
8.064159411523895926e+00 5.329942840572231971e-02
8.073780437050116277e+00 5.342463710659169779e-02
8.083401462576336627e+00 5.354389867843193512e-02
8.093022488102556977e+00 5.365720660349131838e-02
8.102643513628777328e+00 5.376470664387945214e-02
8.112264539154999454e+00 5.387047482771381568e-02
8.121885564681219805e+00 5.398277093538653149e-02
8.131506590207440155e+00 5.411005778649584375e-02
8.141127615733660505e+00 5.425933069898206118e-02
8.150748641259882632e+00 5.442522519290760030e-02
8.160369666786102982e+00 5.459618368481516243e-02
8.169990692312323333e+00 5.476060289207264342e-02
8.179611717838543683e+00 5.491017181106683243e-02
8.189232743364764033e+00 5.504758653740337432e-02
8.198853768890986160e+00 5.517784077902767453e-02
8.208474794417206510e+00 5.530591331748187234e-02
8.218095819943426861e+00 5.543611176995160567e-02
8.227716845469647211e+00 5.557181532039996014e-02
8.237337870995867561e+00 5.571633506830633853e-02
8.246958896522089688e+00 5.587248797271674589e-02
8.256579922048310038e+00 5.603813275669485006e-02
8.266200947574530389e+00 5.620826688483320649e-02
8.275821973100750739e+00 5.637785341286341567e-02
8.285442998626972866e+00 5.654302305570815812e-02
8.295064024153193216e+00 5.670385920749285158e-02
8.304685049679413567e+00 5.686128082631212305e-02
8.314306075205633917e+00 5.701620687026056483e-02
8.323927100731854267e+00 5.716955629743276923e-02
8.333548126258076394e+00 5.732224806592336325e-02
8.343169151784296744e+00 5.747520113382689061e-02
8.352790177310517095e+00 5.762905730291828510e-02
8.362411202836737445e+00 5.778239181590204276e-02
8.372032228362957795e+00 5.793284650737141189e-02
8.381653253889179922e+00 5.807807350232976895e-02
8.391274279415400272e+00 5.821928261431781604e-02
8.400895304941620623e+00 5.836583262277395684e-02
8.410516330467840973e+00 5.852821842343631370e-02
8.420137355994063100e+00 5.871593710141363720e-02
8.429758381520283450e+00 5.892349148291473049e-02
8.439379407046503800e+00 5.913380893497446195e-02
8.449000432572724151e+00 5.932951720302725301e-02
8.458621458098944501e+00 5.949762324113893469e-02
8.468242483625166628e+00 5.964153842436936692e-02
8.477863509151386978e+00 5.976851458010605522e-02
8.487484534677607328e+00 5.988580353573650511e-02
8.497105560203827679e+00 6.000065711864830537e-02
8.506726585730048029e+00 6.012032715622893375e-02
8.516347611256270156e+00 6.025206547586597905e-02
8.525968636782490506e+00 6.040083855000422108e-02
8.535589662308710857e+00 6.055966531160037608e-02
8.545210687834931207e+00 6.071767336887286953e-02
8.554831713361153334e+00 6.086414250934480547e-02
8.564452738887373684e+00 6.099524770161563608e-02
8.574073764413594034e+00 6.111667743241305101e-02
8.583694789939814385e+00 6.123481522125362453e-02
8.593315815466034735e+00 6.135604458765393787e-02
8.602936840992256862e+00 6.148674905113060696e-02
8.612557866518477212e+00 6.163331213120020607e-02
8.622178892044697562e+00 6.180197212540716745e-02
8.631799917570917913e+00 6.199126298983697464e-02
8.641420943097140039e+00 6.218832358046461062e-02
8.651041968623360390e+00 6.237937374668763718e-02
8.660662994149580740e+00 6.255298574389919763e-02
8.670284019675801090e+00 6.271219312861568695e-02
8.679905045202021441e+00 6.286552087285746104e-02
8.689526070728243567e+00 6.302137804645967234e-02
8.699147096254463918e+00 6.318260083410412453e-02
8.708768121780684268e+00 6.334438148889408315e-02
8.718389147306904619e+00 6.350135858120393995e-02
8.728010172833124969e+00 6.364957178889038558e-02
8.737631198359347096e+00 6.379232917815334802e-02
8.747252223885567446e+00 6.393528849323562580e-02
8.756873249411787796e+00 6.408400438220031303e-02
8.766494274938009923e+00 6.424113313137862213e-02
8.776115300464230273e+00 6.440612424005140446e-02
8.785736325990450624e+00 6.457826104333797002e-02
8.795357351516670974e+00 6.475631019836140811e-02
8.804978377042891324e+00 6.493710268951376208e-02
8.814599402569113451e+00 6.511701629042490613e-02
8.824220428095333801e+00 6.529256503630558039e-02
8.833841453621554152e+00 6.546233989077489268e-02
8.843462479147774502e+00 6.562655032862574345e-02
8.853083504673996629e+00 6.578544861163056201e-02
8.862704530200216979e+00 6.593928700156173606e-02
8.872325555726437329e+00 6.608831776019176429e-02
8.881946581252657680e+00 6.623279314929306216e-02
8.891567606778878030e+00 6.637356395631446859e-02
8.901188632305100157e+00 6.651619242893806738e-02
8.910809657831320507e+00 6.666847070453130186e-02
8.920430683357540858e+00 6.683799073071272634e-02
8.930051708883761208e+00 6.702363061863134130e-02
8.939672734409981558e+00 6.721270348737941325e-02
8.949293759936203685e+00 6.739172437275778305e-02
8.958914785462424035e+00 6.755117554746609132e-02
8.968535810988644386e+00 6.769668457522090566e-02
8.978156836514864736e+00 6.783749260610928700e-02
8.987777862041086863e+00 6.798242858143288547e-02
8.997398887567307213e+00 6.813525550009084941e-02
9.007019913093527563e+00 6.829633301018546432e-02
9.016640938619747914e+00 6.846592850182317558e-02
9.026261964145968264e+00 6.864204453199021505e-02
9.035882989672190391e+00 6.881883922391923702e-02
9.045504015198410741e+00 6.899009763159827391e-02
9.055125040724631091e+00 6.915164586650492107e-02
9.064746066250851442e+00 6.930853202451042749e-02
9.074367091777071792e+00 6.946840752326083335e-02
9.083988117303293919e+00 6.963843492403221092e-02
9.093609142829514269e+00 6.981929293551142335e-02
9.103230168355734619e+00 7.000706350182722693e-02
9.112851193881954970e+00 7.019773102740442527e-02
9.122472219408177097e+00 7.038727991666794692e-02
9.132093244934397447e+00 7.057169457404253998e-02
9.141714270460617797e+00 7.074695940518672954e-02
9.151335295986838148e+00 7.091044204418364694e-02
9.160956321513058498e+00 7.106488405896571603e-02
9.170577347039280625e+00 7.121433189153275611e-02
9.180198372565500975e+00 7.136230960216868868e-02
9.189819398091721325e+00 7.150724348226990268e-02
9.199440423617941676e+00 7.164468153461366062e-02
9.209061449144162026e+00 7.177060116680750168e-02
9.218682474670384153e+00 7.189578908714562566e-02
9.228303500196604503e+00 7.204862469514876355e-02
9.237924525722824853e+00 7.225844592309210723e-02
9.247545551249045204e+00 7.253120671028412403e-02
9.257166576775267330e+00 7.281495808039686879e-02
9.266787602301487681e+00 7.304894371924974816e-02
9.276408627827708031e+00 7.318623789865226492e-02
9.286029653353928381e+00 7.325397425249428884e-02
9.295650678880148732e+00 7.330397169893181075e-02
9.305271704406370858e+00 7.338494254401720096e-02
9.314892729932591209e+00 7.350762960817848468e-02
9.324513755458811559e+00 7.365746838415342113e-02
9.334134780985031909e+00 7.381960924065444907e-02
9.343755806511254036e+00 7.398537381213957098e-02
9.353376832037474387e+00 7.415376025979847352e-02
9.362997857563694737e+00 7.432424693917422109e-02
9.372618883089915087e+00 7.449631220580986424e-02
9.382239908616135438e+00 7.466943441524841185e-02
9.391860934142357564e+00 7.484309192303298386e-02
9.401481959668577915e+00 7.501651659510517878e-02
9.411102985194798265e+00 7.518787051397100851e-02
9.420724010721018615e+00 7.535502560850301790e-02
9.430345036247238966e+00 7.551620096955945216e-02
9.439966061773461092e+00 7.567247312734587394e-02
9.449587087299681443e+00 7.582632307491952994e-02
9.459208112825901793e+00 7.598023674234068159e-02
9.468829138352122143e+00 7.613661912781653773e-02
9.478450163878344270e+00 7.629780806634463286e-02
9.488071189404564620e+00 7.646607659385187827e-02
9.497692214930784971e+00 7.664104721294272282e-02
9.507313240457005321e+00 7.681877229323780254e-02
9.516934265983225671e+00 7.699505238910263338e-02
9.526555291509447798e+00 7.716568805490277294e-02
9.536176317035668148e+00 7.732647984500362615e-02
9.545797342561888499e+00 7.747322863292348261e-02
9.555418368088108849e+00 7.760533388288737289e-02
9.565039393614329200e+00 7.773471285261797370e-02
9.574660419140551326e+00 7.787600289564532152e-02
9.584281444666771677e+00 7.804096808068194946e-02
9.593902470192992027e+00 7.822544801465054765e-02
9.603523495719212377e+00 7.841979661898523801e-02
9.613144521245434504e+00 7.861436271900797135e-02
9.622765546771654854e+00 7.879949514004042088e-02
9.632386572297875205e+00 7.896554270740452353e-02
9.642007597824095555e+00 7.910410285830517252e-02
9.651628623350315905e+00 7.922455893745242173e-02
9.661249648876538032e+00 7.934954116413117653e-02
9.670870674402758382e+00 7.950099368028021307e-02
9.680491699928978733e+00 7.967640206950141191e-02
9.690112725455199083e+00 7.984798330647560616e-02
9.699733750981419433e+00 7.998736767967468131e-02
9.709354776507641560e+00 8.009281740181910247e-02
9.718975802033861910e+00 8.019982552196723569e-02
9.728596827560082261e+00 8.034640541149863646e-02
9.738217853086302611e+00 8.054453613040081505e-02
9.747838878612524738e+00 8.075785960783032902e-02
9.757459904138745088e+00 8.094482543599958169e-02
9.767080929664965439e+00 8.108404413213300688e-02
9.776701955191185789e+00 8.120305111881208349e-02
9.786322980717406139e+00 8.133665357226008141e-02
9.795944006243628266e+00 8.150699056768086204e-02
9.805565031769848616e+00 8.169668185119137449e-02
9.815186057296068967e+00 8.188066245401284804e-02
9.824807082822289317e+00 8.203997015805340742e-02
9.834428108348511444e+00 8.217962106541151779e-02
9.844049133874731794e+00 8.231051959813975860e-02
9.853670159400952144e+00 8.244357017829075096e-02
9.863291184927172495e+00 8.258967722791712984e-02
9.872912210453392845e+00 8.275974516907147471e-02
9.882533235979614972e+00 8.296100704561833183e-02
9.892154261505835322e+00 8.317950112443403543e-02
9.901775287032055672e+00 8.339367657221279095e-02
9.911396312558276023e+00 8.358473436810835711e-02
9.921017338084496373e+00 8.375249817914399986e-02
9.930638363610718500e+00 8.390448733677900728e-02
9.940259389136938850e+00 8.404793811394208058e-02
9.949880414663159200e+00 8.418772421553795404e-02
9.959501440189379551e+00 8.432762388413331256e-02
9.969122465715601678e+00 8.447081417721075125e-02
9.978743491241822028e+00 8.461539197268623524e-02
9.988364516768042378e+00 8.475688024043516455e-02
9.997985542294262729e+00 8.489176023710294505e-02
1.000760656782048308e+01 8.502553768678050572e-02
1.001722759334670521e+01 8.516859004100073294e-02
1.002684861887292556e+01 8.532987513917110467e-02
1.003646964439914591e+01 8.550413819500268797e-02
1.004609066992536626e+01 8.567814594205305778e-02
1.005571169545158661e+01 8.583970206985845619e-02
1.006533272097780873e+01 8.598772743070379199e-02
1.007495374650402908e+01 8.612748037739940965e-02
1.008457477203024943e+01 8.626429300431935621e-02
1.009419579755646978e+01 8.640349740583778970e-02
1.010381682308269191e+01 8.655042567632882655e-02
1.011343784860891226e+01 8.670927566047970103e-02
1.012305887413513261e+01 8.687358243429513238e-02
1.013267989966135296e+01 8.703103671686963916e-02
1.014230092518757331e+01 8.717117240019421620e-02
1.015192195071379544e+01 8.730024736283072129e-02
1.016154297624001579e+01 8.743319881329286725e-02
1.017116400176623614e+01 8.758288345542919462e-02
1.018078502729245649e+01 8.774492227231137087e-02
1.019040605281867862e+01 8.790666518636708338e-02
1.020002707834489897e+01 8.805730707179469652e-02
1.020964810387111932e+01 8.819952615164219911e-02
1.021926912939733967e+01 8.834183957693481082e-02
1.022889015492356002e+01 8.849126221223652111e-02
1.023851118044978215e+01 8.864539578488619953e-02
1.024813220597600250e+01 8.879825561810660017e-02
1.025775323150222285e+01 8.894471475124655913e-02
1.026737425702844320e+01 8.908417741776820942e-02
1.027699528255466355e+01 8.921752691970459559e-02
1.028661630808088567e+01 8.934609593304840280e-02
1.029623733360710602e+01 8.947317018413145084e-02
1.030585835913332637e+01 8.960256682834942532e-02
1.031547938465954672e+01 8.973810303213587691e-02
1.032510041018576885e+01 8.988359596192453671e-02
1.033472143571198920e+01 9.004285794976742141e-02
1.034434246123820955e+01 9.021565452507813998e-02
1.035396348676442990e+01 9.039035779905019163e-02
1.036358451229065025e+01 9.055338686891602207e-02
1.037320553781687238e+01 9.069873917860352130e-02
1.038282656334309273e+01 9.083714154108292471e-02
1.039244758886931308e+01 9.098145105105651109e-02
1.040206861439553343e+01 9.113613178717976104e-02
1.041168963992175378e+01 9.129130433175045023e-02
1.042131066544797591e+01 9.143587902751594554e-02
1.043093169097419626e+01 9.156639687433962282e-02
1.044055271650041661e+01 9.168936499405305751e-02
1.045017374202663696e+01 9.181196198326059543e-02
1.045979476755285908e+01 9.194136643856654079e-02
1.046941579307907944e+01 9.208475695657514226e-02
1.047903681860529979e+01 9.224810796810911651e-02
1.048865784413152014e+01 9.242092467622155250e-02
1.049827886965774049e+01 9.258078237004509214e-02
1.050789989518396261e+01 9.270774773864290386e-02
1.051752092071018296e+01 9.280612738818813656e-02
1.052714194623640331e+01 9.289280922813192287e-02
1.053676297176262366e+01 9.298478817711716693e-02
1.054638399728884401e+01 9.309905915378674512e-02
1.055600502281506614e+01 9.325261702223719418e-02
1.056562604834128649e+01 9.345214506197752069e-02
1.057524707386750684e+01 9.366521634016926334e-02
1.058486809939372719e+01 9.385019001937203176e-02
1.059448912491994932e+01 9.398549841751145661e-02
1.060411015044616967e+01 9.409911960293447508e-02
1.061373117597239002e+01 9.422624176216308489e-02
1.062335220149861037e+01 9.438195056946352413e-02
1.063297322702483072e+01 9.454887999546646160e-02
1.064259425255105285e+01 9.470728275018995557e-02
1.065221527807727320e+01 9.485180966986996032e-02
1.066183630360349355e+01 9.499230593194464556e-02
1.067145732912971390e+01 9.513843311947009496e-02
1.068107835465593602e+01 9.528851782385296121e-02
1.069069938018215637e+01 9.543319804735049539e-02
1.070032040570837673e+01 9.556454792487052707e-02
1.070994143123459708e+01 9.568548940587487395e-02
1.071956245676081743e+01 9.580349405185194234e-02
1.072918348228703955e+01 9.592476872092611795e-02
1.073880450781325990e+01 9.605049717960767452e-02
1.074842553333948025e+01 9.618063144109625928e-02
1.075804655886570060e+01 9.631512351859156107e-02
1.076766758439192095e+01 9.645392542529322710e-02
1.077728860991814308e+01 9.659687293696259114e-02
1.078690963544436343e+01 9.673910269702246101e-02
1.079653066097058378e+01 9.686954054432624084e-02
1.080615168649680413e+01 9.697756635216515930e-02
1.081577271202302626e+01 9.706586103625250428e-02
1.082539373754924661e+01 9.714741347507278857e-02
1.083501476307546696e+01 9.723547829086133520e-02
1.084463578860168731e+01 9.734328552316420802e-02
1.085425681412790766e+01 9.748405432259137082e-02
1.086387783965412979e+01 9.766335861774178007e-02
1.087349886518035014e+01 9.785850883494953689e-02
1.088311989070657049e+01 9.804038146264007492e-02
1.089274091623279084e+01 9.819134534664324121e-02
1.090236194175901119e+01 9.831602832265619318e-02
1.091198296728523331e+01 9.842161329290459448e-02
1.092160399281145367e+01 9.851543636321846709e-02
1.093122501833767402e+01 9.860499400138948711e-02
1.094084604386389437e+01 9.869740405097496283e-02
1.095046706939011649e+01 9.879607374660712149e-02
1.096008809491633684e+01 9.890234080235939251e-02
1.096970912044255719e+01 9.901752046924111594e-02
1.097933014596877754e+01 9.914292799826159019e-02
1.098895117149499789e+01 9.927985881723951078e-02
1.099857219702122002e+01 9.942620163685486623e-02
1.100819322254744037e+01 9.957260228447244177e-02
1.101781424807366072e+01 9.970901321310232657e-02
1.102743527359988107e+01 9.983142973570909018e-02
1.103705629912610142e+01 9.994228962928751459e-02
1.104667732465232355e+01 1.000451999310011247e-01
1.105629835017854390e+01 1.001514648538013308e-01
1.106591937570476425e+01 1.002764597825371445e-01
1.107554040123098460e+01 1.004278087957724552e-01
1.108516142675720673e+01 1.005830335509699386e-01
1.109478245228342708e+01 1.007126237210573400e-01
1.110440347780964743e+01 1.008073558700514627e-01
1.111402450333586778e+01 1.008934184470283990e-01
1.112364552886208813e+01 1.009992025884685896e-01
1.113326655438831025e+01 1.011304351792407935e-01
1.114288757991453060e+01 1.012741268796945870e-01
1.115250860544075096e+01 1.014179102950506089e-01
1.116212963096697131e+01 1.015565696308399352e-01
1.117175065649319343e+01 1.016875632822863834e-01
1.118137168201941378e+01 1.018083542885283854e-01
1.119099270754563413e+01 1.019164056887044284e-01
1.120061373307185448e+01 1.020095536408164721e-01
1.121023475859807483e+01 1.020958807403711116e-01
1.121985578412429696e+01 1.021947362261546172e-01
1.122947680965051731e+01 1.023223189254194865e-01
1.123909783517673766e+01 1.024647489750531021e-01
1.124871886070295801e+01 1.025936152141894570e-01
1.125833988622917836e+01 1.026912085858193990e-01
1.126796091175540049e+01 1.027730048140564345e-01
1.127758193728162084e+01 1.028605313050822007e-01
1.128720296280784119e+01 1.029642076008767532e-01
1.129682398833406154e+01 1.030804028336892858e-01
1.130644501386028367e+01 1.032045843090660525e-01
1.131606603938650402e+01 1.033322193325532240e-01
1.132568706491272437e+01 1.034587758077903097e-01
1.133530809043894472e+01 1.035817136922099341e-01
1.134492911596516507e+01 1.037049253687021139e-01
1.135455014149138719e+01 1.038334616699372465e-01
1.136417116701760754e+01 1.039673785728359723e-01
1.137379219254382789e+01 1.041004384117552306e-01
1.138341321807004825e+01 1.042260019493843337e-01
1.139303424359626860e+01 1.043374299484125939e-01
1.140265526912249072e+01 1.044280896877932130e-01
1.141227629464871107e+01 1.044981449306871951e-01
1.142189732017493142e+01 1.045674165621320040e-01
1.143151834570115177e+01 1.046587395030851436e-01
1.144113937122737390e+01 1.047809301023367168e-01
1.145076039675359425e+01 1.049275228455879144e-01
1.146038142227981460e+01 1.050869961045014234e-01
1.147000244780603495e+01 1.052190941540875752e-01
1.147962347333225530e+01 1.052719657496094807e-01
1.148924449885847743e+01 1.052406909072394758e-01
1.149886552438469778e+01 1.052251744869242833e-01
1.150848654991091813e+01 1.053323093437781022e-01
1.151810757543713848e+01 1.055498374572943904e-01
1.152772860096336061e+01 1.057675701263901813e-01
1.153734962648958096e+01 1.058974633763304501e-01
1.154697065201580131e+01 1.059658342828443262e-01
1.155659167754202166e+01 1.060311501789977656e-01
1.156621270306824201e+01 1.061256750898750684e-01
1.157583372859446413e+01 1.062420486387904706e-01
1.158545475412068448e+01 1.063696155415606026e-01
1.159507577964690483e+01 1.064977205140022198e-01
1.160469680517312518e+01 1.066157098623737309e-01
1.161431783069934554e+01 1.067139088902982202e-01
1.162393885622556766e+01 1.067852866182927574e-01
1.163355988175178801e+01 1.068248640629643198e-01
1.164318090727800836e+01 1.068590525565142751e-01
1.165280193280422871e+01 1.069428058076646593e-01
1.166242295833045084e+01 1.071111770862455542e-01
1.167204398385667119e+01 1.073005759254196528e-01
1.168166500938289154e+01 1.074197162521372678e-01
1.169128603490911189e+01 1.074433733727926527e-01
1.170090706043533224e+01 1.074416537436212460e-01
1.171052808596155437e+01 1.074839566075129899e-01
1.172014911148777472e+01 1.075756271094192168e-01
1.172977013701399507e+01 1.076917135944273629e-01
1.173939116254021542e+01 1.078131019967275284e-01
1.174901218806643577e+01 1.079338850076643069e-01
1.175863321359265790e+01 1.080500918341752020e-01
1.176825423911887825e+01 1.081601322068249382e-01
1.177787526464509860e+01 1.082640778476576665e-01
1.178749629017131895e+01 1.083620344414850251e-01
1.179711731569754107e+01 1.084541076731187492e-01
1.180673834122376142e+01 1.085404032273703800e-01
1.181635936674998177e+01 1.086210267890517500e-01
1.182598039227620212e+01 1.086960840429744973e-01
1.183560141780242247e+01 1.087676812200704946e-01
1.184522244332864460e+01 1.088468858879123730e-01
1.185484346885486495e+01 1.089466834088253927e-01
1.186446449438108530e+01 1.090589811692844469e-01
1.187408551990730565e+01 1.091493423281609254e-01
1.188370654543352600e+01 1.091903963147002748e-01
1.189332757095974813e+01 1.092061505100304364e-01
1.190294859648596848e+01 1.092389665930512260e-01
1.191256962201218883e+01 1.093083891142397207e-01
1.192219064753840918e+01 1.093987316718314229e-01
1.193181167306463131e+01 1.094930757360655094e-01
1.194143269859085166e+01 1.095875037042431666e-01
1.195105372411707201e+01 1.096838521317410886e-01
1.196067474964329236e+01 1.097821597077649064e-01
1.197029577516951271e+01 1.098791704039356609e-01
1.197991680069573484e+01 1.099712820727326984e-01
1.198953782622195519e+01 1.100548925666352817e-01
1.199915885174817554e+01 1.101264497957269439e-01
1.200877987727439589e+01 1.101892214479374688e-01
1.201840090280061801e+01 1.102601517299047346e-01
1.202802192832683836e+01 1.103545978585603049e-01
1.203764295385305871e+01 1.104576178872167525e-01
1.204726397937927906e+01 1.105377643754465178e-01
1.205688500490549941e+01 1.105821792849277785e-01
1.206650603043172154e+01 1.106175381822591397e-01
1.207612705595794189e+01 1.106730071044593894e-01
1.208574808148416224e+01 1.107534328831342729e-01
1.209536910701038259e+01 1.108500357194712044e-01
1.210499013253660294e+01 1.109538856856620431e-01
1.211461115806282507e+01 1.110560528538986069e-01
1.212423218358904542e+01 1.111480196126257702e-01
1.213385320911526577e+01 1.112250926680016516e-01
1.214347423464148612e+01 1.112846770862471607e-01
1.215309526016770825e+01 1.113273546126605784e-01
1.216271628569392860e+01 1.113599298085305306e-01
1.217233731122014895e+01 1.113899353609113518e-01
1.218195833674636930e+01 1.114249039568571548e-01
1.219157936227258965e+01 1.114723682834222185e-01
1.220120038779881178e+01 1.115398610276607250e-01
1.221082141332503213e+01 1.116349148766269395e-01
1.222044243885125248e+01 1.117611397061590711e-01
1.223006346437747283e+01 1.118944233067176580e-01
1.223968448990369318e+01 1.119991084476238963e-01
1.224930551542991530e+01 1.120613149351180060e-01
1.225892654095613565e+01 1.120997941892356298e-01
1.226854756648235600e+01 1.121344930559929065e-01
1.227816859200857635e+01 1.121769828272287661e-01
1.228778961753479848e+01 1.122355396688478751e-01
1.229741064306101883e+01 1.123069154023476623e-01
1.230703166858723918e+01 1.123739109064781777e-01
1.231665269411345953e+01 1.124229017178182133e-01
1.232627371963967988e+01 1.124593520126841856e-01
1.233589474516590201e+01 1.124937392054652791e-01
1.234551577069212236e+01 1.125335007144506877e-01
1.235513679621834271e+01 1.125832300755753024e-01
1.236475782174456306e+01 1.126474115123433511e-01
1.237437884727078341e+01 1.127305292482590204e-01
1.238399987279700554e+01 1.128355644568221489e-01
1.239362089832322589e+01 1.129464387178570339e-01
1.240324192384944624e+01 1.130340444965142466e-01
1.241286294937566659e+01 1.130814340585959143e-01
1.242248397490188871e+01 1.130986945490382589e-01
1.243210500042810907e+01 1.131013456289724217e-01
1.244172602595432942e+01 1.131197460667505011e-01
1.245134705148054977e+01 1.131905909319069620e-01
1.246096807700677012e+01 1.133133719764866515e-01
1.247058910253299224e+01 1.134329169618865235e-01
1.248021012805921259e+01 1.135024653616420742e-01
1.248983115358543294e+01 1.135377175799744814e-01
1.249945217911165329e+01 1.135720889994334265e-01
1.250907320463787542e+01 1.136103457606635059e-01
1.251869423016409577e+01 1.136298584423657554e-01
1.252831525569031612e+01 1.136181146177126094e-01
1.253793628121653647e+01 1.135954001794726026e-01
1.254755730674275682e+01 1.135879649310802125e-01
1.255717833226897895e+01 1.136220586759698198e-01
1.256679935779519930e+01 1.137234753064145371e-01
1.257642038332141965e+01 1.138814265639312984e-01
1.258604140884764000e+01 1.140223630664300297e-01
1.259566243437386035e+01 1.140835387133438406e-01
1.260528345990008248e+01 1.140948226601275206e-01
1.261490448542630283e+01 1.141159802193302264e-01
1.262452551095252318e+01 1.141721904395539000e-01
1.263414653647874353e+01 1.142543076156429388e-01
1.264376756200496565e+01 1.143443325729163740e-01
1.265338858753118600e+01 1.144031853320730679e-01
1.266300961305740636e+01 1.143954688686757010e-01
1.267263063858362671e+01 1.143552249651873381e-01
1.268225166410984706e+01 1.143535683635978489e-01
1.269187268963606918e+01 1.144159615814865222e-01
1.270149371516228953e+01 1.144991684114613356e-01
1.271111474068850988e+01 1.145631763331010911e-01
1.272073576621473023e+01 1.146065241207654961e-01
1.273035679174095058e+01 1.146382649825601480e-01
1.273997781726717271e+01 1.146674523630562825e-01
1.274959884279339306e+01 1.147030753088607163e-01
1.275921986831961341e+01 1.147445840875173928e-01
1.276884089384583376e+01 1.147718804593228642e-01
1.277846191937205589e+01 1.147695260679955781e-01
1.278808294489827624e+01 1.147643621485296417e-01
1.279770397042449659e+01 1.147972591946943427e-01
1.280732499595071694e+01 1.148724028493200433e-01
1.281694602147693729e+01 1.149579496402893392e-01
1.282656704700315942e+01 1.150295284732340967e-01
1.283618807252937977e+01 1.150857797770881569e-01
1.284580909805560012e+01 1.151289741241053322e-01
1.285543012358182047e+01 1.151613820865394766e-01
1.286505114910804259e+01 1.151852496378220903e-01
1.287467217463426294e+01 1.152021091870275432e-01
1.288429320016048329e+01 1.152126869001435933e-01
1.289391422568670365e+01 1.152182702665107139e-01
1.290353525121292400e+01 1.152218924617631618e-01
1.291315627673914612e+01 1.152268998311239689e-01
1.292277730226536647e+01 1.152366387198160008e-01
1.293239832779158682e+01 1.152544332104550179e-01
1.294201935331780717e+01 1.152829008475350636e-01
1.295164037884402752e+01 1.153238211955728842e-01
1.296126140437024965e+01 1.153756998674177608e-01
1.297088242989647000e+01 1.154275989245097944e-01
1.298050345542269035e+01 1.154694839088072911e-01
1.299012448094891070e+01 1.155121166865053089e-01
1.299974550647513283e+01 1.155751008108998473e-01
1.300936653200135318e+01 1.156476616564844767e-01
1.301898755752757353e+01 1.156848762716713996e-01
1.302860858305379388e+01 1.156674063640377031e-01
1.303822960858001423e+01 1.156491314243946328e-01
1.304785063410623636e+01 1.156847064582950807e-01
1.305747165963245671e+01 1.157506962624116620e-01
1.306709268515867706e+01 1.157924122991235844e-01
1.307671371068489741e+01 1.157916536389578255e-01
1.308633473621111776e+01 1.157658096534248948e-01
1.309595576173733988e+01 1.157337400884676237e-01
1.310557678726356023e+01 1.157143046900288436e-01
1.311519781278978058e+01 1.157220924797505018e-01
1.312481883831600094e+01 1.157486395270761054e-01
1.313443986384222306e+01 1.157786034248457774e-01
1.314406088936844341e+01 1.158095038916007735e-01
1.315368191489466376e+01 1.158485676104977630e-01
1.316330294042088411e+01 1.158914115518235866e-01
1.317292396594710446e+01 1.159138752367317865e-01
1.318254499147332659e+01 1.159015070480913928e-01
1.319216601699954694e+01 1.158842038744340303e-01
1.320178704252576729e+01 1.158977914292200900e-01
1.321140806805198764e+01 1.159340475213669619e-01
1.322102909357820799e+01 1.159614004634484385e-01
1.323065011910443012e+01 1.159726476640002835e-01
1.324027114463065047e+01 1.159891210795131328e-01
1.324989217015687082e+01 1.160244046175898797e-01
1.325951319568309117e+01 1.160689286615782800e-01
1.326913422120931330e+01 1.161096008234610150e-01
1.327875524673553365e+01 1.161333287152207794e-01
1.328837627226175400e+01 1.161286971014283687e-01
1.329799729778797435e+01 1.161080269655222902e-01
1.330761832331419470e+01 1.161006205988089901e-01
1.331723934884041682e+01 1.161020403974132587e-01
1.332686037436663717e+01 1.160565998282964834e-01
1.333648139989285752e+01 1.159438599239134837e-01
1.334610242541907787e+01 1.158676374037643092e-01
1.335572345094530000e+01 1.159304418041647022e-01
1.336534447647152035e+01 1.160559814673624984e-01
1.337496550199774070e+01 1.160992942352394308e-01
1.338458652752396105e+01 1.160433239220971247e-01
1.339420755305018140e+01 1.159797496530153849e-01
1.340382857857640353e+01 1.159662934943849061e-01
1.341344960410262388e+01 1.159984058279316249e-01
1.342307062962884423e+01 1.160631250437543643e-01
1.343269165515506458e+01 1.161389497090905276e-01
1.344231268068128493e+01 1.162025782610140445e-01
1.345193370620750706e+01 1.162307091365989281e-01
1.346155473173372741e+01 1.162021230483875484e-01
1.347117575725994776e+01 1.161312532329988878e-01
1.348079678278616811e+01 1.160622429242822579e-01
1.349041780831239024e+01 1.160255380619085591e-01
1.350003883383861059e+01 1.160285350535171373e-01
1.350965985936483094e+01 1.160672444160785050e-01
1.351928088489105129e+01 1.161091426393238701e-01
1.352890191041727164e+01 1.161217680718319711e-01
1.353852293594349376e+01 1.161063059159307687e-01
1.354814396146971411e+01 1.160767033451901853e-01
1.355776498699593446e+01 1.160469318943546796e-01
1.356738601252215481e+01 1.160306801861689247e-01
1.357700703804837516e+01 1.160309262624278775e-01
1.358662806357459729e+01 1.160369115398093426e-01
1.359624908910081764e+01 1.160403597015340627e-01
1.360587011462703799e+01 1.160409244583660293e-01
1.361549114015325834e+01 1.160393936502695927e-01
1.362511216567948047e+01 1.160365551172090059e-01
1.363473319120570082e+01 1.160331966991486052e-01
1.364435421673192117e+01 1.160301062360526853e-01
1.365397524225814152e+01 1.160274735232271204e-01
1.366359626778436187e+01 1.160139038978745957e-01
1.367321729331058400e+01 1.159679472000250816e-01
1.368283831883680435e+01 1.158947029121135536e-01
1.369245934436302470e+01 1.158413602229366179e-01
1.370208036988924505e+01 1.158339145710776258e-01
1.371170139541546540e+01 1.158297356316090182e-01
1.372132242094168753e+01 1.157890316060125185e-01
1.373094344646790788e+01 1.157452807832536346e-01
1.374056447199412823e+01 1.157486921032400973e-01
1.375018549752034858e+01 1.157906893346505872e-01
1.375980652304657070e+01 1.158314756579889027e-01
1.376942754857279105e+01 1.158522286851368238e-01
1.377904857409901140e+01 1.158537280173040779e-01
1.378866959962523175e+01 1.158374830336424965e-01
1.379829062515145210e+01 1.158050031133038699e-01
1.380791165067767423e+01 1.157577976354401961e-01
1.381753267620389458e+01 1.156973759792032791e-01
1.382715370173011493e+01 1.156278655800024452e-01
1.383677472725633528e+01 1.155648906683311161e-01
1.384639575278255741e+01 1.155272303896434927e-01
1.385601677830877776e+01 1.155336639759447781e-01
1.386563780383499811e+01 1.155990597324350472e-01
1.387525882936121846e+01 1.156820521834547588e-01
1.388487985488743881e+01 1.157010775283975335e-01
1.389450088041366094e+01 1.156355493451360350e-01
1.390412190593988129e+01 1.155380827133931643e-01
1.391374293146610164e+01 1.154511653086200407e-01
1.392336395699232199e+01 1.153904665872417523e-01
1.393298498251854234e+01 1.153631617199860904e-01
1.394260600804476447e+01 1.153597394764134670e-01
1.395222703357098482e+01 1.153675713247823420e-01
1.396184805909720517e+01 1.153740287333511333e-01
1.397146908462342552e+01 1.153664831703783006e-01
1.398109011014964764e+01 1.153323061041222758e-01
1.399071113567586799e+01 1.152616716653527273e-01
1.400033216120208834e+01 1.151847230079142137e-01
1.400995318672830869e+01 1.151585655770515915e-01
1.401957421225452904e+01 1.151607142068562101e-01
1.402919523778075117e+01 1.150802587831669666e-01
1.403881626330697152e+01 1.149029044174756237e-01
1.404843728883319187e+01 1.147835020939364931e-01
1.405805831435941222e+01 1.148186666557129698e-01
1.406767933988563257e+01 1.149175380151870318e-01
1.407730036541185470e+01 1.149806461807073715e-01
1.408692139093807505e+01 1.149877713394913126e-01
1.409654241646429540e+01 1.149416341168923855e-01
1.410616344199051575e+01 1.148674593926802129e-01
1.411578446751673788e+01 1.147987652424086735e-01
1.412540549304295823e+01 1.147690827644601841e-01
1.413502651856917858e+01 1.148063122702838862e-01
1.414464754409539893e+01 1.148518647723079100e-01
1.415426856962161928e+01 1.147839814851508156e-01
1.416388959514784140e+01 1.146067386558934642e-01
1.417351062067406176e+01 1.144644859429176514e-01
1.418313164620028211e+01 1.144309038302320780e-01
1.419275267172650246e+01 1.144578469371741458e-01
1.420237369725272458e+01 1.144978785386060599e-01
1.421199472277894493e+01 1.145285276853299922e-01
1.422161574830516528e+01 1.145306626474197204e-01
1.423123677383138563e+01 1.144851516949491332e-01
1.424085779935760598e+01 1.143839655670593758e-01
1.425047882488382811e+01 1.142692963338548251e-01
1.426009985041004846e+01 1.141905085821958710e-01
1.426972087593626881e+01 1.141514500824800105e-01
1.427934190146248916e+01 1.141378185260887024e-01
1.428896292698870951e+01 1.141352645133068971e-01
1.429858395251493164e+01 1.141299081996741682e-01
1.430820497804115199e+01 1.141144955637350827e-01
1.431782600356737234e+01 1.140866207910988112e-01
1.432744702909359269e+01 1.140427610291190191e-01
1.433706805461981482e+01 1.139786169517383319e-01
1.434668908014603517e+01 1.139067207627590811e-01
1.435631010567225552e+01 1.138610842424251091e-01
1.436593113119847587e+01 1.138442768679368139e-01
1.437555215672469622e+01 1.138028910874104987e-01
1.438517318225091834e+01 1.137036627236063108e-01
1.439479420777713869e+01 1.135707908026471064e-01
1.440441523330335905e+01 1.134362972165675332e-01
1.441403625882957940e+01 1.133322038541350885e-01
1.442365728435579975e+01 1.132822567499450761e-01
1.443327830988202187e+01 1.132778243025752279e-01
1.444289933540824222e+01 1.133023579859225166e-01
1.445252036093446257e+01 1.133393092738839425e-01
1.446214138646068292e+01 1.133712516025960071e-01
1.447176241198690505e+01 1.133748293667589946e-01
1.448138343751312540e+01 1.133290488393674106e-01
1.449100446303934575e+01 1.132557770122242374e-01
1.450062548856556610e+01 1.131955847432980916e-01
1.451024651409178645e+01 1.131443396654231021e-01
1.451986753961800858e+01 1.130702999861620123e-01
1.452948856514422893e+01 1.129702877038042258e-01
1.453910959067044928e+01 1.128646172977785661e-01
1.454873061619666963e+01 1.127742753707976497e-01
1.455835164172288998e+01 1.127195368491555327e-01
1.456797266724911211e+01 1.126975198532638583e-01
1.457759369277533246e+01 1.126779119014882924e-01
1.458721471830155281e+01 1.126424317283712812e-01
1.459683574382777316e+01 1.125924963948968655e-01
1.460645676935399528e+01 1.125310558055059029e-01
1.461607779488021563e+01 1.124610598646393206e-01
1.462569882040643598e+01 1.123854584767379344e-01
1.463531984593265634e+01 1.123072154499094727e-01
1.464494087145887669e+01 1.122341407488545301e-01
1.465456189698509881e+01 1.121859722463249415e-01
1.466418292251131916e+01 1.121709128491422541e-01
1.467380394803753951e+01 1.121581345184610307e-01
1.468342497356375986e+01 1.121198395858849367e-01
1.469304599908998199e+01 1.120632826992970787e-01
1.470266702461620234e+01 1.120032940944168942e-01
1.471228805014242269e+01 1.119547040069639177e-01
1.472190907566864304e+01 1.119285207334345666e-01
1.473153010119486339e+01 1.119176150391875540e-01
1.474115112672108552e+01 1.119089166729576867e-01
1.475077215224730587e+01 1.118862410977895516e-01
1.476039317777352622e+01 1.118323392395288440e-01
1.477001420329974657e+01 1.117299610976131702e-01
1.477963522882596692e+01 1.115716887083573194e-01
1.478925625435218905e+01 1.114214546592260519e-01
1.479887727987840940e+01 1.113615094162944963e-01
1.480849830540462975e+01 1.113654211360263629e-01
1.481811933093085010e+01 1.113588224263674931e-01
1.482774035645707222e+01 1.113211913702571720e-01
1.483736138198329257e+01 1.112616844934205818e-01
1.484698240750951292e+01 1.111897612348139441e-01
1.485660343303573327e+01 1.111148810333933978e-01
1.486622445856195363e+01 1.110465033281151648e-01
1.487584548408817575e+01 1.109930549127639832e-01
1.488546650961439610e+01 1.109492496700175690e-01
1.489508753514061645e+01 1.109006747383849828e-01
1.490470856066683680e+01 1.108416333389413699e-01
1.491432958619305715e+01 1.107732285336153061e-01
1.492395061171927928e+01 1.106967343489964894e-01
1.493357163724549963e+01 1.106134248116746183e-01
1.494319266277171998e+01 1.105245739482393907e-01
1.495281368829794033e+01 1.104318697944634275e-01
1.496243471382416246e+01 1.103449866842709653e-01
1.497205573935038281e+01 1.102792249505539918e-01
1.498167676487660316e+01 1.102171571870432659e-01
1.499129779040282351e+01 1.101135927979653012e-01
1.500091881592904386e+01 1.099960759822944667e-01
1.501053984145526599e+01 1.099597375861072063e-01
1.502016086698148634e+01 1.099930394122903970e-01
1.502978189250770669e+01 1.099772183861620067e-01
1.503940291803392704e+01 1.098660717437027895e-01
1.504902394356014739e+01 1.096931795646176738e-01
1.505864496908636951e+01 1.094977263209969132e-01
1.506826599461258986e+01 1.093209407991310861e-01
1.507788702013881021e+01 1.092041480090023137e-01
1.508750804566503056e+01 1.091861187160303864e-01
1.509712907119125269e+01 1.092404793221124493e-01
1.510675009671747304e+01 1.092745884921265120e-01
1.511637112224369339e+01 1.092593343495547042e-01
1.512599214776991374e+01 1.092345149317023589e-01
1.513561317329613409e+01 1.092064386825299938e-01
1.514523419882235622e+01 1.091444897855757407e-01
1.515485522434857657e+01 1.090512715187301612e-01
1.516447624987479692e+01 1.089642721461753505e-01
1.517409727540101727e+01 1.089006224237696052e-01
1.518371830092723940e+01 1.088554870342348518e-01
1.519333932645345975e+01 1.088230768792993186e-01
1.520296035197968010e+01 1.087975739062093800e-01
1.521258137750590045e+01 1.087725696737555231e-01
1.522220240303212080e+01 1.087411045106628366e-01
1.523182342855834293e+01 1.086961976344174019e-01
1.524144445408456328e+01 1.086308682625053978e-01
1.525106547961078363e+01 1.085381356124129892e-01
1.526068650513700398e+01 1.084132926269341796e-01
1.527030753066322433e+01 1.082879058988337612e-01
1.527992855618944645e+01 1.082177783423771411e-01
1.528954958171566680e+01 1.081887475912655244e-01
1.529917060724188715e+01 1.081383357115643512e-01
1.530879163276810750e+01 1.080683439629595566e-01
1.531841265829432963e+01 1.080192538099486177e-01
1.532803368382054998e+01 1.079459142265879606e-01
1.533765470934677033e+01 1.077614986899926575e-01
1.534727573487299068e+01 1.075314060051780901e-01
1.535689676039921103e+01 1.073984842187971633e-01
1.536651778592543316e+01 1.073757843414075985e-01
1.537613881145165351e+01 1.074049757713036179e-01
1.538575983697787386e+01 1.074270104447270779e-01
1.539538086250409421e+01 1.073920403587426270e-01
1.540500188803031456e+01 1.073172360815379395e-01
1.541462291355653669e+01 1.072425308209546263e-01
1.542424393908275704e+01 1.071638755243005670e-01
1.543386496460897739e+01 1.070637756058608614e-01
1.544348599013519774e+01 1.069466467504703033e-01
1.545310701566141987e+01 1.068258466507236160e-01
1.546272804118764022e+01 1.067211500256459444e-01
1.547234906671386057e+01 1.066542760825743563e-01
1.548197009224008092e+01 1.066469436850352309e-01
1.549159111776630127e+01 1.066993384056747762e-01
1.550121214329252339e+01 1.067339273002083228e-01
1.551083316881874374e+01 1.066834514722901084e-01
1.552045419434496409e+01 1.065664157507231063e-01
1.553007521987118444e+01 1.064178062415828407e-01
1.553969624539740657e+01 1.062726090509447940e-01
1.554931727092362692e+01 1.061658102848845875e-01
1.555893829644984727e+01 1.061319226912031122e-01
1.556855932197606762e+01 1.061537483234309132e-01
1.557818034750228797e+01 1.061178035379098661e-01
1.558780137302851010e+01 1.059827608235288932e-01
1.559742239855473045e+01 1.058383733113180541e-01
1.560704342408095080e+01 1.057379493211146049e-01
1.561666444960717115e+01 1.056700467052025250e-01
1.562628547513339150e+01 1.056186815266187545e-01
1.563590650065961363e+01 1.055684150702834168e-01
1.564552752618583398e+01 1.055150387400621559e-01
1.565514855171205433e+01 1.054644736807745925e-01
1.566476957723827468e+01 1.054166941502380633e-01
1.567439060276449680e+01 1.053667259707120885e-01
1.568401162829071716e+01 1.053094643925608920e-01
1.569363265381693751e+01 1.052398046661486841e-01
1.570325367934315786e+01 1.051526420418396890e-01
1.571287470486937821e+01 1.050454096063121595e-01
1.572249573039560033e+01 1.049329046196027238e-01
1.573211675592182068e+01 1.048371938386946922e-01
1.574173778144804103e+01 1.047803686449943761e-01
1.575135880697426138e+01 1.047680830491108800e-01
1.576097983250048173e+01 1.047378167030580398e-01
1.577060085802670386e+01 1.046440896667169274e-01
1.578022188355292421e+01 1.045529883320007042e-01
1.578984290907914456e+01 1.045172521018099820e-01
1.579946393460536491e+01 1.045005595108975532e-01
1.580908496013158704e+01 1.044681870921443795e-01
1.581870598565780739e+01 1.044150629851720302e-01
1.582832701118402774e+01 1.043395200092288311e-01
1.583794803671024809e+01 1.042402409530834989e-01
1.584756906223646844e+01 1.041270020481438602e-01
1.585719008776269057e+01 1.040219266433531492e-01
1.586681111328891092e+01 1.039328414822608682e-01
1.587643213881513127e+01 1.038538705185182986e-01
1.588605316434135162e+01 1.037803058208641577e-01
1.589567418986757197e+01 1.037086324220093947e-01
1.590529521539379409e+01 1.036353607052242637e-01
1.591491624092001445e+01 1.035570010537791713e-01
1.592453726644623480e+01 1.034700638509443993e-01
1.593415829197245515e+01 1.033735089068852225e-01
1.594377931749867727e+01 1.032780449029327974e-01
1.595340034302489762e+01 1.031955661754283132e-01
1.596302136855111797e+01 1.031298558160260170e-01
1.597264239407733832e+01 1.030829348924879457e-01
1.598226341960355867e+01 1.030567327783339926e-01
1.599188444512978080e+01 1.030438078701641919e-01
1.600150547065599937e+01 1.030196733508086104e-01
1.601112649618222150e+01 1.029707615908777157e-01
1.602074752170844008e+01 1.029009645360145636e-01
1.603036854723466220e+01 1.028154291278805393e-01
1.603998957276088433e+01 1.027192603325813719e-01
1.604961059828710290e+01 1.026169711430491155e-01
1.605923162381332503e+01 1.025126366378882742e-01
1.606885264933954360e+01 1.024103216122386056e-01
1.607847367486576573e+01 1.023140908612397287e-01
1.608809470039198786e+01 1.022280091800314150e-01
1.609771572591820643e+01 1.021550087983756627e-01
1.610733675144442856e+01 1.020932350172151920e-01
1.611695777697064713e+01 1.020395686443336392e-01
1.612657880249686926e+01 1.019908904800969074e-01
1.613619982802309138e+01 1.019440813248708722e-01
1.614582085354930996e+01 1.018960219790214505e-01
1.615544187907553209e+01 1.018435932429145041e-01
1.616506290460175421e+01 1.017839733808087455e-01
1.617468393012797279e+01 1.017211913066214529e-01
1.618430495565419491e+01 1.016653741243986886e-01
1.619392598118041349e+01 1.016170267426427659e-01
1.620354700670663561e+01 1.015696809014843549e-01
1.621316803223285774e+01 1.015167234515861744e-01
1.622278905775907631e+01 1.014515412436108044e-01
1.623241008328529844e+01 1.013675216700410248e-01
1.624203110881151702e+01 1.012627952155611966e-01
1.625165213433773914e+01 1.011517805968590311e-01
1.626127315986396127e+01 1.010523902134239510e-01
1.627089418539017984e+01 1.009822243194959807e-01
1.628051521091640197e+01 1.009408870160981297e-01
1.629013623644262054e+01 1.009010969186626833e-01
1.629975726196884267e+01 1.008478956001382931e-01
1.630937828749506480e+01 1.007816325067069085e-01
1.631899931302128337e+01 1.007049563036516437e-01
1.632862033854750550e+01 1.006216492506690624e-01
1.633824136407372407e+01 1.005356283140990264e-01
1.634786238959994620e+01 1.004508624366173414e-01
1.635748341512616832e+01 1.003713199188471933e-01
1.636710444065238690e+01 1.002995120473590407e-01
1.637672546617860903e+01 1.002335470030618209e-01
1.638634649170482760e+01 1.001707044575289862e-01
1.639596751723104973e+01 1.001082640823338921e-01
1.640558854275727185e+01 1.000435055490499076e-01
1.641520956828349043e+01 9.997370852925048512e-02
1.642483059380971255e+01 9.989615269450886903e-02
1.643445161933593468e+01 9.980951409550724296e-02
1.644407264486215325e+01 9.972527130103910065e-02
1.645369367038837538e+01 9.965831242699842163e-02
1.646331469591459395e+01 9.960480834203185030e-02
1.647293572144081608e+01 9.955679101321819602e-02
1.648255674696703821e+01 9.951347312201219708e-02
1.649217777249325678e+01 9.947553797070911308e-02
1.650179879801947891e+01 9.944343331956821685e-02
1.651141982354569748e+01 9.940878647149462011e-02
1.652104084907191961e+01 9.935293003053970173e-02
1.653066187459814174e+01 9.927228234963002274e-02
1.654028290012436031e+01 9.917612247428964078e-02
1.654990392565058244e+01 9.907410222283277723e-02
1.655952495117680101e+01 9.897587341357376445e-02
1.656914597670302314e+01 9.889108458107129240e-02
1.657876700222924526e+01 9.882597639062916384e-02
1.658838802775546384e+01 9.877693889341923605e-02
1.659800905328168596e+01 9.873859271786027125e-02
1.660763007880790454e+01 9.870562915259965819e-02
1.661725110433412667e+01 9.867459512853950232e-02
1.662687212986034879e+01 9.864403106818250833e-02
1.663649315538656737e+01 9.861257566851372447e-02
1.664611418091278949e+01 9.857886762651815737e-02
1.665573520643901162e+01 9.854154563918086918e-02
1.666535623196523019e+01 9.849924840348686650e-02
1.667497725749145232e+01 9.845061461642116984e-02
1.668459828301767089e+01 9.839428297496885523e-02
1.669421930854389302e+01 9.832889217611490151e-02
1.670384033407011515e+01 9.825308091684435696e-02
1.671346135959633372e+01 9.816548789414229759e-02
1.672308238512255585e+01 9.806475180499370226e-02
1.673270341064877442e+01 9.795161182535480626e-02
1.674232443617499655e+01 9.784216766763693951e-02
1.675194546170121868e+01 9.775934029136638947e-02
1.676156648722743725e+01 9.772591857573434404e-02
1.677118751275365938e+01 9.773034436472796682e-02
1.678080853827987795e+01 9.768640194580674452e-02
1.679042956380610008e+01 9.756988857189019537e-02
1.680005058933231865e+01 9.744721006502871097e-02
1.680967161485854078e+01 9.734787439711709012e-02
1.681929264038476290e+01 9.726864227649480166e-02
1.682891366591098148e+01 9.720545679975053921e-02
1.683853469143720361e+01 9.715426106347284374e-02
1.684815571696342218e+01 9.711099816425045050e-02
1.685777674248964431e+01 9.707161119867203924e-02
1.686739776801586643e+01 9.703210153948048367e-02
1.687701879354208501e+01 9.699031656763093534e-02
1.688663981906830713e+01 9.694628383522531367e-02
1.689626084459452571e+01 9.690015658358520911e-02
1.690588187012074783e+01 9.685220026681866379e-02
1.691550289564696996e+01 9.680336056078144014e-02
1.692512392117318853e+01 9.675483810427881748e-02
1.693474494669941066e+01 9.670782557989172912e-02
1.694436597222563279e+01 9.666284799964104668e-02
1.695398699775185136e+01 9.661928874119297961e-02
1.696360802327807349e+01 9.657641934619184965e-02
1.697322904880429206e+01 9.653351135628210344e-02
1.698285007433051419e+01 9.648983631310803499e-02
1.699247109985673632e+01 9.644466575831407706e-02
1.700209212538295489e+01 9.639727123354455141e-02
1.701171315090917702e+01 9.634692428044386303e-02
1.702133417643539559e+01 9.629291793807957800e-02
1.703095520196161772e+01 9.623532059731199073e-02
1.704057622748783984e+01 9.617517426702688887e-02
1.705019725301405842e+01 9.611358275238889026e-02
1.705981827854028055e+01 9.605164985856269599e-02
1.706943930406649912e+01 9.599047915623724891e-02
1.707906032959272125e+01 9.593089419141578866e-02
1.708868135511894337e+01 9.587289597324291646e-02
1.709830238064516195e+01 9.581633525278344943e-02
1.710792340617138407e+01 9.576106278110219083e-02
1.711754443169760265e+01 9.570692930926401332e-02
1.712716545722382477e+01 9.565378558833373401e-02
1.713678648275004690e+01 9.560148236937615618e-02
1.714640750827626547e+01 9.554987040345619409e-02
1.715602853380248760e+01 9.549877491474914604e-02
1.716564955932870618e+01 9.544589039197415303e-02
1.717527058485492830e+01 9.538520847946083125e-02
1.718489161038115043e+01 9.531035044613475615e-02
1.719451263590736900e+01 9.521650828603249461e-02
1.720413366143359113e+01 9.511135163672509996e-02
1.721375468695981326e+01 9.500850177039761590e-02
1.722337571248603183e+01 9.492161664784161401e-02
1.723299673801225396e+01 9.486435422984855481e-02
1.724261776353847253e+01 9.485037247720992659e-02
1.725223878906469466e+01 9.489332935071721764e-02
1.726185981459091678e+01 9.499258541002099376e-02
1.727148084011713536e+01 9.503185332194412360e-02
1.728110186564335748e+01 9.489845751828102083e-02
1.729072289116957606e+01 9.470000390643035226e-02
1.730034391669579819e+01 9.454012570274876459e-02
1.730996494222202031e+01 9.442344511292347087e-02
1.731958596774823889e+01 9.434429326373360014e-02
1.732920699327446101e+01 9.429700128195805942e-02
1.733882801880067959e+01 9.427590029437589447e-02
1.734844904432690171e+01 9.427532142776610946e-02
1.735807006985312384e+01 9.428959580890775016e-02
1.736769109537934241e+01 9.431305456457973746e-02
1.737731212090556454e+01 9.434002882156115877e-02
1.738693314643178311e+01 9.436484970663096272e-02
1.739655417195800524e+01 9.438244887384222848e-02
1.740617519748422737e+01 9.439163629824387503e-02
1.741579622301044594e+01 9.439276299365230438e-02
1.742541724853666807e+01 9.438618389137586051e-02
1.743503827406289020e+01 9.437225392272294289e-02
1.744465929958910877e+01 9.435132801900189548e-02
1.745428032511533090e+01 9.432376111152108999e-02
1.746390135064154947e+01 9.428990813158889817e-02
1.747352237616777160e+01 9.425012401051362232e-02
1.748314340169399372e+01 9.420476367960370356e-02
1.749276442722021230e+01 9.415418207016745811e-02
1.750238545274643442e+01 9.409873411351325767e-02
1.751200647827265300e+01 9.403877474094948785e-02
1.752162750379887513e+01 9.397465888378447874e-02
1.753124852932509725e+01 9.390674147332660204e-02
1.754086955485131583e+01 9.383537744088425725e-02
1.755049058037753795e+01 9.376092171776574669e-02
1.756011160590375653e+01 9.368385077739727063e-02
1.756973263142997865e+01 9.360661109684317860e-02
1.757935365695620078e+01 9.353324701719238632e-02
1.758897468248241935e+01 9.346784896950445509e-02
1.759859570800864148e+01 9.341450738483875194e-02
1.760821673353486005e+01 9.337709137379322788e-02
1.761783775906108218e+01 9.335233808834302038e-02
1.762745878458730431e+01 9.332849156181990957e-02
1.763707981011352288e+01 9.329329967263534640e-02
1.764670083563974501e+01 9.323867632810806105e-02
1.765632186116596358e+01 9.317271497874465847e-02
1.766594288669218571e+01 9.310743632032798811e-02
1.767556391221840784e+01 9.305432809481056777e-02
1.768518493774462641e+01 9.301667574121798288e-02
1.769480596327084854e+01 9.299133200985500169e-02
1.770442698879707066e+01 9.297497718545706669e-02
1.771404801432328924e+01 9.296429155275952316e-02
1.772366903984951136e+01 9.295595539649778583e-02
1.773329006537572994e+01 9.294664900140724162e-02
1.774291109090195206e+01 9.293335726601885394e-02
1.775253211642817419e+01 9.291548164759524941e-02
1.776215314195439277e+01 9.289357494268890569e-02
1.777177416748061489e+01 9.286819701214717171e-02
1.778139519300683347e+01 9.283990771681757681e-02
1.779101621853305559e+01 9.280926691754744218e-02
1.780063724405927772e+01 9.277683447518429716e-02
1.781025826958549629e+01 9.274317025057556008e-02
1.781987929511171842e+01 9.270883410456857987e-02
1.782950032063793699e+01 9.267438589801091364e-02
1.783912134616415912e+01 9.264038549174989645e-02
1.784874237169038125e+01 9.260739274663301601e-02
1.785836339721659982e+01 9.257596752350766289e-02
1.786798442274282195e+01 9.254666790347332306e-02
1.787760544826904052e+01 9.251976709004522403e-02
1.788722647379526265e+01 9.249494300083466181e-02
1.789684749932148478e+01 9.247179890630931320e-02
1.790646852484770335e+01 9.244993807693675791e-02
1.791608955037392548e+01 9.242896378318465889e-02
1.792571057590014760e+01 9.240847929552066520e-02
1.793533160142636618e+01 9.238808788441241204e-02
1.794495262695258830e+01 9.236739282032750686e-02
1.795457365247880688e+01 9.234599737373361261e-02
1.796419467800502900e+01 9.232350481509832285e-02
1.797381570353125113e+01 9.229951841488932829e-02
1.798343672905746971e+01 9.227364144357425024e-02
1.799305775458369183e+01 9.224547717162069616e-02
1.800267878010991041e+01 9.221462886949630122e-02
1.801229980563613253e+01 9.218069980766871452e-02
1.802192083116235466e+01 9.214329325660555736e-02
1.803154185668857323e+01 9.210201248677452046e-02
1.804116288221479536e+01 9.205646076864315575e-02
1.805078390774101393e+01 9.200682301876927927e-02
1.806040493326723606e+01 9.195841735414808649e-02
1.807002595879345819e+01 9.191923522579066586e-02
1.807964698431967676e+01 9.189710167583020617e-02
1.808926800984589889e+01 9.189272422736982637e-02
1.809888903537211746e+01 9.189770449859001322e-02
1.810851006089833959e+01 9.190305004051788074e-02
1.811813108642456172e+01 9.190181834103733349e-02
1.812775211195078029e+01 9.189368728010437193e-02
1.813737313747700242e+01 9.187966873113939670e-02
1.814699416300322099e+01 9.186077456756279458e-02
1.815661518852944312e+01 9.183801666279500786e-02
1.816623621405566524e+01 9.181240689025640944e-02
1.817585723958188382e+01 9.178495712336738610e-02
1.818547826510810594e+01 9.175667923554835237e-02
1.819509929063432807e+01 9.172858510021973666e-02
1.820472031616054664e+01 9.170168637494317820e-02
1.821434134168676877e+01 9.167674119557485402e-02
1.822396236721298735e+01 9.165376439857055024e-02
1.823358339273920947e+01 9.163263530192643225e-02
1.824320441826543160e+01 9.161323322363881805e-02
1.825282544379165017e+01 9.159543748170395627e-02
1.826244646931787230e+01 9.157912739411813718e-02
1.827206749484409087e+01 9.156418227887760941e-02
1.828168852037031300e+01 9.155048145397863546e-02
1.829130954589653513e+01 9.153790423741756110e-02
1.830093057142275370e+01 9.152632994719055171e-02
1.831055159694897583e+01 9.151563790129395304e-02
1.832017262247519440e+01 9.150570741772401373e-02
1.832979364800141653e+01 9.149641781447696853e-02
1.833941467352763866e+01 9.148764840954912159e-02
1.834903569905385723e+01 9.147927852093677703e-02
1.835865672458007936e+01 9.147118746663611411e-02
1.836827775010629793e+01 9.146325456464347858e-02
1.837789877563252006e+01 9.145535913295511909e-02
1.838751980115874218e+01 9.144738048956731202e-02
1.839714082668496076e+01 9.143919795247629212e-02
1.840676185221118288e+01 9.143069083967839128e-02
1.841638287773740501e+01 9.142173846916981650e-02
1.842600390326362358e+01 9.141222015894689967e-02
1.843562492878984571e+01 9.140201522700586168e-02
1.844524595431606429e+01 9.139100299134297889e-02
1.845486697984228641e+01 9.137906276995451382e-02
1.846448800536850854e+01 9.136607388083679837e-02
1.847410903089472711e+01 9.135191660393986168e-02
1.848373005642094924e+01 9.133693770676711010e-02
1.849335108194716781e+01 9.132269915231169821e-02
1.850297210747338994e+01 9.131095827016588728e-02
1.851259313299961207e+01 9.130316919549680277e-02
1.852221415852583064e+01 9.129905746884656170e-02
1.853183518405205277e+01 9.129773694636326986e-02
1.854145620957827134e+01 9.129832077466878970e-02
1.855107723510449347e+01 9.129992210038513634e-02
1.856069826063071559e+01 9.130165407013424161e-02
1.857031928615693417e+01 9.130263836548813128e-02
1.857994031168315630e+01 9.130238534761707381e-02
1.858956133720937487e+01 9.130094590557118195e-02
1.859918236273559700e+01 9.129841087223772300e-02
1.860880338826181912e+01 9.129487108050389488e-02
1.861842441378803770e+01 9.129041736325686773e-02
1.862804543931425982e+01 9.128514055338381172e-02
1.863766646484047840e+01 9.127913148377200803e-02
1.864728749036670052e+01 9.127248098730866843e-02
1.865690851589292265e+01 9.126527989688093534e-02
1.866652954141914122e+01 9.125761904537606217e-02
1.867615056694536335e+01 9.124958926568120521e-02
1.868577159247158548e+01 9.124128139068360399e-02
1.869539261799780405e+01 9.123278625327048419e-02
1.870501364352402618e+01 9.122419468632900208e-02
1.871463466905024475e+01 9.121559752274636945e-02
1.872425569457646688e+01 9.120708559540982585e-02
1.873387672010268901e+01 9.119874973720655531e-02
1.874349774562890758e+01 9.119068078102374186e-02
1.875311877115512971e+01 9.118296955974861118e-02
1.876273979668134828e+01 9.117570690626838892e-02
1.877236082220757041e+01 9.116898365347024524e-02
1.878198184773379253e+01 9.116289063424140582e-02
1.879160287326001111e+01 9.115751868146905468e-02
1.880122389878623324e+01 9.115295862804044524e-02
1.881084492431245181e+01 9.114930130684270604e-02
1.882046594983867394e+01 9.114663755076310436e-02
1.883008697536489606e+01 9.114505819268881037e-02
1.883970800089111464e+01 9.114465406550707749e-02
1.884932902641733676e+01 9.114551600210503424e-02
1.885895005194355534e+01 9.114773483536994791e-02
1.886857107746977746e+01 9.115140139818896092e-02
1.887819210299599959e+01 9.115660652344938220e-02
1.888781312852221816e+01 9.116344104403832638e-02
1.889743415404844029e+01 9.117199579284303301e-02
1.890705517957466242e+01 9.118236160275065838e-02
1.891667620510088099e+01 9.119462930664846978e-02
1.892629723062710312e+01 9.120888171786112331e-02
1.893591825615332169e+01 9.122482029331359377e-02
1.894553928167954382e+01 9.124160658879289232e-02
1.895516030720576595e+01 9.125836213472304781e-02
1.896478133273198452e+01 9.127445297132177893e-02
1.897440235825820665e+01 9.128981856473797341e-02
1.898402338378442522e+01 9.130448048483724710e-02
1.899364440931064735e+01 9.131846030148518811e-02
1.900326543483686947e+01 9.133177958454746781e-02
1.901288646036308805e+01 9.134445990388963266e-02
1.902250748588931017e+01 9.135652282937725688e-02
1.903212851141552875e+01 9.136798993087603959e-02
1.904174953694175088e+01 9.137888277825154115e-02
1.905137056246797300e+01 9.138922294136937741e-02
1.906099158799419158e+01 9.139903199009512258e-02
1.907061261352041370e+01 9.140833149429443416e-02
1.908023363904663228e+01 9.141714302383287249e-02
1.908985466457285440e+01 9.142548814857602568e-02
1.909947569009907653e+01 9.143338843838957897e-02
1.910909671562529510e+01 9.144086546313907882e-02
1.911871774115151723e+01 9.144794079269016884e-02
1.912833876667773936e+01 9.145463599690839551e-02
1.913795979220395793e+01 9.146097264565941631e-02
1.914758081773018006e+01 9.146697230880886098e-02
1.915720184325639863e+01 9.147265655622223435e-02
1.916682286878262076e+01 9.147804695776526329e-02
1.917644389430884289e+01 9.148316508330346652e-02
1.918606491983506146e+01 9.148803250270251541e-02
1.919568594536128359e+01 9.149267078582795643e-02
1.920530697088750216e+01 9.149710150254544705e-02
1.921492799641372429e+01 9.150134622272054763e-02
1.922454902193994641e+01 9.150542651621888790e-02
1.923417004746616499e+01 9.150936395290608372e-02
1.924379107299238711e+01 9.151318010264770930e-02
1.925341209851860569e+01 9.151689653530939439e-02
1.926303312404482782e+01 9.152053482075674096e-02
1.927265414957104994e+01 9.152411652885537874e-02
1.928227517509726852e+01 9.152766322947086808e-02
1.929189620062349064e+01 9.153119649246885259e-02
1.930151722614970922e+01 9.153473788771490649e-02
1.931113825167593134e+01 9.153830898507467340e-02
1.932075927720215347e+01 9.154193135441372753e-02
1.933038030272837204e+01 9.154562656559768474e-02
1.934000132825459417e+01 9.154941618849213314e-02
1.934962235378081274e+01 9.155332179296275796e-02
1.935924337930703487e+01 9.155736494887505017e-02
1.936886440483325700e+01 9.156156722609472276e-02
1.937848543035947557e+01 9.156595019448728057e-02
1.938810645588569770e+01 9.157053542391842271e-02
1.939772748141191983e+01 9.157534448425369566e-02
1.940734850693813840e+01 9.158039894535874303e-02
1.941696953246436053e+01 9.158572037709912517e-02
1.942659055799057910e+01 9.159133034934049955e-02
1.943621158351680123e+01 9.159725043194844041e-02
1.944583260904302335e+01 9.160350219478857747e-02
1.945545363456924193e+01 9.161010720772647109e-02
1.946507466009546405e+01 9.161708704062776487e-02
1.947469568562168263e+01 9.162446326335806079e-02
1.948431671114790475e+01 9.163225744578296084e-02
1.949393773667412688e+01 9.164049115776808085e-02
1.950355876220034546e+01 9.164918596917900895e-02
1.951317978772656758e+01 9.165836344988137485e-02
1.952280081325278616e+01 9.166804516974072503e-02
1.953242183877900828e+01 9.167825269862274473e-02
1.954204286430523041e+01 9.168900760639304981e-02
1.955166388983144898e+01 9.170033146291713122e-02
1.956128491535767111e+01 9.171224583806070196e-02
1.957090594088388968e+01 9.172477230168933626e-02
1.958052696641011181e+01 9.173793242366863609e-02
1.959014799193633394e+01 9.175174777386421732e-02
1.959976901746255251e+01 9.176623992214166803e-02
1.960939004298877464e+01 9.178143043836660409e-02
1.961901106851499677e+01 9.179734089240464134e-02
1.962863209404121534e+01 9.181399285412135403e-02
1.963825311956743747e+01 9.183140789338239962e-02
1.964787414509365604e+01 9.184960758005333847e-02
1.965749517061987817e+01 9.186861348399980032e-02
1.966711619614610029e+01 9.188844717508738713e-02
1.967673722167231887e+01 9.190913022318171477e-02
1.968635824719854099e+01 9.193068419814835746e-02
1.969597927272475957e+01 9.195313066985293105e-02
1.970560029825098169e+01 9.197649120816107915e-02
1.971522132377720382e+01 9.200078738293840375e-02
1.972484234930342240e+01 9.202604076405043743e-02
1.973446337482964452e+01 9.205227292136287931e-02
1.974408440035586310e+01 9.207950542474124811e-02
1.975370542588208522e+01 9.210775984405122907e-02
1.976332645140830735e+01 9.213705774915843805e-02
1.977294747693452592e+01 9.216742070992836600e-02
1.978256850246074805e+01 9.219887029622673980e-02
1.979218952798696662e+01 9.223142807791907816e-02
