7.618010371223582489e-01 3.005018209324538669e-01
7.702944218175038493e-01 3.056172788887706049e-01
7.787878065126494498e-01 3.107164210864509779e-01
7.872811912077949392e-01 3.157970179179692694e-01
7.957745759029405397e-01 3.208568431401714327e-01
8.042679605980861401e-01 3.258936757440482612e-01
8.127613452932317406e-01 3.309053018532088219e-01
8.212547299883772300e-01 3.358895166479123340e-01
8.297481146835228305e-01 3.408441263113435316e-01
8.382414993786684310e-01 3.457669499947422231e-01
8.467348840738140314e-01 3.506558217977440162e-01
8.552282687689595209e-01 3.555085927602987250e-01
8.637216534641051213e-01 3.603231328622925056e-01
8.722150381592507218e-01 3.650973330269845496e-01
8.807084228543963222e-01 3.698291071242228445e-01
8.892018075495418117e-01 3.745163939693255672e-01
8.976951922446874121e-01 3.791571593134922535e-01
9.061885769398330126e-01 3.837493978214825407e-01
9.146819616349786131e-01 3.882911350323131061e-01
9.231753463301242135e-01 3.927804292986838974e-01
9.316687310252697030e-01 3.972153737008048413e-01
9.401621157204153034e-01 4.015940979303626590e-01
9.486555004155609039e-01 4.059147701403024167e-01
9.571488851107063933e-01 4.101755987562161199e-01
9.656422698058519938e-01 4.143748342451246680e-01
9.741356545009975942e-01 4.185107708375391256e-01
9.826290391961431947e-01 4.225817481987627078e-01
9.911224238912887952e-01 4.265861530454808648e-01
9.996158085864343956e-01 4.305224207038371720e-01
1.008109193281579996e+00 4.343890366052816643e-01
1.016602577976725374e+00 4.381845377166555533e-01
1.025095962671870975e+00 4.419075139011280351e-01
1.033589347367016575e+00 4.455566092067544393e-01
1.042082732062162176e+00 4.491305230796543424e-01
1.050576116757307776e+00 4.526280114989595926e-01
1.059069501452453377e+00 4.560478880309233873e-01
1.067562886147598977e+00 4.593890247997988174e-01
1.076056270842744578e+00 4.626503533733070661e-01
1.084549655537890178e+00 4.658308655607825144e-01
1.093043040233035779e+00 4.689296141222945025e-01
1.101536424928181157e+00 4.719457133873382060e-01
1.110029809623326758e+00 4.748783397819004160e-01
1.118523194318472358e+00 4.777267322630043833e-01
1.127016579013617958e+00 4.804901926600786410e-01
1.135509963708763559e+00 4.831680859227735492e-01
1.144003348403909159e+00 4.857598402751031053e-01
1.152496733099054538e+00 4.882649472760685616e-01
1.160990117794200138e+00 4.906829617871685811e-01
1.169483502489345739e+00 4.930135018474720576e-01
1.177976887184491339e+00 4.952562484571770840e-01
1.186470271879636940e+00 4.974109452708277423e-01
1.194963656574782540e+00 4.994773982016125213e-01
1.203457041269928141e+00 5.014554749383934862e-01
1.211950425965073741e+00 5.033451043773405909e-01
1.220443810660219341e+00 5.051462759702761707e-01
1.228937195355364942e+00 5.068590389920165640e-01
1.237430580050510542e+00 5.084835017292247406e-01
1.245923964745655921e+00 5.100198305934351417e-01
1.254417349440801521e+00 5.114682491611137749e-01
1.262910734135947122e+00 5.128290371437561612e-01
1.271404118831092722e+00 5.141025292911751698e-01
1.279897503526238323e+00 5.152891142312598927e-01
1.288390888221383701e+00 5.163892332496066162e-01
1.296884272916529302e+00 5.174033790125216470e-01
1.305377657611674902e+00 5.183320942369791240e-01
1.313871042306820502e+00 5.191759703111985536e-01
1.322364427001966103e+00 5.199356458695625349e-01
1.330857811697111703e+00 5.206118053256296729e-01
1.339351196392257304e+00 5.212051773670440813e-01
1.347844581087402904e+00 5.217165334161464330e-01
1.356337965782548505e+00 5.221466860600959548e-01
1.364831350477694105e+00 5.224964874543065463e-01
1.373324735172839706e+00 5.227668277029741128e-01
1.381818119867985306e+00 5.229586332204333443e-01
1.390311504563130907e+00 5.230728650770410937e-01
1.398804889258276285e+00 5.231105173332172287e-01
1.407298273953421885e+00 5.230726153652137667e-01
1.415791658648567486e+00 5.229602141860913989e-01
1.424285043343713086e+00 5.227743967653123436e-01
1.432778428038858465e+00 5.225162723502395634e-01
1.441271812734004065e+00 5.221869747927495586e-01
1.449765197429149666e+00 5.217876608840369412e-01
1.458258582124295266e+00 5.213195087005824124e-01
1.466751966819440867e+00 5.207837159641279801e-01
1.475245351514586467e+00 5.201814984183734669e-01
1.483738736209732068e+00 5.195140882249785763e-01
1.492232120904877668e+00 5.187827323813166691e-01
1.500725505600023268e+00 5.179886911622932910e-01
1.509218890295168869e+00 5.171332365883879456e-01
1.517712274990314469e+00 5.162176509219562615e-01
1.526205659685460070e+00 5.152432251936628349e-01
1.534699044380605670e+00 5.142112577607965695e-01
1.543192429075751049e+00 5.131230528990516904e-01
1.551685813770896649e+00 5.119799194292441458e-01
1.560179198466042250e+00 5.107831693802592499e-01
1.568672583161187850e+00 5.095341166894272744e-01
1.577165967856333451e+00 5.082340759413447318e-01
1.585659352551478829e+00 5.068843611460668308e-01
1.594152737246624429e+00 5.054862845574333852e-01
1.602646121941770030e+00 5.040411555321837600e-01
1.611139506636915630e+00 5.025502794303862153e-01
1.619632891332061231e+00 5.010149565575863218e-01
1.628126276027206831e+00 4.994364811489724887e-01
1.636619660722352432e+00 4.978161403957342412e-01
1.645113045417498032e+00 4.961552135136980124e-01
1.653606430112643633e+00 4.944549708542116950e-01
1.662099814807789233e+00 4.927166730571635456e-01
1.670593199502934834e+00 4.909415702459207775e-01
1.679086584198080434e+00 4.891309012638978548e-01
1.687579968893225812e+00 4.872858929523796734e-01
1.696073353588371413e+00 4.854077594691428854e-01
1.704566738283517013e+00 4.834977016473622213e-01
1.713060122978662614e+00 4.815569063942101158e-01
1.721553507673808214e+00 4.795865461285087616e-01
1.730046892368953593e+00 4.775877782567288232e-01
1.738540277064099193e+00 4.755617446865856301e-01
1.747033661759244794e+00 4.735095713774371551e-01
1.755527046454390394e+00 4.714323679266415046e-01
1.764020431149535995e+00 4.693312271910024536e-01
1.772513815844681595e+00 4.672072249423973589e-01
1.781007200539827195e+00 4.650614195566459275e-01
1.789500585234972796e+00 4.628948517346708202e-01
1.797993969930118396e+00 4.607085442549612719e-01
1.806487354625263997e+00 4.585035017563506288e-01
1.814980739320409375e+00 4.562807105500981120e-01
1.823474124015554976e+00 4.540411384602555667e-01
1.831967508710700576e+00 4.517857346912966809e-01
1.840460893405846177e+00 4.495154297219788875e-01
1.848954278100991777e+00 4.472311352244138782e-01
1.857447662796137378e+00 4.449337440073166117e-01
1.865941047491282978e+00 4.426241299824150155e-01
1.874434432186428579e+00 4.403031481530038094e-01
1.882927816881574179e+00 4.379716346236384172e-01
1.891421201576719557e+00 4.356304066299735989e-01
1.899914586271865158e+00 4.332802625877684721e-01
1.908407970967010758e+00 4.309219821600871470e-01
1.916901355662156359e+00 4.285563263417479507e-01
1.925394740357301959e+00 4.261840375600851050e-01
1.933888125052447560e+00 4.238058397911102504e-01
1.942381509747593160e+00 4.214224386901785357e-01
1.950874894442738761e+00 4.190345217362831942e-01
1.959368279137884139e+00 4.166427583891292308e-01
1.967861663833029739e+00 4.142478002581520546e-01
1.976355048528175340e+00 4.118502812826769777e-01
1.984848433223320940e+00 4.094508179224314870e-01
1.993341817918466541e+00 4.070500093576539524e-01
2.001835202613611919e+00 4.046484376980581943e-01
2.010328587308757520e+00 4.022466681999444238e-01
2.018821972003903120e+00 3.998452494907668298e-01
2.027315356699048721e+00 3.974447138004968405e-01
2.035808741394194321e+00 3.950455771991395193e-01
2.044302126089339922e+00 3.926483398397920266e-01
2.052795510784485522e+00 3.902534862066516230e-01
2.061288895479631122e+00 3.878614853674063889e-01
2.069782280174776723e+00 3.854727912294696468e-01
2.078275664869922323e+00 3.830878427995326185e-01
2.086769049565067924e+00 3.807070644459483177e-01
2.095262434260213524e+00 3.783308661634616765e-01
2.103755818955359125e+00 3.759596438398475904e-01
2.112249203650504725e+00 3.735937795240195647e-01
2.120742588345650326e+00 3.712336416952027318e-01
2.129235973040795926e+00 3.688795855327887119e-01
2.137729357735941527e+00 3.665319531865011693e-01
2.146222742431087127e+00 3.641910740465305052e-01
2.154716127126232728e+00 3.618572650133061175e-01
2.163209511821378328e+00 3.595308307666042480e-01
2.171702896516523928e+00 3.572120640336956532e-01
2.180196281211669085e+00 3.549012458562665895e-01
2.188689665906814685e+00 3.525986458558535430e-01
2.197183050601960286e+00 3.503045224975592786e-01
2.205676435297105886e+00 3.480191233518212246e-01
2.214169819992251487e+00 3.457426853540316869e-01
2.222663204687397087e+00 3.434754350618136609e-01
2.231156589382542688e+00 3.412175889097772141e-01
2.239649974077688288e+00 3.389693534615915715e-01
2.248143358772833444e+00 3.367309256592223576e-01
2.256636743467979045e+00 3.345024930691951059e-01
2.265130128163124645e+00 3.322842341257617460e-01
2.273623512858270246e+00 3.300763183708526061e-01
2.282116897553415846e+00 3.278789066907117911e-01
2.290610282248561447e+00 3.256921515491248420e-01
2.299103666943707047e+00 3.235161972171523570e-01
2.307597051638852648e+00 3.213511799993010176e-01
2.316090436333998248e+00 3.191972284560631312e-01
2.324583821029143849e+00 3.170544636227738411e-01
2.333077205724289449e+00 3.149229992247356003e-01
2.341570590419435050e+00 3.128029418885716617e-01
2.350063975114580650e+00 3.106943913497777210e-01
2.358557359809726250e+00 3.085974406564435113e-01
2.367050744504871851e+00 3.065121763691300849e-01
2.375544129200017451e+00 3.044386787568863495e-01
2.384037513895163052e+00 3.023770219894004185e-01
2.392530898590308652e+00 3.003272743252854426e-01
2.401024283285454253e+00 2.982894982965009212e-01
2.409517667980599853e+00 2.962637508889224280e-01
2.418011052675745454e+00 2.942500837190691887e-01
2.426504437370891054e+00 2.922485432070094369e-01
2.434997822066036655e+00 2.902591707454643122e-01
2.443491206761182255e+00 2.882820028651351119e-01
2.451984591456327855e+00 2.863170713962817637e-01
2.460477976151473456e+00 2.843644036265856601e-01
2.468971360846618612e+00 2.824240224553294931e-01
2.477464745541764213e+00 2.804959465439301192e-01
2.485958130236909813e+00 2.785801904628688597e-01
2.494451514932055414e+00 2.766767648350533237e-01
2.502944899627201014e+00 2.747856764756602677e-01
2.511438284322346615e+00 2.729069285285024571e-01
2.519931669017492215e+00 2.710405205989658284e-01
2.528425053712637816e+00 2.691864488835678526e-01
2.536918438407783416e+00 2.673447062961837317e-01
2.545411823102928572e+00 2.655152825909935510e-01
2.553905207798074173e+00 2.636981644822010695e-01
2.562398592493219773e+00 2.618933357605786605e-01
2.570891977188365374e+00 2.601007774068889167e-01
2.579385361883510974e+00 2.583204677022388207e-01
2.587878746578656575e+00 2.565523823354216582e-01
2.596372131273802175e+00 2.547964945073001308e-01
2.604865515968947776e+00 2.530527750322868474e-01
2.613358900664093376e+00 2.513211924369766481e-01
2.621852285359238977e+00 2.496017130559881336e-01
2.630345670054384577e+00 2.478943011250673567e-01
2.638839054749530177e+00 2.461989188715111854e-01
2.647332439444675778e+00 2.445155266019658491e-01
2.655825824139821378e+00 2.428440827876534591e-01
2.664319208834966979e+00 2.411845441470845119e-01
2.672812593530112579e+00 2.395368657263080292e-01
2.681305978225258180e+00 2.379010009767562328e-01
2.689799362920403780e+00 2.362769018307353808e-01
2.698292747615549381e+00 2.346645187746173034e-01
2.706786132310694981e+00 2.330638009197842087e-01
2.715279517005840582e+00 2.314746960713787716e-01
2.723772901700986182e+00 2.298971507949112980e-01
2.732266286396131783e+00 2.283311104807754788e-01
2.740759671091277383e+00 2.267765194067223045e-01
2.749253055786422983e+00 2.252333207983431285e-01
2.757746440481568140e+00 2.237014568876092568e-01
2.766239825176713740e+00 2.221808689695184413e-01
2.774733209871859341e+00 2.206714974568946275e-01
2.783226594567004941e+00 2.191732819333880034e-01
2.791719979262150542e+00 2.176861612047214511e-01
2.800213363957296142e+00 2.162100733482300308e-01
2.808706748652441743e+00 2.147449557607359061e-01
2.817200133347587343e+00 2.132907452048043717e-01
2.825693518042732943e+00 2.118473778534235297e-01
2.834186902737878544e+00 2.104147893331491936e-01
2.842680287433024144e+00 2.089929147657574038e-01
2.851173672128169745e+00 2.075816888084443257e-01
2.859667056823315345e+00 2.061810456926146395e-01
2.868160441518460502e+00 2.047909192612957230e-01
2.876653826213606102e+00 2.034112430052171239e-01
2.885147210908751703e+00 2.020419500975927096e-01
2.893640595603897303e+00 2.006829734276415200e-01
2.902133980299042904e+00 1.993342456328837942e-01
2.910627364994188504e+00 1.979956991302468106e-01
2.919120749689334104e+00 1.966672661460147353e-01
2.927614134384479705e+00 1.953488787446575059e-01
2.936107519079625305e+00 1.940404688565686986e-01
2.944600903774770906e+00 1.927419683047475185e-01
2.953094288469916506e+00 1.914533088304533892e-01
2.961587673165062107e+00 1.901744221178663929e-01
2.970081057860207707e+00 1.889052398177805958e-01
2.978574442555353308e+00 1.876456935703621209e-01
2.987067827250498908e+00 1.863957150269975327e-01
2.995561211945644509e+00 1.851552358712626467e-01
3.004054596640790109e+00 1.839241878390376894e-01
3.012547981335935265e+00 1.827025027377947586e-01
3.021041366031080866e+00 1.814901124650838415e-01
3.029534750726226466e+00 1.802869490262425378e-01
3.038028135421372067e+00 1.790929445513534668e-01
3.046521520116517667e+00 1.779080313114725365e-01
3.055014904811663268e+00 1.767321417341527479e-01
3.063508289506808868e+00 1.755652084182844908e-01
3.072001674201954469e+00 1.744071641482748125e-01
3.080495058897100069e+00 1.732579419075876426e-01
3.088988443592245670e+00 1.721174748916640129e-01
3.097481828287391270e+00 1.709856965202443402e-01
3.105975212982536870e+00 1.698625404491112822e-01
3.114468597677682471e+00 1.687479405812724598e-01
3.122961982372828071e+00 1.676418310776016385e-01
3.131455367067973672e+00 1.665441463669567190e-01
3.139948751763119272e+00 1.654548211557912707e-01
3.148442136458264873e+00 1.643737904372777892e-01
3.156935521153410029e+00 1.633009894999580269e-01
3.165428905848555630e+00 1.622363539359375773e-01
3.173922290543701230e+00 1.611798196486392831e-01
3.182415675238846831e+00 1.601313228601317640e-01
3.190909059933992431e+00 1.590908001180468267e-01
3.199402444629138031e+00 1.580581883021004996e-01
3.207895829324283632e+00 1.570334246302315662e-01
3.216389214019429232e+00 1.560164466643711167e-01
3.224882598714574833e+00 1.550071923158559961e-01
3.233375983409720433e+00 1.540055998504990253e-01
3.241869368104866034e+00 1.530116078933278501e-01
3.250362752800011634e+00 1.520251554330056820e-01
3.258856137495157235e+00 1.510461818259432598e-01
3.267349522190302835e+00 1.500746268001155459e-01
3.275842906885448436e+00 1.491104304585928464e-01
3.284336291580594036e+00 1.481535332827964291e-01
3.292829676275739637e+00 1.472038761354906022e-01
3.301323060970884793e+00 1.462614002635193033e-01
3.309816445666030393e+00 1.453260473002978004e-01
3.318309830361175994e+00 1.443977592680688038e-01
3.326803215056321594e+00 1.434764785799316211e-01
3.335296599751467195e+00 1.425621480416530695e-01
3.343789984446612795e+00 1.416547108532692778e-01
3.352283369141758396e+00 1.407541106104855666e-01
3.360776753836903996e+00 1.398602913058830388e-01
3.369270138532049597e+00 1.389731973299394852e-01
3.377763523227195197e+00 1.380927734718716271e-01
3.386256907922340798e+00 1.372189649203062189e-01
3.394750292617486398e+00 1.363517172637870312e-01
3.403243677312631998e+00 1.354909764911240155e-01
3.411737062007777599e+00 1.346366889915916187e-01
3.420230446702923199e+00 1.337888015549823506e-01
3.428723831398068800e+00 1.329472613715214080e-01
3.437217216093214400e+00 1.321120160316490710e-01
3.445710600788359557e+00 1.312830135256752850e-01
3.454203985483505157e+00 1.304602022433131725e-01
3.462697370178650758e+00 1.296435309730961383e-01
3.471190754873796358e+00 1.288329489016836193e-01
3.479684139568941958e+00 1.280284056130609471e-01
3.488177524264087559e+00 1.272298510876374855e-01
3.496670908959233159e+00 1.264372357012483739e-01
3.505164293654378760e+00 1.256505102240634553e-01
3.513657678349524360e+00 1.248696258194087888e-01
3.522151063044669961e+00 1.240945340425040344e-01
3.530644447739815561e+00 1.233251868391199435e-01
3.539137832434961162e+00 1.225615365441603266e-01
3.547631217130106762e+00 1.218035358801715096e-01
3.556124601825252363e+00 1.210511379557833167e-01
3.564617986520397963e+00 1.203042962640853419e-01
3.573111371215543564e+00 1.195629646809409363e-01
3.581604755910689164e+00 1.188270974632434224e-01
3.590098140605834320e+00 1.180966492471164225e-01
3.598591525300979921e+00 1.173715750460622015e-01
3.607084909996125521e+00 1.166518302490607284e-01
3.615578294691271122e+00 1.159373706186218461e-01
3.624071679386416722e+00 1.152281522887939613e-01
3.632565064081562323e+00 1.145241317631310596e-01
3.641058448776707923e+00 1.138252659126211541e-01
3.649551833471853524e+00 1.131315119735785552e-01
3.658045218166999124e+00 1.124428275455018056e-01
3.666538602862144725e+00 1.117591705889000309e-01
3.675031987557290325e+00 1.110804994230895903e-01
3.683525372252435925e+00 1.104067727239631258e-01
3.692018756947581526e+00 1.097379495217333661e-01
3.700512141642727126e+00 1.090739891986526877e-01
3.709005526337872727e+00 1.084148514867114138e-01
3.717498911033018327e+00 1.077604964653158942e-01
3.725992295728163928e+00 1.071108845589482800e-01
3.734485680423309084e+00 1.064659765348095199e-01
3.742979065118454685e+00 1.058257335004472444e-01
3.751472449813600285e+00 1.051901169013706033e-01
3.759965834508745886e+00 1.045590885186517410e-01
3.768459219203891486e+00 1.039326104665179717e-01
3.776952603899037086e+00 1.033106451899333672e-01
3.785445988594182687e+00 1.026931554621729747e-01
3.793939373289328287e+00 1.020801043823896109e-01
3.802432757984473888e+00 1.014714553731752567e-01
3.810926142679619488e+00 1.008671721781177061e-01
3.819419527374765089e+00 1.002672188593538710e-01
3.827912912069910689e+00 9.967155979512029584e-02
3.836406296765056290e+00 9.908015967730258999e-02
3.844899681460201890e+00 9.849298350898390286e-02
3.853393066155347491e+00 9.790999660199417587e-02
3.861886450850493091e+00 9.733116457446046310e-02
3.870379835545638691e+00 9.675645334835920874e-02
3.878873220240783848e+00 9.618582914707170251e-02
3.887366604935929448e+00 9.561925849294275470e-02
3.895859989631075049e+00 9.505670820484417305e-02
3.904353374326220649e+00 9.449814539574316608e-02
3.912846759021366250e+00 9.394353747027599233e-02
3.921340143716511850e+00 9.339285212232875666e-02
3.929833528411657451e+00 9.284605733262442373e-02
3.938326913106803051e+00 9.230312136631768638e-02
3.946820297801948652e+00 9.176401277059791084e-02
3.955313682497094252e+00 9.122870037230039475e-02
3.963807067192239852e+00 9.069715327552697881e-02
3.972300451887385453e+00 9.016934085927587328e-02
3.980793836582531053e+00 8.964523277508169852e-02
3.989287221277676654e+00 8.912479894466564245e-02
3.997780605972822254e+00 8.860800955759663700e-02
4.006273990667967411e+00 8.809483506896363669e-02
4.014767375363113899e+00 8.758524619705888858e-02
4.023260760058258612e+00 8.707921392107426106e-02
4.031754144753404212e+00 8.657670947880791168e-02
4.040247529448549813e+00 8.607770436438515194e-02
4.048740914143695413e+00 8.558217032599092777e-02
4.057234298838841013e+00 8.509007936361565050e-02
4.065727683533986614e+00 8.460140372681422549e-02
4.074221068229132214e+00 8.411611591247854236e-02
4.082714452924277815e+00 8.363418866262342655e-02
4.091207837619423415e+00 8.315559496218689894e-02
4.099701222314569016e+00 8.268030803684396635e-02
4.108194607009714616e+00 8.220830135083491419e-02
4.116687991704860217e+00 8.173954860480807383e-02
4.125181376400005817e+00 8.127402373367677291e-02
4.133674761095151418e+00 8.081170090449124599e-02
4.142168145790297018e+00 8.035255451432525564e-02
4.150661530485442618e+00 7.989655918817745173e-02
4.159154915180588219e+00 7.944368977688796851e-02
4.167648299875733819e+00 7.899392135506999590e-02
4.176141684570879420e+00 7.854722921905625543e-02
4.184635069266024132e+00 7.810358888486143569e-02
4.193128453961170621e+00 7.766297608615882475e-02
4.201621838656315333e+00 7.722536677227379021e-02
4.210115223351461822e+00 7.679073710619077620e-02
4.218608608046606534e+00 7.635906346257781419e-02
4.227101992741753023e+00 7.593032242582456459e-02
4.235595377436897735e+00 7.550449078809758074e-02
4.244088762132044224e+00 7.508154554740946451e-02
4.252582146827188936e+00 7.466146390570507774e-02
4.261075531522335424e+00 7.424422326696190899e-02
4.269568916217480137e+00 7.382980123530730188e-02
4.278062300912626625e+00 7.341817561314967211e-02
4.286555685607771338e+00 7.300932439932705798e-02
4.295049070302917826e+00 7.260322578726909060e-02
4.303542454998062539e+00 7.219985816317653349e-02
4.312035839693209027e+00 7.179920010421439458e-02
4.320529224388353740e+00 7.140123037672187201e-02
4.329022609083499340e+00 7.100592793443662176e-02
4.337515993778644940e+00 7.061327191673510972e-02
4.346009378473790541e+00 7.022324164688772963e-02
4.354502763168936141e+00 6.983581663032946418e-02
4.362996147864081742e+00 6.945097655294552030e-02
4.371489532559227342e+00 6.906870127937218828e-02
4.379982917254372943e+00 6.868897085131268898e-02
4.388476301949518543e+00 6.831176548586820330e-02
4.396969686644664144e+00 6.793706557388350109e-02
4.405463071339809744e+00 6.756485167830779404e-02
4.413956456034955345e+00 6.719510453257011851e-02
4.422449840730100945e+00 6.682780503896958157e-02
4.430943225425246546e+00 6.646293426708017871e-02
4.439436610120392146e+00 6.610047345217026638e-02
4.447929994815537746e+00 6.574040399363635656e-02
4.456423379510683347e+00 6.538270745345155233e-02
4.464916764205828059e+00 6.502736555462813872e-02
4.473410148900974548e+00 6.467436017969435680e-02
4.481903533596119260e+00 6.432367336918563827e-02
4.490396918291265749e+00 6.397528732014941266e-02
4.498890302986410461e+00 6.362918438466455551e-02
4.507383687681556950e+00 6.328534706837385393e-02
4.515877072376701662e+00 6.294375802903123818e-02
4.524370457071848151e+00 6.260440007506180848e-02
4.532863841766992863e+00 6.226725616413621850e-02
4.541357226462139351e+00 6.193230940175789567e-02
4.549850611157284064e+00 6.159954303986437535e-02
4.558343995852430552e+00 6.126894047544125671e-02
4.566837380547575265e+00 6.094048524915002957e-02
4.575330765242721753e+00 6.061416104396828014e-02
4.583824149937866466e+00 6.028995168384387870e-02
4.592317534633012954e+00 5.996784113236102581e-02
4.600810919328157667e+00 5.964781349142018324e-02
4.609304304023303267e+00 5.932985299992971084e-02
4.617797688718448867e+00 5.901394403251099957e-02
4.626291073413594468e+00 5.870007109821558794e-02
4.634784458108740068e+00 5.838821883925485873e-02
4.643277842803885669e+00 5.807837202974217711e-02
4.651771227499031269e+00 5.777051557444701918e-02
4.660264612194176870e+00 5.746463450756147950e-02
4.668757996889322470e+00 5.716071399147858167e-02
4.677251381584468071e+00 5.685873931558264177e-02
4.685744766279613671e+00 5.655869589505134465e-02
4.694238150974759272e+00 5.626056926966972044e-02
4.702731535669904872e+00 5.596434510265548695e-02
4.711224920365050473e+00 5.567000917949613964e-02
4.719718305060196073e+00 5.537754740679731030e-02
4.728211689755341673e+00 5.508694581114245703e-02
4.736705074450487274e+00 5.479819053796390615e-02
4.745198459145632874e+00 5.451126785042475359e-02
4.753691843840778475e+00 5.422616412831210431e-02
4.762185228535923187e+00 5.394286586694093527e-02
4.770678613231069676e+00 5.366135967606883855e-02
4.779171997926214388e+00 5.338163227882185280e-02
4.787665382621360877e+00 5.310367051063014099e-02
4.796158767316505589e+00 5.282746131817512431e-02
4.804652152011652078e+00 5.255299175834617781e-02
4.813145536706796790e+00 5.228024899720840057e-02
4.821638921401943279e+00 5.200922030897994763e-02
4.830132306097087991e+00 5.173989307502014495e-02
4.838625690792234479e+00 5.147225478282697192e-02
4.847119075487379192e+00 5.120629302504527830e-02
4.855612460182525680e+00 5.094199549848388991e-02
4.864105844877670393e+00 5.067935000314358757e-02
4.872599229572816881e+00 5.041834444125357917e-02
4.881092614267961594e+00 5.015896681631872717e-02
4.889585998963108082e+00 4.990120523217505405e-02
4.898079383658252794e+00 4.964504789205582275e-02
4.906572768353399283e+00 4.939048309766586736e-02
4.915066153048543995e+00 4.913749924826597143e-02
4.923559537743690484e+00 4.888608483976568386e-02
4.932052922438835196e+00 4.863622846382580078e-02
4.940546307133981685e+00 4.838791880696909076e-02
4.949039691829126397e+00 4.814114464970066509e-02
4.957533076524272886e+00 4.789589486563629317e-02
4.966026461219417598e+00 4.765215842064021712e-02
4.974519845914562310e+00 4.740992437197071030e-02
4.983013230609708799e+00 4.716918186743487146e-02
4.991506615304853511e+00 4.692992014455154431e-02
5.000000000000000000e+00 4.669212852972238342e-02
