7.618010371223582489e-01 1.415148131193104231e+00
7.714220626485789323e-01 1.409451072837869745e+00
7.810430881747997267e-01 1.403713563784556140e+00
7.906641137010204101e-01 1.397936424892622487e+00
8.002851392272412046e-01 1.392120477021526970e+00
8.099061647534618880e-01 1.386266541030728661e+00
8.195271902796826824e-01 1.380375437779685521e+00
8.291482158059033658e-01 1.374447988127857512e+00
8.387692413321241602e-01 1.368485012934702372e+00
8.483902668583448436e-01 1.362487333059679839e+00
8.580112923845655271e-01 1.356455769362247210e+00
8.676323179107863215e-01 1.350391142701864444e+00
8.772533434370071159e-01 1.344294273937989059e+00
8.868743689632277993e-01 1.338165983930081460e+00
8.964953944894484827e-01 1.332007093537598941e+00
9.061164200156692772e-01 1.325818423620000353e+00
9.157374455418899606e-01 1.319600795036744767e+00
9.253584710681107550e-01 1.313355028647291034e+00
9.349794965943314384e-01 1.307081945311097559e+00
9.446005221205522329e-01 1.300782365887622971e+00
9.542215476467729163e-01 1.294457111236327007e+00
9.638425731729935997e-01 1.288107002216666519e+00
9.734635986992143941e-01 1.281732859688101467e+00
9.830846242254351885e-01 1.275335504510090701e+00
9.927056497516558720e-01 1.268915757542092404e+00
1.002326675277876555e+00 1.262474439643565649e+00
1.011947700804097350e+00 1.256012371673968397e+00
1.021568726330317922e+00 1.249530374492760609e+00
1.031189751856538717e+00 1.243029268959399802e+00
1.040810777382759511e+00 1.236509875933345715e+00
1.050431802908980305e+00 1.229973016274056308e+00
1.060052828435201100e+00 1.223419510840990432e+00
1.069673853961421672e+00 1.216850180493606937e+00
1.079294879487642467e+00 1.210265846091364450e+00
1.088915905013863261e+00 1.203667328493722044e+00
1.098536930540083834e+00 1.197055448560138124e+00
1.108157956066304628e+00 1.190431027150071319e+00
1.117778981592525422e+00 1.183794885122980034e+00
1.127400007118746217e+00 1.177147843338323785e+00
1.137021032644966789e+00 1.170490722655560978e+00
1.146642058171187584e+00 1.163824343934150018e+00
1.156263083697408378e+00 1.157149528033549979e+00
1.165884109223628951e+00 1.150467095813219043e+00
1.175505134749849745e+00 1.143777868132617170e+00
1.185126160276070539e+00 1.137082665851201435e+00
1.194747185802291334e+00 1.130382309828431575e+00
1.204368211328512128e+00 1.123677620923766218e+00
1.213989236854732701e+00 1.116969419996663770e+00
1.223610262380953495e+00 1.110258527906583081e+00
1.233231287907174067e+00 1.103545765512983223e+00
1.242852313433394862e+00 1.096831953675322158e+00
1.252473338959615656e+00 1.090117913253059179e+00
1.262094364485836451e+00 1.083404465105652470e+00
1.271715390012057245e+00 1.076692430092561548e+00
1.281336415538277818e+00 1.069982629073244818e+00
1.290957441064498612e+00 1.063275882907160463e+00
1.300578466590719184e+00 1.056573012453768001e+00
1.310199492116939979e+00 1.049874838572525615e+00
1.319820517643160773e+00 1.043182182121423551e+00
1.329441543169381568e+00 1.036495827430701455e+00
1.339062568695602362e+00 1.029816427447324712e+00
1.348683594221823157e+00 1.023144605589935807e+00
1.358304619748043729e+00 1.016480985277176563e+00
1.367925645274264523e+00 1.009826189927689022e+00
1.377546670800485096e+00 1.003180842960115227e+00
1.387167696326705890e+00 9.965455677930968870e-01
1.396788721852926685e+00 9.899209878452760458e-01
1.406409747379147479e+00 9.833077265352949681e-01
1.416030772905368273e+00 9.767064072817952525e-01
1.425651798431588846e+00 9.701176535034194970e-01
1.435272823957809640e+00 9.635420886188086342e-01
1.444893849484030213e+00 9.569803360466055953e-01
1.454514875010251007e+00 9.504330192054518678e-01
1.464135900536471802e+00 9.439007615139898277e-01
1.473756926062692596e+00 9.373841863908610739e-01
1.483377951588913390e+00 9.308839172547076490e-01
1.492998977115133963e+00 9.244005775241717071e-01
1.502620002641354757e+00 9.179347906178951799e-01
1.512241028167575330e+00 9.114871799545198883e-01
1.521862053693796124e+00 9.050583689526876530e-01
1.531483079220016918e+00 8.986489755610687080e-01
1.541104104746237713e+00 8.922595796799673851e-01
1.550725130272458507e+00 8.858907450443698206e-01
1.560346155798679302e+00 8.795430353302163828e-01
1.569967181324899874e+00 8.732170142134499935e-01
1.579588206851120669e+00 8.669132453700112428e-01
1.589209232377341241e+00 8.606322924758424975e-01
1.598830257903562035e+00 8.543747192068847918e-01
1.608451283429782830e+00 8.481410892390801592e-01
1.618072308956003624e+00 8.419319662483704114e-01
1.627693334482224419e+00 8.357479139106968047e-01
1.637314360008444991e+00 8.295894959020010395e-01
1.646935385534665786e+00 8.234572758982249274e-01
1.656556411060886358e+00 8.173518175753099468e-01
1.666177436587107152e+00 8.112736846091982423e-01
1.675798462113327947e+00 8.052234406758305152e-01
1.685419487639548741e+00 7.992016494511491320e-01
1.695040513165769536e+00 7.932088746110956823e-01
1.704661538691990108e+00 7.872456796064036810e-01
1.714282564218210902e+00 7.813124711408407919e-01
1.723903589744431475e+00 7.754092252627201587e-01
1.733524615270652269e+00 7.695358447083459064e-01
1.743145640796873064e+00 7.636922322140229369e-01
1.752766666323093858e+00 7.578782905160558192e-01
1.762387691849314653e+00 7.520939223507485671e-01
1.772008717375535225e+00 7.463390304544058607e-01
1.781629742901756019e+00 7.406135175633323797e-01
1.791250768427976814e+00 7.349172864138323602e-01
1.800871793954197386e+00 7.292502397422107041e-01
1.810492819480418181e+00 7.236122802847712032e-01
1.820113845006638975e+00 7.180033107778189816e-01
1.829734870532859770e+00 7.124232339576580531e-01
1.839355896059080342e+00 7.068719525605934306e-01
1.848976921585301136e+00 7.013493693229291281e-01
1.858597947111521931e+00 6.958553869809697145e-01
1.868218972637742725e+00 6.903899092869933973e-01
1.877839998163963298e+00 6.849529946901393718e-01
1.887461023690184092e+00 6.795450208942186432e-01
1.897082049216404886e+00 6.741664050525365548e-01
1.906703074742625459e+00 6.688175643183976726e-01
1.916324100268846253e+00 6.634989158451067848e-01
1.925945125795067048e+00 6.582108767859685683e-01
1.935566151321287842e+00 6.529538642942875892e-01
1.945187176847508415e+00 6.477282955233690798e-01
1.954808202373729209e+00 6.425345876265170508e-01
1.964429227899950003e+00 6.373731577570366236e-01
1.974050253426170798e+00 6.322444230682324751e-01
1.983671278952391370e+00 6.271488007134093934e-01
1.993292304478612165e+00 6.220867078458719446e-01
2.002913330004832737e+00 6.170585616189249167e-01
2.012534355531053532e+00 6.120647791858730979e-01
2.022155381057274326e+00 6.071057777000210542e-01
2.031776406583495120e+00 6.021819743146735737e-01
2.041397432109715915e+00 5.972937861831351114e-01
2.051018457635936265e+00 5.924416304587113435e-01
2.060639483162157504e+00 5.876259242947057260e-01
2.070260508688377854e+00 5.828470848444240460e-01
2.079881534214599093e+00 5.781055292611698704e-01
2.089502559740819443e+00 5.734016746982492085e-01
2.099123585267040237e+00 5.687359383089658493e-01
2.108744610793261032e+00 5.641087372466246919e-01
2.118365636319481382e+00 5.595204886645310793e-01
2.127986661845702621e+00 5.549716097159888006e-01
2.137607687371922971e+00 5.504625175543033100e-01
2.147228712898144209e+00 5.459936293327786183e-01
2.156849738424364560e+00 5.415653588179722977e-01
2.166470763950585354e+00 5.371775769383221322e-01
2.176091789476806149e+00 5.328290199180452102e-01
2.185712815003026943e+00 5.285182816368028114e-01
2.195333840529247738e+00 5.242439559742559929e-01
2.204954866055468088e+00 5.200046368100662564e-01
2.214575891581689326e+00 5.157989180238943261e-01
2.224196917107909677e+00 5.116253934954018145e-01
2.233817942634130471e+00 5.074826571042500012e-01
2.243438968160351266e+00 5.033693027300997214e-01
2.253059993686572060e+00 4.992839242526125876e-01
2.262681019212792854e+00 4.952251155514497682e-01
2.272302044739013205e+00 4.911914705062725428e-01
2.281923070265234443e+00 4.871815829967417466e-01
2.291544095791454794e+00 4.831941522818921086e-01
2.301165121317675588e+00 4.792292390801483060e-01
2.310786146843896383e+00 4.752878519138635238e-01
2.320407172370117177e+00 4.713710185369286432e-01
2.330028197896337971e+00 4.674797667032342119e-01
2.339649223422558322e+00 4.636151241666712775e-01
2.349270248948779560e+00 4.597781186811301657e-01
2.358891274474999911e+00 4.559697780005026457e-01
2.368512300001220705e+00 4.521911298786785993e-01
2.378133325527441500e+00 4.484432020695493515e-01
2.387754351053662294e+00 4.447270223270055611e-01
2.397375376579883088e+00 4.410436184049379982e-01
2.406996402106103439e+00 4.373940180572377656e-01
2.416617427632324677e+00 4.337792740814245818e-01
2.426238453158545028e+00 4.302006311819633888e-01
2.435859478684765822e+00 4.266594228192175375e-01
2.445480504210986616e+00 4.231569829344631328e-01
2.455101529737207411e+00 4.196946454689756689e-01
2.464722555263428205e+00 4.162737443640308621e-01
2.474343580789648556e+00 4.128956135609045952e-01
2.483964606315869794e+00 4.095615870008721959e-01
2.493585631842090145e+00 4.062729986252098802e-01
2.503206657368311383e+00 4.030311823751925870e-01
2.512827682894531733e+00 3.998374721920967545e-01
2.522448708420752528e+00 3.966932020171977102e-01
2.532069733946973322e+00 3.935994702875416085e-01
2.541690759473193673e+00 3.905533534709176302e-01
2.551311784999414911e+00 3.875485555696875917e-01
2.560932810525635261e+00 3.845786762472584996e-01
2.570553836051856500e+00 3.816373151670363062e-01
2.580174861578076850e+00 3.787180719924283512e-01
2.589795887104297645e+00 3.758145463868406422e-01
2.599416912630518439e+00 3.729203380136799084e-01
2.609037938156739234e+00 3.700290465363527126e-01
2.618658963682960028e+00 3.671342716182658394e-01
2.628279989209180378e+00 3.642296129228256851e-01
2.637901014735401617e+00 3.613086701134386458e-01
2.647522040261621967e+00 3.583667858190725530e-01
2.657143065787842762e+00 3.554090204065435410e-01
2.666764091314063556e+00 3.524438008965707358e-01
2.676385116840284351e+00 3.494795575930585430e-01
2.686006142366505145e+00 3.465247207999110901e-01
2.695627167892725495e+00 3.435877208210326716e-01
2.705248193418946734e+00 3.406769879603270823e-01
2.714869218945167084e+00 3.378009525216988940e-01
2.724490244471387879e+00 3.349680448090519569e-01
2.734111269997608673e+00 3.321866951262905654e-01
2.743732295523829467e+00 3.294653337773189028e-01
2.753353321050050262e+00 3.268115603338733743e-01
2.762974346576271056e+00 3.242240900213841925e-01
2.772595372102491407e+00 3.216962530981976043e-01
2.782216397628712201e+00 3.192213044448744541e-01
2.791837423154932996e+00 3.167924989419763082e-01
2.801458448681153790e+00 3.144030914700646773e-01
2.811079474207374584e+00 3.120463369097007389e-01
2.820700499733595379e+00 3.097154901414459482e-01
2.830321525259816173e+00 3.074038060458617050e-01
2.839942550786036524e+00 3.051045395035094643e-01
2.849563576312257318e+00 3.028109453949504037e-01
2.859184601838478113e+00 3.005174015414098787e-01
2.868805627364698907e+00 2.982241245994081136e-01
2.878426652890919701e+00 2.959332229902101874e-01
2.888047678417140496e+00 2.936468061084899217e-01
2.897668703943361290e+00 2.913669833489213601e-01
2.907289729469582085e+00 2.890958641061784351e-01
2.916910754995802435e+00 2.868355577749352459e-01
2.926531780522023229e+00 2.845881737498655029e-01
2.936152806048244024e+00 2.823558214256430277e-01
2.945773831574464818e+00 2.801406101969420304e-01
2.955394857100685613e+00 2.779446494584362215e-01
2.965015882626906407e+00 2.757700486047995336e-01
2.974636908153127202e+00 2.736189170307061214e-01
2.984257933679347552e+00 2.714933641308297507e-01
2.993878959205568346e+00 2.693954992998442988e-01
3.003499984731789141e+00 2.673274319324236425e-01
3.013121010258009935e+00 2.652912714232418812e-01
3.022742035784230730e+00 2.632891271669728916e-01
3.032363061310451524e+00 2.613231085582905511e-01
3.041984086836672319e+00 2.593953249918688475e-01
3.051605112362892669e+00 2.575077481888330411e-01
3.061226137889113463e+00 2.556584419563787125e-01
3.070847163415334258e+00 2.538410996696661703e-01
3.080468188941555052e+00 2.520491841637052532e-01
3.090089214467775847e+00 2.502761582735054668e-01
3.099710239993996641e+00 2.485154848340767053e-01
3.109331265520217435e+00 2.467606266804285575e-01
3.118952291046438230e+00 2.450050466475706956e-01
3.128573316572658580e+00 2.432422075705129583e-01
3.138194342098879375e+00 2.414655722842647956e-01
3.147815367625100169e+00 2.396694638512483766e-01
3.157436393151320964e+00 2.378567963564570675e-01
3.167057418677541758e+00 2.360354233308214200e-01
3.176678444203762552e+00 2.342132573294042341e-01
3.186299469729983347e+00 2.323982109072681435e-01
3.195920495256203697e+00 2.305981966194760313e-01
3.205541520782424492e+00 2.288211270210901427e-01
3.215162546308645286e+00 2.270749146671733887e-01
3.224783571834866081e+00 2.253674721127884306e-01
3.234404597361086875e+00 2.237066735525035377e-01
3.244025622887307669e+00 2.220954944264695308e-01
3.253646648413528464e+00 2.205272545299542253e-01
3.263267673939748814e+00 2.189941442746567435e-01
3.272888699465969609e+00 2.174883540722758191e-01
3.282509724992190403e+00 2.160020743345105465e-01
3.292130750518411197e+00 2.145274954730599093e-01
3.301751776044631992e+00 2.130568078996229742e-01
3.311372801570852786e+00 2.115822020258985581e-01
3.320993827097073581e+00 2.100958684007764032e-01
3.330614852623293931e+00 2.085925544844726975e-01
3.340235878149514726e+00 2.070761026577170871e-01
3.349856903675735520e+00 2.055523765996358776e-01
3.359477929201956314e+00 2.040272399893551802e-01
3.369098954728177109e+00 2.025065565060013562e-01
3.378719980254397903e+00 2.009961898287005444e-01
3.388341005780618698e+00 1.995020036365789673e-01
3.397962031306839492e+00 1.980298616087628472e-01
3.407583056833059842e+00 1.965856270066968781e-01
3.417204082359280637e+00 1.951738373760361911e-01
3.426825107885501431e+00 1.937947651972878327e-01
3.436446133411722226e+00 1.924478269227922478e-01
3.446067158937943020e+00 1.911324390048897703e-01
3.455688184464163815e+00 1.898480178959210118e-01
3.465309209990384609e+00 1.885939800482263895e-01
3.474930235516604959e+00 1.873697419141464870e-01
3.484551261042825754e+00 1.861747199460214997e-01
3.494172286569046548e+00 1.850083059875591018e-01
3.503793312095267343e+00 1.838683599546010738e-01
3.513414337621488137e+00 1.827503348539326333e-01
3.523035363147708932e+00 1.816494728102268363e-01
3.532656388673929726e+00 1.805610159481568500e-01
3.542277414200150076e+00 1.794802063923957025e-01
3.551898439726370871e+00 1.784022862676163113e-01
3.561519465252591665e+00 1.773224976984917600e-01
3.571140490778812460e+00 1.762360828096951604e-01
3.580761516305033254e+00 1.751387437708712969e-01
3.590382541831254049e+00 1.740297011152599493e-01
3.600003567357474843e+00 1.729097998458574426e-01
3.609624592883695637e+00 1.717798937037406937e-01
3.619245618409915988e+00 1.706408364299864255e-01
3.628866643936136782e+00 1.694934817656714166e-01
3.638487669462357577e+00 1.683386834518725839e-01
3.648108694988578371e+00 1.671772952296666781e-01
3.657729720514799165e+00 1.660101708401306442e-01
3.667350746041019960e+00 1.648381640243411217e-01
3.676971771567240754e+00 1.636621285233751111e-01
3.686592797093461105e+00 1.624829180783093074e-01
3.696213822619681899e+00 1.613013864302205724e-01
3.705834848145902694e+00 1.601183873201856567e-01
3.715455873672123488e+00 1.589347744892815051e-01
3.725076899198344282e+00 1.577514016785848405e-01
3.734697924724565077e+00 1.565691362075937454e-01
3.744318950250785871e+00 1.553901430271333040e-01
3.753939975777006222e+00 1.542189400773575914e-01
3.763561001303227016e+00 1.530602936813340309e-01
3.773182026829447810e+00 1.519189701621301569e-01
3.782803052355668605e+00 1.507997358428133650e-01
3.792424077881889399e+00 1.497073570464512449e-01
3.802045103408110194e+00 1.486466000961112199e-01
3.811666128934330988e+00 1.476221963210959665e-01
3.821287154460551783e+00 1.466355654466791336e-01
3.830908179986772133e+00 1.456821402543504451e-01
3.840529205512992927e+00 1.447567239135240102e-01
3.850150231039213722e+00 1.438541195936142436e-01
3.859771256565434516e+00 1.429691304640355320e-01
3.869392282091655311e+00 1.420965596942020959e-01
3.879013307617876105e+00 1.412312104535283774e-01
3.888634333144096900e+00 1.403679730972004769e-01
3.898255358670317250e+00 1.395045077803866995e-01
3.907876384196538044e+00 1.386417504536669176e-01
3.917497409722758839e+00 1.377808263464015692e-01
3.927118435248979633e+00 1.369228606879511201e-01
3.936739460775200428e+00 1.360689787076759527e-01
3.946360486301421222e+00 1.352203056349364774e-01
3.955981511827642016e+00 1.343779666990931043e-01
3.965602537353862367e+00 1.335429533934743285e-01
3.975223562880083161e+00 1.327150723400019050e-01
3.984844588406303956e+00 1.318935111158003881e-01
3.994465613932524750e+00 1.310774519083417466e-01
4.004086639458745545e+00 1.302660769050980327e-01
4.013707664984966783e+00 1.294585682935411597e-01
4.023328690511187133e+00 1.286541082611431241e-01
4.032949716037407484e+00 1.278518789953760060e-01
4.042570741563627834e+00 1.270510626837116075e-01
4.052191767089849073e+00 1.262508415136218975e-01
4.061812792616070311e+00 1.254503976725789838e-01
4.071433818142290662e+00 1.246489133480548489e-01
4.081054843668511012e+00 1.238455707275213369e-01
4.090675869194732250e+00 1.230395519984504860e-01
4.100296894720953489e+00 1.222300393483142789e-01
4.109917920247173839e+00 1.214164694178305054e-01
4.119538945773394190e+00 1.206002948243341810e-01
4.129159971299614540e+00 1.197839275983780954e-01
4.138780996825835778e+00 1.189697856303681550e-01
4.148402022352057017e+00 1.181602868107103355e-01
4.158023047878277367e+00 1.173578490298108346e-01
4.167644073404497718e+00 1.165648901780754060e-01
4.177265098930718068e+00 1.157837739637460200e-01
4.186886124456939307e+00 1.150155514232179127e-01
4.196507149983160545e+00 1.142599228885052554e-01
4.206128175509380895e+00 1.135165269010059153e-01
4.215749201035601246e+00 1.127850020021177874e-01
4.225370226561822484e+00 1.120649867332386834e-01
4.234991252088043723e+00 1.113561196357664984e-01
4.244612277614264073e+00 1.106580392510992661e-01
4.254233303140484423e+00 1.099703841206347704e-01
4.263854328666704774e+00 1.092927927857709203e-01
4.273475354192926012e+00 1.086249037879055274e-01
4.283096379719147251e+00 1.079663556684365422e-01
4.292717405245367601e+00 1.073167869687619014e-01
4.302338430771587952e+00 1.066758362302794860e-01
4.311959456297809190e+00 1.060431445133456496e-01
4.321580481824029540e+00 1.054186146441288968e-01
4.331201507350250779e+00 1.048026361958608460e-01
4.340822532876471129e+00 1.041956517594844478e-01
4.350443558402691480e+00 1.035981039259423614e-01
4.360064583928912718e+00 1.030104352861773570e-01
4.369685609455133957e+00 1.024330884311322742e-01
4.379306634981354307e+00 1.018664743868646916e-01
4.388927660507574657e+00 1.013089314117333190e-01
4.398548686033795008e+00 1.007554776686905851e-01
4.408169711560016246e+00 1.002008328005765392e-01
4.417790737086237485e+00 9.963971645023123047e-02
4.427411762612457835e+00 9.906684826049483306e-02
4.437032788138678185e+00 9.847694787420734064e-02
4.446653813664899424e+00 9.786501554220018717e-02
4.456274839191120662e+00 9.723313122803939335e-02
4.465895864717341013e+00 9.659082073729174933e-02
4.475516890243561363e+00 9.594796376773465085e-02
4.485137915769781713e+00 9.531444001714561853e-02
4.494758941296002952e+00 9.470012918330202034e-02
4.504379966822224191e+00 9.411491096398143241e-02
4.514000992348444541e+00 9.356722928687390139e-02
4.523622017874664891e+00 9.305261306829874790e-02
4.533243043400885242e+00 9.255975970498860061e-02
4.542864068927106480e+00 9.207730448247772315e-02
4.552485094453327719e+00 9.159388268630040686e-02
4.562106119979548069e+00 9.109812960199091536e-02
4.571727145505768419e+00 9.057868365067577032e-02
4.581348171031989658e+00 9.002893276695549118e-02
4.590969196558210896e+00 8.945657357826429512e-02
4.600590222084431247e+00 8.887198645863261803e-02
4.610211247610651597e+00 8.828555178209085419e-02
4.619832273136871947e+00 8.770764992266937010e-02
4.629453298663093186e+00 8.714866125439853228e-02
4.639074324189314424e+00 8.661850107609479765e-02
4.648695349715534775e+00 8.611823809078436587e-02
4.658316375241755125e+00 8.564101444103880412e-02
4.667937400767975475e+00 8.517969189715519918e-02
4.677558426294196714e+00 8.472713222943056843e-02
4.687179451820417952e+00 8.427619720816206805e-02
4.696800477346638303e+00 8.381974932420342694e-02
4.706421502872858653e+00 8.335263176483224956e-02
4.716042528399079892e+00 8.287598783848451611e-02
4.725663553925301130e+00 8.239221065722707182e-02
4.735284579451521481e+00 8.190369333312683131e-02
4.744905604977741831e+00 8.141282897825057041e-02
4.754526630503962181e+00 8.092201070466513435e-02
4.764147656030184308e+00 8.043363162443727121e-02
4.773768681556404658e+00 7.995008484963395112e-02
4.783389707082625009e+00 7.947376349232199155e-02
4.793010732608845359e+00 7.900706066456818222e-02
4.802631758135065709e+00 7.855236947843940998e-02
4.812252783661287836e+00 7.811208304600235353e-02
4.821873809187508186e+00 7.768851584310797198e-02
4.831494834713728537e+00 7.728086483395789352e-02
4.841115860239948887e+00 7.688424185588316195e-02
4.850736885766169237e+00 7.649348214322140849e-02
4.860357911292391364e+00 7.610342093031018107e-02
4.869978936818611714e+00 7.570889345148723582e-02
4.879599962344832065e+00 7.530474517018372060e-02
4.889220987871052415e+00 7.488885279398424522e-02
4.898842013397274542e+00 7.446633884653031110e-02
4.908463038923494892e+00 7.404338571548353676e-02
4.918084064449715243e+00 7.362617578850524924e-02
4.927705089975935593e+00 7.322089145325690052e-02
4.937326115502155943e+00 7.283371503199721764e-02
4.946947141028378070e+00 7.246812823732587394e-02
4.956568166554598420e+00 7.211773307388651133e-02
4.966189192080818771e+00 7.177387290456416213e-02
4.975810217607039121e+00 7.142789109224399746e-02
4.985431243133259471e+00 7.107113099981113291e-02
4.995052268659481598e+00 7.069493599015065632e-02
5.004673294185701948e+00 7.029338287881282954e-02
5.014294319711922299e+00 6.987299743050537360e-02
5.023915345238142649e+00 6.944384749342309704e-02
5.033536370764364776e+00 6.901600116757443393e-02
5.043157396290585126e+00 6.859952655296812363e-02
5.052778421816805476e+00 6.820449174961257244e-02
5.062399447343025827e+00 6.783826984291088658e-02
5.072020472869246177e+00 6.749585651364760353e-02
5.081641498395468304e+00 6.716869629987953783e-02
5.091262523921688654e+00 6.684823343749810021e-02
5.100883549447909004e+00 6.652591216239467364e-02
5.110504574974129355e+00 6.619317672872795932e-02
5.120125600500351482e+00 6.584427060690954681e-02
5.129746626026571832e+00 6.548401265266179383e-02
5.139367651552792182e+00 6.511971873107064157e-02
5.148988677079012533e+00 6.475870470722212835e-02
5.158609702605232883e+00 6.440828644620225085e-02
5.168230728131455010e+00 6.407577328999336519e-02
5.177851753657675360e+00 6.376554441066144274e-02
5.187472779183895710e+00 6.347443911655045734e-02
5.197093804710116061e+00 6.319810059118119439e-02
5.206714830236336411e+00 6.293217201807442540e-02
5.216335855762558538e+00 6.267229658075093579e-02
5.225956881288778888e+00 6.241411746273158728e-02
5.235577906814999238e+00 6.215327784753711671e-02
5.245198932341219589e+00 6.188542091868830253e-02
5.254819957867441715e+00 6.160618985970590933e-02
5.264440983393662066e+00 6.131122785411081966e-02
5.274062008919882416e+00 6.099617808542377034e-02
5.283683034446102766e+00 6.065723210193143394e-02
5.293304059972323117e+00 6.029880958556307208e-02
5.302925085498545243e+00 5.993167602138041450e-02
5.312546111024765594e+00 5.956676081181305760e-02
5.322167136550985944e+00 5.921499335929036878e-02
5.331788162077206294e+00 5.888730306624182648e-02
5.341409187603426645e+00 5.859195497595320185e-02
5.351030213129648772e+00 5.832341968784720415e-02
5.360651238655869122e+00 5.807171691852953260e-02
5.370272264182089472e+00 5.782686419544181416e-02
5.379893289708309823e+00 5.757887904602568274e-02
5.389514315234531949e+00 5.731784585362909717e-02
5.399135340760752300e+00 5.703960330415829699e-02
5.408756366286972650e+00 5.675008900914320364e-02
5.418377391813193000e+00 5.645626350620880363e-02
5.427998417339413351e+00 5.616508733298011813e-02
5.437619442865635477e+00 5.588352102708202263e-02
5.447240468391855828e+00 5.561778582946016319e-02
5.456861493918076178e+00 5.536688103652751686e-02
5.466482519444296528e+00 5.512572502846888739e-02
5.476103544970518655e+00 5.488918999918410146e-02
5.485724570496739005e+00 5.465214814257297188e-02
5.495345596022959356e+00 5.440948283034524602e-02
5.504966621549179706e+00 5.415847563282426974e-02
5.514587647075400056e+00 5.390177288387971305e-02
5.524208672601622183e+00 5.364274898998843549e-02
5.533829698127842533e+00 5.338477835762742846e-02
5.543450723654062884e+00 5.313123539327351680e-02
5.553071749180283234e+00 5.288517798941606840e-02
5.562692774706503585e+00 5.264676686085519725e-02
5.572313800232725711e+00 5.241460842179406637e-02
5.581934825758946062e+00 5.218729425176062836e-02
5.591555851285166412e+00 5.196341593028261374e-02
5.601176876811386762e+00 5.174157444258931093e-02
5.610797902337608889e+00 5.152098294491253699e-02
5.620418927863829239e+00 5.130183203244060436e-02
5.630039953390049590e+00 5.108439981178531514e-02
5.639660978916269940e+00 5.086896438955858246e-02
5.649282004442490290e+00 5.065580387237227783e-02
5.658903029968712417e+00 5.044519636683821723e-02
5.668524055494932767e+00 5.023741997956837624e-02
5.678145081021153118e+00 5.003275281717462636e-02
5.687766106547373468e+00 4.983147298626881133e-02
5.697387132073593818e+00 4.963385859346279572e-02
5.707008157599815945e+00 4.944006096789479304e-02
5.716629183126036295e+00 4.924863572598685291e-02
5.726250208652256646e+00 4.905704797507697695e-02
5.735871234178476996e+00 4.886274169835814335e-02
5.745492259704699123e+00 4.866316087902321230e-02
5.755113285230919473e+00 4.845581480746366521e-02
5.764734310757139824e+00 4.824111627493096049e-02
5.774355336283360174e+00 4.802347550544596583e-02
5.783976361809580524e+00 4.780759385216640928e-02
5.793597387335802651e+00 4.759817266825003973e-02
5.803218412862023001e+00 4.739990833641113260e-02
5.812839438388243352e+00 4.721552367952974727e-02
5.822460463914463702e+00 4.704276673226718414e-02
5.832081489440684052e+00 4.687861387292652227e-02
5.841702514966906179e+00 4.672004147981079214e-02
5.851323540493126529e+00 4.656402593122307976e-02
5.860944566019346880e+00 4.640800549627061705e-02
5.870565591545567230e+00 4.625137670929385658e-02
5.880186617071789357e+00 4.609405498478708063e-02
5.889807642598009707e+00 4.593595574081723448e-02
5.899428668124230057e+00 4.577699439545118015e-02
5.909049693650450408e+00 4.561708636675583517e-02
5.918670719176670758e+00 4.545614707279808930e-02
5.928291744702892885e+00 4.529409193164481151e-02
5.937912770229113235e+00 4.513083636136294707e-02
5.947533795755333585e+00 4.496629578001939270e-02
5.957154821281553936e+00 4.480045341669538356e-02
5.966775846807776063e+00 4.463386714239243880e-02
5.976396872333996413e+00 4.446738423704704041e-02
5.986017897860216763e+00 4.430185418589181051e-02
5.995638923386437114e+00 4.413812647415935042e-02
6.005259948912657464e+00 4.397700381417096044e-02
6.014880974438879591e+00 4.381882192852794289e-02
6.024501999965099941e+00 4.366364809937051811e-02
6.034123025491320291e+00 4.351154640321894251e-02
6.043744051017540642e+00 4.336258091659352804e-02
6.053365076543760992e+00 4.321681571601458660e-02
6.062986102069983119e+00 4.307431487800237463e-02
6.072607127596203469e+00 4.293514247907723874e-02
6.082228153122423819e+00 4.279936259575947005e-02
6.091849178648644170e+00 4.266703930456937355e-02
6.101470204174866296e+00 4.253815971873335655e-02
6.111091229701086647e+00 4.241200273139283938e-02
6.120712255227306997e+00 4.228746565517660372e-02
6.130333280753527347e+00 4.216344210756881039e-02
6.139954306279747698e+00 4.203882570605361330e-02
6.149575331805969824e+00 4.191270832097697407e-02
6.159196357332190175e+00 4.178562926468354366e-02
6.168817382858410525e+00 4.165876970829299197e-02
6.178438408384630876e+00 4.153331370582390852e-02
6.188059433910851226e+00 4.141044531129487588e-02
6.197680459437073353e+00 4.129111061343130468e-02
6.207301484963293703e+00 4.117501462583829375e-02
6.216922510489514053e+00 4.106145907793935790e-02
6.226543536015734404e+00 4.094974548501725126e-02
6.236164561541956530e+00 4.083917536246408492e-02
6.245785587068176881e+00 4.072905092138918992e-02
6.255406612594397231e+00 4.061867671953025422e-02
6.265027638120617581e+00 4.050735780887325388e-02
6.274648663646837932e+00 4.039439924140415805e-02
6.284269689173060058e+00 4.027911541294921377e-02
6.293890714699280409e+00 4.016209581474507878e-02
6.303511740225500759e+00 4.004648815318418570e-02
6.313132765751721109e+00 3.993574580326960527e-02
6.322753791277941460e+00 3.983332214000451232e-02
6.332374816804163586e+00 3.974254440668624488e-02
6.341995842330383937e+00 3.966311361436301169e-02
6.351616867856604287e+00 3.959064905643856075e-02
6.361237893382824637e+00 3.952055239753241023e-02
6.370858918909046764e+00 3.944822530226416157e-02
6.380479944435267114e+00 3.936942755167253255e-02
6.390100969961487465e+00 3.928354343870980175e-02
6.399721995487707815e+00 3.919206296358872244e-02
6.409343021013928166e+00 3.909650210692850597e-02
6.418964046540150292e+00 3.899837684934831517e-02
6.428585072066370643e+00 3.889920317146739609e-02
6.438206097592590993e+00 3.880049705390493930e-02
6.447827123118811343e+00 3.870377447728012843e-02
6.457448148645033470e+00 3.861055142221213321e-02
6.467069174171253820e+00 3.852232986307393275e-02
6.476690199697474171e+00 3.843959826651188738e-02
6.486311225223694521e+00 3.836116558619694084e-02
6.495932250749914871e+00 3.828568282133624351e-02
6.505553276276136998e+00 3.821180097113692498e-02
6.515174301802357348e+00 3.813826076350670946e-02
6.524795327328577699e+00 3.806487672687978996e-02
6.534416352854798049e+00 3.799217102817192826e-02
6.544037378381018399e+00 3.792067831442173104e-02
6.553658403907240526e+00 3.785093323051487435e-02
6.563279429433460876e+00 3.778343458305830072e-02
6.572900454959681227e+00 3.771855429638123341e-02
6.582521480485901577e+00 3.765663622838498481e-02
6.592142506012123704e+00 3.759802423697079787e-02
6.601763531538344054e+00 3.754302459379482010e-02
6.611384557064564405e+00 3.749085869622597461e-02
6.621005582590784755e+00 3.743952435272539236e-02
6.630626608117005105e+00 3.738695391661236989e-02
6.640247633643227232e+00 3.733107974120622452e-02
6.649868659169447582e+00 3.727040094534998793e-02
6.659489684695667933e+00 3.720650537526772744e-02
6.669110710221888283e+00 3.714202791716309654e-02
6.678731735748108633e+00 3.707960430070266628e-02
6.688352761274330760e+00 3.702182852432935739e-02
6.697973786800551110e+00 3.696935594196280872e-02
6.707594812326771461e+00 3.692012351899467970e-02
6.717215837852991811e+00 3.687186493261535719e-02
6.726836863379213938e+00 3.682231386001530438e-02
6.736457888905434288e+00 3.676960847520604342e-02
6.746078914431654638e+00 3.671425757425114678e-02
6.755699939957874989e+00 3.665763091824831427e-02
6.765320965484095339e+00 3.660109948575109712e-02
6.774941991010317466e+00 3.654603425531309513e-02
6.784563016536537816e+00 3.649380620548788728e-02
6.794184042062758166e+00 3.644578631482902481e-02
6.803805067588978517e+00 3.640334556189009363e-02
6.813426093115200644e+00 3.636785492522466579e-02
6.823047118641420994e+00 3.634006419692119988e-02
6.832668144167641344e+00 3.631796400347537396e-02
6.842289169693861695e+00 3.629877916369840529e-02
6.851910195220082045e+00 3.627973446704019916e-02
6.861531220746304172e+00 3.625816417825435817e-02
6.871152246272524522e+00 3.623339355689049468e-02
6.880773271798744872e+00 3.620648382135405186e-02
6.890394297324965223e+00 3.617855435754174093e-02
6.900015322851185573e+00 3.615072340132675227e-02
6.909636348377407700e+00 3.612372169464179994e-02
6.919257373903628050e+00 3.609733115822300747e-02
6.928878399429848400e+00 3.607119116503655631e-02
6.938499424956068751e+00 3.604494108804860014e-02
6.948120450482290877e+00 3.601831418209459207e-02
6.957741476008511228e+00 3.599171941494797022e-02
6.967362501534731578e+00 3.596586165823080494e-02
6.976983527060951928e+00 3.594144703665243940e-02
6.986604552587172279e+00 3.591916298370746025e-02
6.996225578113394405e+00 3.589921361220158036e-02
7.005846603639614756e+00 3.588128802881924984e-02
7.015467629165835106e+00 3.586505030393283971e-02
7.025088654692055457e+00 3.585016463709083528e-02
7.034709680218275807e+00 3.583633761404499130e-02
7.044330705744497934e+00 3.582337910369455536e-02
7.053951731270718284e+00 3.581111440843732369e-02
7.063572756796938634e+00 3.579936883067110637e-02
7.073193782323158985e+00 3.578801803547077692e-02
7.082814807849381111e+00 3.577722101977526270e-02
7.092435833375601462e+00 3.576723578296809453e-02
7.102056858901821812e+00 3.575832042813577999e-02
7.111677884428042162e+00 3.575073305836480586e-02
7.121298909954262513e+00 3.574473177674164504e-02
7.130919935480484639e+00 3.574057468635282592e-02
7.140540961006704990e+00 3.573851989028482140e-02
7.150161986532925340e+00 3.573880607413507104e-02
7.159783012059145690e+00 3.574090766438275252e-02
7.169404037585366041e+00 3.574330081286469091e-02
7.179025063111588167e+00 3.574439440144146912e-02
7.188646088637808518e+00 3.574260147492962225e-02
7.198267114164028868e+00 3.573734837156872929e-02
7.207888139690249218e+00 3.573039007618072915e-02
7.217509165216471345e+00 3.572380744661422108e-02
7.227130190742691696e+00 3.571968134067247946e-02
7.236751216268912046e+00 3.571962594286423598e-02
7.246372241795132396e+00 3.572341441689520086e-02
7.255993267321352747e+00 3.573036600133999707e-02
7.265614292847574873e+00 3.573979993477328226e-02
7.275235318373795224e+00 3.575107876705002630e-02
7.284856343900015574e+00 3.576384443148288711e-02
7.294477369426235924e+00 3.577784975428508624e-02
7.304098394952458051e+00 3.579284784181086670e-02
7.313719420478678401e+00 3.580859180041445072e-02
7.323340446004898752e+00 3.582483473645005356e-02
7.332961471531119102e+00 3.584132975627191825e-02
7.342582497057339452e+00 3.585782996623430169e-02
7.352203522583561579e+00 3.587413732226819862e-02
7.361824548109781929e+00 3.589082173285629979e-02
7.371445573636002280e+00 3.590906380186701524e-02
7.381066599162222630e+00 3.593006101278824194e-02
7.390687624688442980e+00 3.595495090774097902e-02
7.400308650214665107e+00 3.598344785207758384e-02
7.409929675740885457e+00 3.601381784958494064e-02
7.419550701267105808e+00 3.604426192523797756e-02
7.429171726793326158e+00 3.607298110401160190e-02
7.438792752319548285e+00 3.609817641088077650e-02
7.448413777845768635e+00 3.611804887082037396e-02
7.458034803371988986e+00 3.613079950880534325e-02
7.467655828898209336e+00 3.613470447680897091e-02
7.477276854424429686e+00 3.613156739861726058e-02
7.486897879950651813e+00 3.612815994327683161e-02
7.496518905476872163e+00 3.613162765484846661e-02
7.506139931003092514e+00 3.614903008968696485e-02
7.515760956529312864e+00 3.618247735702580931e-02
7.525381982055533214e+00 3.622652619469404756e-02
7.535003007581755341e+00 3.627509721744728854e-02
7.544624033107975691e+00 3.632215413164553014e-02
7.554245058634196042e+00 3.636431587100403401e-02
7.563866084160416392e+00 3.640235757576159442e-02
7.573487109686638519e+00 3.643741669746609901e-02
7.583108135212858869e+00 3.647062833081783639e-02
7.592729160739079219e+00 3.650299325608677425e-02
7.602350186265299570e+00 3.653530804722605885e-02
7.611971211791519920e+00 3.656835216924680249e-02
7.621592237317742047e+00 3.660290276838325252e-02
7.631213262843962397e+00 3.663962964484638457e-02
7.640834288370182747e+00 3.667905229330015865e-02
7.650455313896403098e+00 3.672167899138015223e-02
7.660076339422623448e+00 3.676798636122198538e-02
7.669697364948845575e+00 3.681736874330379661e-02
7.679318390475065925e+00 3.686789480900631855e-02
7.688939416001286276e+00 3.691755226799589562e-02
7.698560441527506626e+00 3.696438691458658193e-02
7.708181467053728753e+00 3.700782754156864418e-02
7.717802492579949103e+00 3.704871259628930019e-02
7.727423518106169453e+00 3.708794394256881288e-02
7.737044543632389804e+00 3.712642344422746599e-02
7.746665569158610154e+00 3.716505296508554324e-02
7.756286594684832281e+00 3.720473436896330061e-02
7.765907620211052631e+00 3.724636951968102183e-02
7.775528645737272981e+00 3.729079534356055659e-02
7.785149671263493332e+00 3.733815600611280205e-02
7.794770696789715458e+00 3.738817656922303195e-02
7.804391722315935809e+00 3.744057626029407421e-02
7.814012747842156159e+00 3.749483541128487835e-02
7.823633773368376509e+00 3.754876621039197199e-02
7.833254798894596860e+00 3.759946967604238521e-02
7.842875824420818986e+00 3.764404418396893187e-02
7.852496849947039337e+00 3.768110065179964413e-02
7.862117875473259687e+00 3.771600479162933589e-02
7.871738900999480038e+00 3.775600721500407125e-02
7.881359926525700388e+00 3.780835291440606122e-02
7.890980952051922515e+00 3.787632187708744186e-02
7.900601977578142865e+00 3.795230195634764769e-02
7.910223003104363215e+00 3.802682707903334847e-02
7.919844028630583566e+00 3.809051439158567254e-02
7.929465054156805692e+00 3.813999762957842599e-02
7.939086079683026043e+00 3.818187779625072109e-02
7.948707105209246393e+00 3.822369292473757479e-02
7.958328130735466743e+00 3.827276275514068099e-02
7.967949156261687094e+00 3.833156320634450304e-02
7.977570181787909220e+00 3.839782267185529174e-02
7.987191207314129571e+00 3.846907051374832270e-02
7.996812232840349921e+00 3.854294621333052839e-02
8.006433258366570271e+00 3.861813461076916976e-02
8.016054283892790622e+00 3.869389800008745522e-02
8.025675309419012748e+00 3.876950475066757995e-02
8.035296334945233099e+00 3.884422323189167664e-02
8.044917360471453449e+00 3.891732181314193351e-02
8.054538385997673799e+00 3.898806886380051101e-02
8.064159411523895926e+00 3.905573275324960431e-02
8.073780437050116277e+00 3.911958185087135303e-02
8.083401462576336627e+00 3.917888452604793154e-02
8.093022488102556977e+00 3.923290914816151415e-02
8.102643513628777328e+00 3.928107257840626754e-02
8.112264539154999454e+00 3.932662417635271468e-02
8.121885564681219805e+00 3.937689298059759285e-02
8.131506590207440155e+00 3.943940601822645831e-02
8.141127615733660505e+00 3.952019205850068606e-02
8.150748641259882632e+00 3.961266103391497539e-02
8.160369666786102982e+00 3.970389997725598530e-02
8.169990692312323333e+00 3.978094960163707644e-02
8.179611717838543683e+00 3.983607022797230196e-02
8.189232743364764033e+00 3.987897292804339772e-02
8.198853768890986160e+00 3.992301142822564375e-02
8.208474794417206510e+00 3.998135006914801948e-02
8.218095819943426861e+00 4.005863747865708036e-02
8.227716845469647211e+00 4.014774235233063704e-02
8.237337870995867561e+00 4.024066953190539447e-02
8.246958896522089688e+00 4.033004346277115765e-02
8.256579922048310038e+00 4.041470573208383321e-02
8.266200947574530389e+00 4.049708566457548009e-02
8.275821973100750739e+00 4.057965584565619704e-02
8.285442998626972866e+00 4.066420496793627520e-02
8.295064024153193216e+00 4.075020665738034870e-02
8.304685049679413567e+00 4.083664515384919508e-02
8.314306075205633917e+00 4.092250469720348088e-02
8.323927100731854267e+00 4.100676952730394897e-02
8.333548126258076394e+00 4.108842388401134221e-02
8.343169151784296744e+00 4.116645200718633407e-02
8.352790177310517095e+00 4.124024665246083660e-02
8.362411202836737445e+00 4.131224658925913146e-02
8.372032228362957795e+00 4.138626638797903573e-02
8.381653253889179922e+00 4.146611960772095262e-02
8.391274279415400272e+00 4.155376762818017294e-02
8.400895304941620623e+00 4.164692937031791442e-02
8.410516330467840973e+00 4.174273227801968134e-02
8.420137355994063100e+00 4.183837757497378684e-02
8.429758381520283450e+00 4.193217518568947977e-02
8.439379407046503800e+00 4.202329094367273504e-02
8.449000432572724151e+00 4.211091284378291888e-02
8.458621458098944501e+00 4.219460021222303653e-02
8.468242483625166628e+00 4.227530337439337066e-02
8.477863509151386978e+00 4.235429830364637743e-02
8.487484534677607328e+00 4.243286097333454077e-02
8.497105560203827679e+00 4.251226735681038621e-02
8.506726585730048029e+00 4.259379342742636299e-02
8.516347611256270156e+00 4.267871515853500358e-02
8.525968636782490506e+00 4.276778488037148024e-02
8.535589662308710857e+00 4.285901738481121687e-02
8.545210687834931207e+00 4.294953584493634707e-02
8.554831713361153334e+00 4.303650731526006967e-02
8.564452738887373684e+00 4.311908149497312853e-02
8.574073764413594034e+00 4.319914360621662786e-02
8.583694789939814385e+00 4.327877872129433368e-02
8.593315815466034735e+00 4.336007191251005366e-02
8.602936840992256862e+00 4.344510825216753303e-02
8.612557866518477212e+00 4.353597281257055168e-02
8.622178892044697562e+00 4.363469969778328850e-02
8.631799917570917913e+00 4.374061903591003331e-02
8.641420943097140039e+00 4.384906164156124331e-02
8.651041968623360390e+00 4.395503578760821123e-02
8.660662994149580740e+00 4.405446183177294528e-02
8.670284019675801090e+00 4.414886712891107762e-02
8.679905045202021441e+00 4.424190818883667192e-02
8.689526070728243567e+00 4.433720970081513058e-02
8.699147096254463918e+00 4.443681366091716683e-02
8.708768121780684268e+00 4.454059119713408427e-02
8.718389147306904619e+00 4.464825619217707708e-02
8.728010172833124969e+00 4.475890827058265353e-02
8.737631198359347096e+00 4.486846052979171634e-02
8.747252223885567446e+00 4.497179594716940038e-02
8.756873249411787796e+00 4.506403272847044061e-02
8.766494274938009923e+00 4.514684164047406967e-02
8.776115300464230273e+00 4.522914329307222564e-02
8.785736325990450624e+00 4.532023391519317962e-02
8.795357351516670974e+00 4.542630715007554831e-02
8.804978377042891324e+00 4.554193317226040705e-02
8.814599402569113451e+00 4.565896068327067459e-02
8.824220428095333801e+00 4.576960637998505471e-02
8.833841453621554152e+00 4.587169602386545475e-02
8.843462479147774502e+00 4.596742641471423391e-02
8.853083504673996629e+00 4.605910990515234282e-02
8.862704530200216979e+00 4.614905884780077377e-02
8.872325555726437329e+00 4.623958559528053291e-02
8.881946581252657680e+00 4.633300250021261252e-02
8.891567606778878030e+00 4.643128184420506482e-02
8.901188632305100157e+00 4.653371894592655406e-02
8.910809657831320507e+00 4.663834214273818168e-02
8.920430683357540858e+00 4.674322641150652907e-02
8.930051708883761208e+00 4.684865900635796360e-02
8.939672734409981558e+00 4.695786331282599674e-02
8.949293759936203685e+00 4.707426533044820061e-02
8.958914785462424035e+00 4.719912882243039454e-02
8.968535810988644386e+00 4.732546301630887603e-02
8.978156836514864736e+00 4.744430765104694359e-02
8.987777862041086863e+00 4.754766132420443908e-02
8.997398887567307213e+00 4.763930676456810953e-02
9.007019913093527563e+00 4.773094339819838189e-02
9.016640938619747914e+00 4.783432201247411752e-02
9.026261964145968264e+00 4.795377821004585123e-02
9.035882989672190391e+00 4.808106071190602904e-02
9.045504015198410741e+00 4.820669679039403521e-02
9.055125040724631091e+00 4.832328492648741564e-02
9.064746066250851442e+00 4.843278181563678148e-02
9.074367091777071792e+00 4.853978593216259907e-02
9.083988117303293919e+00 4.864868190323792113e-02
9.093609142829514269e+00 4.876101685408305852e-02
9.103230168355734619e+00 4.887632624660093184e-02
9.112851193881954970e+00 4.899410285679176025e-02
9.122472219408177097e+00 4.911383946065585315e-02
9.132093244934397447e+00 4.923502883419340892e-02
9.141714270460617797e+00 4.935716375328995376e-02
9.151335295986838148e+00 4.947960832408088150e-02
9.160956321513058498e+00 4.960122676221860594e-02
9.170577347039280625e+00 4.972076190223206210e-02
9.180198372565500975e+00 4.983669033684446498e-02
9.189819398091721325e+00 4.994489048362731054e-02
9.199440423617941676e+00 5.003977378545492599e-02
9.209061449144162026e+00 5.011619185835185925e-02
9.218682474670384153e+00 5.018364006058995130e-02
9.228303500196604503e+00 5.026900976671570820e-02
9.237924525722824853e+00 5.040015338188325728e-02
9.247545551249045204e+00 5.058653806381992885e-02
9.257166576775267330e+00 5.079210583550699404e-02
9.266787602301487681e+00 5.097387410761412135e-02
9.276408627827708031e+00 5.109754886585641392e-02
9.286029653353928381e+00 5.117536126311926503e-02
9.295650678880148732e+00 5.123505010648417290e-02
9.305271704406370858e+00 5.130301054037097325e-02
9.314892729932591209e+00 5.138917488408032558e-02
9.324513755458811559e+00 5.149250269541377767e-02
9.334134780985031909e+00 5.161170718160500853e-02
9.343755806511254036e+00 5.174384047935791375e-02
9.353376832037474387e+00 5.188388849571599903e-02
9.362997857563694737e+00 5.202670788762701198e-02
9.372618883089915087e+00 5.216715531203870715e-02
9.382239908616135438e+00 5.230008742589881826e-02
9.391860934142357564e+00 5.242036088615512068e-02
9.401481959668577915e+00 5.252564376555026587e-02
9.411102985194798265e+00 5.262580589313347462e-02
9.420724010721018615e+00 5.273402653779957899e-02
9.430345036247238966e+00 5.286135868485419831e-02
9.439966061773461092e+00 5.300135395761202545e-02
9.449587087299681443e+00 5.313896186757209594e-02
9.459208112825901793e+00 5.325991649496404634e-02
9.468829138352122143e+00 5.336413659251374592e-02
9.478450163878344270e+00 5.346331239842866401e-02
9.488071189404564620e+00 5.356933690974467061e-02
9.497692214930784971e+00 5.368761468324724506e-02
9.507313240457005321e+00 5.381481067816464708e-02
9.516934265983225671e+00 5.394697341618667763e-02
9.526555291509447798e+00 5.408015141900312378e-02
9.536176317035668148e+00 5.421039320830369629e-02
9.545797342561888499e+00 5.433374746973284458e-02
9.555418368088108849e+00 5.444811155124611168e-02
9.565039393614329200e+00 5.455781342182360050e-02
9.574660419140551326e+00 5.466857841374998805e-02
9.584281444666771677e+00 5.478527248387226462e-02
9.593902470192992027e+00 5.490799871581496933e-02
9.603523495719212377e+00 5.503521947059194369e-02
9.613144521245434504e+00 5.516539558501252355e-02
9.622765546771654854e+00 5.529698789588592678e-02
9.632386572297875205e+00 5.542845724002148228e-02
9.642007597824095555e+00 5.555837050247557779e-02
9.651628623350315905e+00 5.568680517727665757e-02
9.661249648876538032e+00 5.581496385412679229e-02
9.670870674402758382e+00 5.594409365140642909e-02
9.680491699928978733e+00 5.607587339017129635e-02
9.690112725455199083e+00 5.621242789184725808e-02
9.699733750981419433e+00 5.635579299486332544e-02
9.709354776507641560e+00 5.650295326776866300e-02
9.718975802033861910e+00 5.664383171643876808e-02
9.728596827560082261e+00 5.676791616382179800e-02
9.738217853086302611e+00 5.687406212036628245e-02
9.747838878612524738e+00 5.697851780299435093e-02
9.757459904138745088e+00 5.709939195806664619e-02
9.767080929664965439e+00 5.724504166700102037e-02
9.776701955191185789e+00 5.740015945792080465e-02
9.786322980717406139e+00 5.754592092706554973e-02
9.795944006243628266e+00 5.767039976909835858e-02
9.805565031769848616e+00 5.778318894358755453e-02
9.815186057296068967e+00 5.789806592992086803e-02
9.824807082822289317e+00 5.802551625986254041e-02
9.834428108348511444e+00 5.816309107243802790e-02
9.844049133874731794e+00 5.830516522733990292e-02
9.853670159400952144e+00 5.844611358426075876e-02
9.863291184927172495e+00 5.858031100289320253e-02
9.872912210453392845e+00 5.870213234292983445e-02
9.882533235979614972e+00 5.880827192876756510e-02
9.892154261505835322e+00 5.890881429812928893e-02
9.901775287032055672e+00 5.901863855064571479e-02
9.911396312558276023e+00 5.914986786490268600e-02
9.921017338084496373e+00 5.929599898754838588e-02
9.930638363610718500e+00 5.944283145359139514e-02
9.940259389136938850e+00 5.957850706414371394e-02
9.949880414663159200e+00 5.970935646691842569e-02
9.959501440189379551e+00 5.985014401237091775e-02
9.969122465715601678e+00 6.001282267714027480e-02
9.978743491241822028e+00 6.018495470740564679e-02
9.988364516768042378e+00 6.034174461741359519e-02
9.997985542294262729e+00 6.046188925928116381e-02
1.000760656782048308e+01 6.055718784722928516e-02
1.001722759334670521e+01 6.065730942401235254e-02
1.002684861887292556e+01 6.078851894064704608e-02
1.003646964439914591e+01 6.094241653341433973e-02
1.004609066992536626e+01 6.109114270162902677e-02
1.005571169545158661e+01 6.120938169956260944e-02
1.006533272097780873e+01 6.129907697302330871e-02
1.007495374650402908e+01 6.137771146693340313e-02
1.008457477203024943e+01 6.146294893992252512e-02
1.009419579755646978e+01 6.157245315062034180e-02
1.010381682308269191e+01 6.172388785765649949e-02
1.011343784860891226e+01 6.193021213646299900e-02
1.012305887413513261e+01 6.216015763243990661e-02
1.013267989966135296e+01 6.235821454919930618e-02
1.014230092518757331e+01 6.247681698158081415e-02
1.015192195071379544e+01 6.254039238167923009e-02
1.016154297624001579e+01 6.261073094995676935e-02
1.017116400176623614e+01 6.274169152863660892e-02
1.018078502729245649e+01 6.292113565776293049e-02
1.019040605281867862e+01 6.310525415726674081e-02
1.020002707834489897e+01 6.325555424277964911e-02
1.020964810387111932e+01 6.337274848595163268e-02
1.021926912939733967e+01 6.347452723247605511e-02
1.022889015492356002e+01 6.357763659108997545e-02
1.023851118044978215e+01 6.369257665745862995e-02
1.024813220597600250e+01 6.382746779704091822e-02
1.025775323150222285e+01 6.398647590148735798e-02
1.026737425702844320e+01 6.415307071417034046e-02
1.027699528255466355e+01 6.430396635915014425e-02
1.028661630808088567e+01 6.442171421380439578e-02
1.029623733360710602e+01 6.451429826088711517e-02
1.030585835913332637e+01 6.459662274802827064e-02
1.031547938465954672e+01 6.468359206659506089e-02
1.032510041018576885e+01 6.479011060795468457e-02
1.033472143571198920e+01 6.493107118688039303e-02
1.034434246123820955e+01 6.511167599059200506e-02
1.035396348676442990e+01 6.530984409359180676e-02
1.036358451229065025e+01 6.549877265746487098e-02
1.037320553781687238e+01 6.566068151695551858e-02
1.038282656334309273e+01 6.579770825867344020e-02
1.039244758886931308e+01 6.591468096850380820e-02
1.040206861439553343e+01 6.601866443111510663e-02
1.041168963992175378e+01 6.612054590460784975e-02
1.042131066544797591e+01 6.623143631508968121e-02
1.043093169097419626e+01 6.635652309988798736e-02
1.044055271650041661e+01 6.649325724444141161e-02
1.045017374202663696e+01 6.663856848507185293e-02
1.045979476755285908e+01 6.678938655810119640e-02
1.046941579307907944e+01 6.694264119985122996e-02
1.047903681860529979e+01 6.709574744572772975e-02
1.048865784413152014e+01 6.725275770721049484e-02
1.049827886965774049e+01 6.742253235194652083e-02
1.050789989518396261e+01 6.761235380604863066e-02
1.051752092071018296e+01 6.781469174613828643e-02
1.052714194623640331e+01 6.801432755135336516e-02
1.053676297176262366e+01 6.819597720867927315e-02
1.054638399728884401e+01 6.834435670510147220e-02
1.055600502281506614e+01 6.844418208437873241e-02
1.056562604834128649e+01 6.849090193874012023e-02
1.057524707386750684e+01 6.852067172230932868e-02
1.058486809939372719e+01 6.857924282793552428e-02
1.059448912491994932e+01 6.869354550240534818e-02
1.060411015044616967e+01 6.884405452556609240e-02
1.061373117597239002e+01 6.900432279002563507e-02
1.062335220149861037e+01 6.915591273230232983e-02
1.063297322702483072e+01 6.929331668254867793e-02
1.064259425255105285e+01 6.941258609120629086e-02
1.065221527807727320e+01 6.951953307882260957e-02
1.066183630360349355e+01 6.963027020016168689e-02
1.067145732912971390e+01 6.976008047822505886e-02
1.068107835465593602e+01 6.990778072479753025e-02
1.069069938018215637e+01 7.006101862716802853e-02
1.070032040570837673e+01 7.020878982419941072e-02
1.070994143123459708e+01 7.035078673835466756e-02
1.071956245676081743e+01 7.049118806130945381e-02
1.072918348228703955e+01 7.063332856765873469e-02
1.073880450781325990e+01 7.077717174355716012e-02
1.074842553333948025e+01 7.092185437399270431e-02
1.075804655886570060e+01 7.106651324395334146e-02
1.076766758439192095e+01 7.121028513842705965e-02
1.077728860991814308e+01 7.135231433487394803e-02
1.078690963544436343e+01 7.149204800901488854e-02
1.079653066097058378e+01 7.162933367471135959e-02
1.080615168649680413e+01 7.176383876881883839e-02
1.081577271202302626e+01 7.189209388391966382e-02
1.082539373754924661e+01 7.200819863967244938e-02
1.083501476307546696e+01 7.210914046356996232e-02
1.084463578860168731e+01 7.221313822461208898e-02
1.085425681412790766e+01 7.234770409426188875e-02
1.086387783965412979e+01 7.252661425967808773e-02
1.087349886518035014e+01 7.271271906081747116e-02
1.088311989070657049e+01 7.285736909703637021e-02
1.089274091623279084e+01 7.294377465883421230e-02
1.090236194175901119e+01 7.301685352781685234e-02
1.091198296728523331e+01 7.312696473799247532e-02
1.092160399281145367e+01 7.328383020002020298e-02
1.093122501833767402e+01 7.345463595312823335e-02
1.094084604386389437e+01 7.360739379258016135e-02
1.095046706939011649e+01 7.373731502084314438e-02
1.096008809491633684e+01 7.385478094090884571e-02
1.096970912044255719e+01 7.397033751453270523e-02
1.097933014596877754e+01 7.409453070347017667e-02
1.098895117149499789e+01 7.423783491314357719e-02
1.099857219702122002e+01 7.439842722551900933e-02
1.100819322254744037e+01 7.454833988128173328e-02
1.101781424807366072e+01 7.465784195450844707e-02
1.102743527359988107e+01 7.473816295173879576e-02
1.103705629912610142e+01 7.484420145587619699e-02
1.104667732465232355e+01 7.502417615195929035e-02
1.105629835017854390e+01 7.524711276279098804e-02
1.106591937570476425e+01 7.544015037659594636e-02
1.107554040123098460e+01 7.555385842036556332e-02
1.108516142675720673e+01 7.563083791847033388e-02
1.109478245228342708e+01 7.573544603811889486e-02
1.110440347780964743e+01 7.589179891588529459e-02
1.111402450333586778e+01 7.605376975435884646e-02
1.112364552886208813e+01 7.617108089099525192e-02
1.113326655438831025e+01 7.624205195099913179e-02
1.114288757991453060e+01 7.630513438321115394e-02
1.115250860544075096e+01 7.639492087389955499e-02
1.116212963096697131e+01 7.651540139147421093e-02
1.117175065649319343e+01 7.665912266519483986e-02
1.118137168201941378e+01 7.681861155234757932e-02
1.119099270754563413e+01 7.698639491021859460e-02
1.120061373307185448e+01 7.715501054529889935e-02
1.121023475859807483e+01 7.731729694666092390e-02
1.121985578412429696e+01 7.746642322398401836e-02
1.122947680965051731e+01 7.759625297159682134e-02
1.123909783517673766e+01 7.770611610196644092e-02
1.124871886070295801e+01 7.779798617051283949e-02
1.125833988622917836e+01 7.787712103260804875e-02
1.126796091175540049e+01 7.795882049439434303e-02
1.127758193728162084e+01 7.806001092248300577e-02
1.128720296280784119e+01 7.818675509486665287e-02
1.129682398833406154e+01 7.833137436558165745e-02
1.130644501386028367e+01 7.848530809423877319e-02
1.131606603938650402e+01 7.863999564044871216e-02
1.132568706491272437e+01 7.878687785141565147e-02
1.133530809043894472e+01 7.892235026322445834e-02
1.134492911596516507e+01 7.905880731068494482e-02
1.135455014149138719e+01 7.921151964724833239e-02
1.136417116701760754e+01 7.938314896541025234e-02
1.137379219254382789e+01 7.956046935303305589e-02
1.138341321807004825e+01 7.972924117471413830e-02
1.139303424359626860e+01 7.987522479505096418e-02
1.140265526912249072e+01 7.998419250118185553e-02
1.141227629464871107e+01 8.005435182878702094e-02
1.142189732017493142e+01 8.011987614362560406e-02
1.143151834570115177e+01 8.022010189883667375e-02
1.144113937122737390e+01 8.035922138567495876e-02
1.145076039675359425e+01 8.050311569908434606e-02
1.146038142227981460e+01 8.062163009724465645e-02
1.147000244780603495e+01 8.072418704318944094e-02
1.147962347333225530e+01 8.083642176803869372e-02
1.148924449885847743e+01 8.097061377378553249e-02
1.149886552438469778e+01 8.110912261221188413e-02
1.150848654991091813e+01 8.123152469784210294e-02
1.151810757543713848e+01 8.133835696702085283e-02
1.152772860096336061e+01 8.144738391028744084e-02
1.153734962648958096e+01 8.157170048117459715e-02
1.154697065201580131e+01 8.170075051097817898e-02
1.155659167754202166e+01 8.181741860400312816e-02
1.156621270306824201e+01 8.191505284569755574e-02
1.157583372859446413e+01 8.200282339009710986e-02
1.158545475412068448e+01 8.209121605153972545e-02
1.159507577964690483e+01 8.219071664436328195e-02
1.160469680517312518e+01 8.231179954340235583e-02
1.161431783069934554e+01 8.245789752952908946e-02
1.162393885622556766e+01 8.261342803016913372e-02
1.163355988175178801e+01 8.276049728278472850e-02
1.164318090727800836e+01 8.289810809184978979e-02
1.165280193280422871e+01 8.304062685944547939e-02
1.166242295833045084e+01 8.319665250039862125e-02
1.167204398385667119e+01 8.334497922443015461e-02
1.168166500938289154e+01 8.345615345535684071e-02
1.169128603490911189e+01 8.352667807118205334e-02
1.170090706043533224e+01 8.359051238927717176e-02
1.171052808596155437e+01 8.368072598189485456e-02
1.172014911148777472e+01 8.380040238366305572e-02
1.172977013701399507e+01 8.393843030051076348e-02
1.173939116254021542e+01 8.408410928660617345e-02
1.174901218806643577e+01 8.422782667062092554e-02
1.175863321359265790e+01 8.436068349796742305e-02
1.176825423911887825e+01 8.448116625317476924e-02
1.177787526464509860e+01 8.459291765478009484e-02
1.178749629017131895e+01 8.469968578887471233e-02
1.179711731569754107e+01 8.480521874154997586e-02
1.180673834122376142e+01 8.491326459889711464e-02
1.181635936674998177e+01 8.502757144700752445e-02
1.182598039227620212e+01 8.515188737197250390e-02
1.183560141780242247e+01 8.528713338952524647e-02
1.184522244332864460e+01 8.542156680875979957e-02
1.185484346885486495e+01 8.554014270964706290e-02
1.186446449438108530e+01 8.563646336325700381e-02
1.187408551990730565e+01 8.571493885025591175e-02
1.188370654543352600e+01 8.578314080135149289e-02
1.189332757095974813e+01 8.586324528285860236e-02
1.190294859648596848e+01 8.598226509639864124e-02
1.191256962201218883e+01 8.613820052249648862e-02
1.192219064753840918e+01 8.628429648649980910e-02
1.193181167306463131e+01 8.637785569850442435e-02
1.194143269859085166e+01 8.643381752383512417e-02
1.195105372411707201e+01 8.649255209117291676e-02
1.196067474964329236e+01 8.657900461188160202e-02
1.197029577516951271e+01 8.669004855599372894e-02
1.197991680069573484e+01 8.681960837992555580e-02
1.198953782622195519e+01 8.696160854009327146e-02
1.199915885174817554e+01 8.710995862417228452e-02
1.200877987727439589e+01 8.725654252342315842e-02
1.201840090280061801e+01 8.738918175705633062e-02
1.202802192832683836e+01 8.749704886786706381e-02
1.203764295385305871e+01 8.758659261314859223e-02
1.204726397937927906e+01 8.767371118191696899e-02
1.205688500490549941e+01 8.777003181231103623e-02
1.206650603043172154e+01 8.787797627737634065e-02
1.207612705595794189e+01 8.799824655309283761e-02
1.208574808148416224e+01 8.812619055538851998e-02
1.209536910701038259e+01 8.825415619273535572e-02
1.210499013253660294e+01 8.837445832155262082e-02
1.211461115806282507e+01 8.847941179825953573e-02
1.212423218358904542e+01 8.856266279018203125e-02
1.213385320911526577e+01 8.863020564603665830e-02
1.214347423464148612e+01 8.869470079430281928e-02
1.215309526016770825e+01 8.876510125162195841e-02
1.216271628569392860e+01 8.884291974168798123e-02
1.217233731122014895e+01 8.892879840661144231e-02
1.218195833674636930e+01 8.902337938850270194e-02
1.219157936227258965e+01 8.912730482947232857e-02
1.220120038779881178e+01 8.924121687163077965e-02
1.221082141332503213e+01 8.936575765708845709e-02
1.222044243885125248e+01 8.950057451510795570e-02
1.223006346437747283e+01 8.963828453944283625e-02
1.223968448990369318e+01 8.976849166322072027e-02
1.224930551542991530e+01 8.988166419210541491e-02
1.225892654095613565e+01 8.996958060796873824e-02
1.226854756648235600e+01 9.002774931523334356e-02
1.227816859200857635e+01 9.007222993965680047e-02
1.228778961753479848e+01 9.012602333625874262e-02
1.229741064306101883e+01 9.020223112537281707e-02
1.230703166858723918e+01 9.030195806241335388e-02
1.231665269411345953e+01 9.042313188070071062e-02
1.232627371963967988e+01 9.055304701747421414e-02
1.233589474516590201e+01 9.067653173237465170e-02
1.234551577069212236e+01 9.078678572309366313e-02
1.235513679621834271e+01 9.088483989774158445e-02
1.236475782174456306e+01 9.097202617851424256e-02
1.237437884727078341e+01 9.104967648760740884e-02
1.238399987279700554e+01 9.111996573706036828e-02
1.239362089832322589e+01 9.119575846589764168e-02
1.240324192384944624e+01 9.129717145951642132e-02
1.241286294937566659e+01 9.142700924780743088e-02
1.242248397490188871e+01 9.155006897199190197e-02
1.243210500042810907e+01 9.163207562744604684e-02
1.244172602595432942e+01 9.168564420830802031e-02
1.245134705148054977e+01 9.174534618557640686e-02
1.246096807700677012e+01 9.182881499007493342e-02
1.247058910253299224e+01 9.192862643935727218e-02
1.248021012805921259e+01 9.203514292095085758e-02
1.248983115358543294e+01 9.213767887805014711e-02
1.249945217911165329e+01 9.222578462253606946e-02
1.250907320463787542e+01 9.230082211420043148e-02
1.251869423016409577e+01 9.237544668268191095e-02
1.252831525569031612e+01 9.245856447703793002e-02
1.253793628121653647e+01 9.254679344037199107e-02
1.254755730674275682e+01 9.263451707928448131e-02
1.255717833226897895e+01 9.271611890037562143e-02
1.256679935779519930e+01 9.278609228532032349e-02
1.257642038332141965e+01 9.284774695301445391e-02
1.258604140884764000e+01 9.291951811986187693e-02
1.259566243437386035e+01 9.301489141559952933e-02
1.260528345990008248e+01 9.311223478781525953e-02
1.261490448542630283e+01 9.318018787439462380e-02
1.262452551095252318e+01 9.323691744995814268e-02
1.263414653647874353e+01 9.334965603059498795e-02
1.264376756200496565e+01 9.354192966736088466e-02
1.265338858753118600e+01 9.370648804515664676e-02
1.266300961305740636e+01 9.373027138315319362e-02
1.267263063858362671e+01 9.366282076452435434e-02
1.268225166410984706e+01 9.364099347556974207e-02
1.269187268963606918e+01 9.372213463599909922e-02
1.270149371516228953e+01 9.384359329682655237e-02
1.271111474068850988e+01 9.394592156385608850e-02
1.272073576621473023e+01 9.402641344807297075e-02
1.273035679174095058e+01 9.409783867939840174e-02
1.273997781726717271e+01 9.417296733579660906e-02
1.274959884279339306e+01 9.426448103155866953e-02
1.275921986831961341e+01 9.437195793212055372e-02
1.276884089384583376e+01 9.446812236101438665e-02
1.277846191937205589e+01 9.453010044601085904e-02
1.278808294489827624e+01 9.458111615378700376e-02
1.279770397042449659e+01 9.466000072437467938e-02
1.280732499595071694e+01 9.477251288832734544e-02
1.281694602147693729e+01 9.489192333217778830e-02
1.282656704700315942e+01 9.499739732613467214e-02
1.283618807252937977e+01 9.508669077118632462e-02
1.284580909805560012e+01 9.516049230133721837e-02
1.285543012358182047e+01 9.521949055059189537e-02
1.286505114910804259e+01 9.526448067045543977e-02
1.287467217463426294e+01 9.529934767954269248e-02
1.288429320016048329e+01 9.533146895019731226e-02
1.289391422568670365e+01 9.536699336501314184e-02
1.290353525121292400e+01 9.540798129479190204e-02
1.291315627673914612e+01 9.545575964661941193e-02
1.292277730226536647e+01 9.551165532758144894e-02
1.293239832779158682e+01 9.557689404473955486e-02
1.294201935331780717e+01 9.564948976655418544e-02
1.295164037884402752e+01 9.572366032133775016e-02
1.296126140437024965e+01 9.579392457321794785e-02
1.297088242989647000e+01 9.585632440454480707e-02
1.298050345542269035e+01 9.590897177759297176e-02
1.299012448094891070e+01 9.596419535943870316e-02
1.299974550647513283e+01 9.604042084844305327e-02
1.300936653200135318e+01 9.613681656488058669e-02
1.301898755752757353e+01 9.623088242917528234e-02
1.302860858305379388e+01 9.630622886149288464e-02
1.303822960858001423e+01 9.636587232313746643e-02
1.304785063410623636e+01 9.641618189420732288e-02
1.305747165963245671e+01 9.646453412119912474e-02
1.306709268515867706e+01 9.651839566765378631e-02
1.307671371068489741e+01 9.657791247796675138e-02
1.308633473621111776e+01 9.663611093076263092e-02
1.309595576173733988e+01 9.668572326757829405e-02
1.310557678726356023e+01 9.671948172995066539e-02
1.311519781278978058e+01 9.673739790474233935e-02
1.312481883831600094e+01 9.677877657313188609e-02
1.313443986384222306e+01 9.689082459345482734e-02
1.314406088936844341e+01 9.704196277995165432e-02
1.315368191489466376e+01 9.714094307915858983e-02
1.316330294042088411e+01 9.715076207040491962e-02
1.317292396594710446e+01 9.712743252731972921e-02
1.318254499147332659e+01 9.712239963407313936e-02
1.319216601699954694e+01 9.713585914696695744e-02
1.320178704252576729e+01 9.715884474858643705e-02
1.321140806805198764e+01 9.721155613895192393e-02
1.322102909357820799e+01 9.732853482750204732e-02
1.323065011910443012e+01 9.749400930232463014e-02
1.324027114463065047e+01 9.763372410915883981e-02
1.324989217015687082e+01 9.769857120233793601e-02
1.325951319568309117e+01 9.770985417700864262e-02
1.326913422120931330e+01 9.769958964588223993e-02
1.327875524673553365e+01 9.769979422167006378e-02
1.328837627226175400e+01 9.773980309798172006e-02
1.329799729778797435e+01 9.781100217799047758e-02
1.330761832331419470e+01 9.787679093274492814e-02
1.331723934884041682e+01 9.790840082272854461e-02
1.332686037436663717e+01 9.788982610758333036e-02
1.333648139989285752e+01 9.783064065920465957e-02
1.334610242541907787e+01 9.781764649863244898e-02
1.335572345094530000e+01 9.793168842780750061e-02
1.336534447647152035e+01 9.810668606914076106e-02
1.337496550199774070e+01 9.821978748080355259e-02
1.338458652752396105e+01 9.824722509874683762e-02
1.339420755305018140e+01 9.824956727266202783e-02
1.340382857857640353e+01 9.826774490808620754e-02
1.341344960410262388e+01 9.830553513841389091e-02
1.342307062962884423e+01 9.836099916349409777e-02
1.343269165515506458e+01 9.842475009239584627e-02
1.344231268068128493e+01 9.848583103290231566e-02
1.345193370620750706e+01 9.853328509279674075e-02
1.346155473173372741e+01 9.855701523622653615e-02
1.347117575725994776e+01 9.856164680686782531e-02
1.348079678278616811e+01 9.856414345459610371e-02
1.349041780831239024e+01 9.858019293449678255e-02
1.350003883383861059e+01 9.862286151904924025e-02
1.350965985936483094e+01 9.869364706739791604e-02
1.351928088489105129e+01 9.875947989636289781e-02
1.352890191041727164e+01 9.878696282066845580e-02
1.353852293594349376e+01 9.878098923831891975e-02
1.354814396146971411e+01 9.876097584647462735e-02
1.355776498699593446e+01 9.874636706564821065e-02
1.356738601252215481e+01 9.875618050400511438e-02
1.357700703804837516e+01 9.879327535932110049e-02
1.358662806357459729e+01 9.883978993875983110e-02
1.359624908910081764e+01 9.888233790842371196e-02
1.360587011462703799e+01 9.892120794747606694e-02
1.361549114015325834e+01 9.895864449520108685e-02
1.362511216567948047e+01 9.899689199088290703e-02
1.363473319120570082e+01 9.903819487380564890e-02
1.364435421673192117e+01 9.908479758325351716e-02
1.365397524225814152e+01 9.913883788994208579e-02
1.366359626778436187e+01 9.920038733500612105e-02
1.367321729331058400e+01 9.926741237174420418e-02
1.368283831883680435e+01 9.932345041193410551e-02
1.369245934436302470e+01 9.932961861904850143e-02
1.370208036988924505e+01 9.927752977192266792e-02
1.371170139541546540e+01 9.924837123031982067e-02
1.372132242094168753e+01 9.931123124807142433e-02
1.373094344646790788e+01 9.939737390860724220e-02
1.374056447199412823e+01 9.940649628540509930e-02
1.375018549752034858e+01 9.934796862057725109e-02
1.375980652304657070e+01 9.928954027267516969e-02
1.376942754857279105e+01 9.926245453600264501e-02
1.377904857409901140e+01 9.926379898828435744e-02
1.378866959962523175e+01 9.928938959709637802e-02
1.379829062515145210e+01 9.933504233001479167e-02
1.380791165067767423e+01 9.939657315461573883e-02
1.381753267620389458e+01 9.946979803847530444e-02
1.382715370173011493e+01 9.954973180822311585e-02
1.383677472725633528e+01 9.962787120210987724e-02
1.384639575278255741e+01 9.969474753545050361e-02
1.385601677830877776e+01 9.974089209707495685e-02
1.386563780383499811e+01 9.975750295250955524e-02
1.387525882936121846e+01 9.974536550463036777e-02
1.388487985488743881e+01 9.971271239706715195e-02
1.389450088041366094e+01 9.967625217247205738e-02
1.390412190593988129e+01 9.966231575846475066e-02
1.391374293146610164e+01 9.967695205688259508e-02
1.392336395699232199e+01 9.968730241887527321e-02
1.393298498251854234e+01 9.966787440489444094e-02
1.394260600804476447e+01 9.962806356093369120e-02
1.395222703357098482e+01 9.958378309738044609e-02
1.396184805909720517e+01 9.955094622462203058e-02
1.397146908462342552e+01 9.954546615304590840e-02
1.398109011014964764e+01 9.958325609303940451e-02
1.399071113567586799e+01 9.967628079837835553e-02
1.400033216120208834e+01 9.978019572666463333e-02
1.400995318672830869e+01 9.981139244051949466e-02
1.401957421225452904e+01 9.976210428066199787e-02
1.402919523778075117e+01 9.971003499319074093e-02
1.403881626330697152e+01 9.970365168864235572e-02
1.404843728883319187e+01 9.973500038472393747e-02
1.405805831435941222e+01 9.978964836072445888e-02
1.406767933988563257e+01 9.985034944602143303e-02
1.407730036541185470e+01 9.989873378946377558e-02
1.408692139093807505e+01 9.991377398262676901e-02
1.409654241646429540e+01 9.987997481142947553e-02
1.410616344199051575e+01 9.981859654280773875e-02
1.411578446751673788e+01 9.976444445587957788e-02
1.412540549304295823e+01 9.975234509953340156e-02
1.413502651856917858e+01 9.981287641895711382e-02
1.414464754409539893e+01 9.991135749583703041e-02
1.415426856962161928e+01 9.996406081321154713e-02
1.416388959514784140e+01 9.994359518694130584e-02
1.417351062067406176e+01 9.988637057387216023e-02
1.418313164620028211e+01 9.982074836829220310e-02
1.419275267172650246e+01 9.975732268987487494e-02
1.420237369725272458e+01 9.970563354844805271e-02
1.421199472277894493e+01 9.967630432849459987e-02
1.422161574830516528e+01 9.968010331788557110e-02
1.423123677383138563e+01 9.972779880449218759e-02
1.424085779935760598e+01 9.981828403520133508e-02
1.425047882488382811e+01 9.989673624473535685e-02
1.426009985041004846e+01 9.990451611067784066e-02
1.426972087593626881e+01 9.985666144663911392e-02
1.427934190146248916e+01 9.979758903710692075e-02
1.428896292698870951e+01 9.977179189146889726e-02
1.429858395251493164e+01 9.981805669024496064e-02
1.430820497804115199e+01 9.989464897250109610e-02
1.431782600356737234e+01 9.990453731353315936e-02
1.432744702909359269e+01 9.984515262066900876e-02
1.433706805461981482e+01 9.980643941784507478e-02
1.434668908014603517e+01 9.981293600709188751e-02
1.435631010567225552e+01 9.979979189612543655e-02
1.436593113119847587e+01 9.974403510977043752e-02
1.437555215672469622e+01 9.970419865528099002e-02
1.438517318225091834e+01 9.971985948648252884e-02
1.439479420777713869e+01 9.977020500689587346e-02
1.440441523330335905e+01 9.982620137014891482e-02
1.441403625882957940e+01 9.985881473381642837e-02
1.442365728435579975e+01 9.984900929903228750e-02
1.443327830988202187e+01 9.981686462692897222e-02
1.444289933540824222e+01 9.979202470016733384e-02
1.445252036093446257e+01 9.980413350140825146e-02
1.446214138646068292e+01 9.986801900393865727e-02
1.447176241198690505e+01 9.989846253449524704e-02
1.448138343751312540e+01 9.978941389926386518e-02
1.449100446303934575e+01 9.961774875399967422e-02
1.450062548856556610e+01 9.954319354196433656e-02
1.451024651409178645e+01 9.956996912931499744e-02
1.451986753961800858e+01 9.960349625421342779e-02
1.452948856514422893e+01 9.960578621914996378e-02
1.453910959067044928e+01 9.958601287161224225e-02
1.454873061619666963e+01 9.955469938632285909e-02
1.455835164172288998e+01 9.952220079435970812e-02
1.456797266724911211e+01 9.949340100307062229e-02
1.457759369277533246e+01 9.946666317159537363e-02
1.458721471830155281e+01 9.944120908521235369e-02
1.459683574382777316e+01 9.941805400631240075e-02
1.460645676935399528e+01 9.939835275836349238e-02
1.461607779488021563e+01 9.938326016483360614e-02
1.462569882040643598e+01 9.937393104919071962e-02
1.463531984593265634e+01 9.937152373077309808e-02
1.464494087145887669e+01 9.937841502292936446e-02
1.465456189698509881e+01 9.939997250561347086e-02
1.466418292251131916e+01 9.942906323752190301e-02
1.467380394803753951e+01 9.942065452749382359e-02
1.468342497356375986e+01 9.934205339386854849e-02
1.469304599908998199e+01 9.922711715076304451e-02
1.470266702461620234e+01 9.912408611646397749e-02
1.471228805014242269e+01 9.908120060925802719e-02
1.472190907566864304e+01 9.912656656278714951e-02
1.473153010119486339e+01 9.919273945655916747e-02
1.474115112672108552e+01 9.919989743534589344e-02
1.475077215224730587e+01 9.915585635687163002e-02
1.476039317777352622e+01 9.909839831363824458e-02
1.477001420329974657e+01 9.906533147611638890e-02
1.477963522882596692e+01 9.908274800176605779e-02
1.478925625435218905e+01 9.909171758566084898e-02
1.479887727987840940e+01 9.900978648133430815e-02
1.480849830540462975e+01 9.886998201518119866e-02
1.481811933093085010e+01 9.875610579981661252e-02
1.482774035645707222e+01 9.869316243081587003e-02
1.483736138198329257e+01 9.867375494862316854e-02
1.484698240750951292e+01 9.869015568698671914e-02
1.485660343303573327e+01 9.873463697965477459e-02
1.486622445856195363e+01 9.879947116037555987e-02
1.487584548408817575e+01 9.887573131201260468e-02
1.488546650961439610e+01 9.893856518195881522e-02
1.489508753514061645e+01 9.895376659988443235e-02
1.490470856066683680e+01 9.891560450002505334e-02
1.491432958619305715e+01 9.884023040993769604e-02
1.492395061171927928e+01 9.874434603919572673e-02
1.493357163724549963e+01 9.864465309737251164e-02
1.494319266277171998e+01 9.855785329404131989e-02
1.495281368829794033e+01 9.849994916566934267e-02
1.496243471382416246e+01 9.847345609646857012e-02
1.497205573935038281e+01 9.846810900154827351e-02
1.498167676487660316e+01 9.846088124388596707e-02
1.499129779040282351e+01 9.841946904414022868e-02
1.500091881592904386e+01 9.836292328123637241e-02
1.501053984145526599e+01 9.835754389898301864e-02
1.502016086698148634e+01 9.839253135672601513e-02
1.502978189250770669e+01 9.838015077520365081e-02
1.503940291803392704e+01 9.829720476025953502e-02
1.504902394356014739e+01 9.818977404320110292e-02
1.505864496908636951e+01 9.808774426941399560e-02
1.506826599461258986e+01 9.800070859641815679e-02
1.507788702013881021e+01 9.793730503594567927e-02
1.508750804566503056e+01 9.790582004368268698e-02
1.509712907119125269e+01 9.790557386464181222e-02
1.510675009671747304e+01 9.792623593551838534e-02
1.511637112224369339e+01 9.795281181294351880e-02
1.512599214776991374e+01 9.796635364728115136e-02
1.513561317329613409e+01 9.795958185926369188e-02
1.514523419882235622e+01 9.793756313541285285e-02
1.515485522434857657e+01 9.790523338114960616e-02
1.516447624987479692e+01 9.786670987483697681e-02
1.517409727540101727e+01 9.782395261195729608e-02
1.518371830092723940e+01 9.777679878578628136e-02
1.519333932645345975e+01 9.772499341616548707e-02
1.520296035197968010e+01 9.766832425163968212e-02
1.521258137750590045e+01 9.760745028870879136e-02
1.522220240303212080e+01 9.754384398501408926e-02
1.523182342855834293e+01 9.747900895247070541e-02
1.524144445408456328e+01 9.741444880299393594e-02
1.525106547961078363e+01 9.735166714849896596e-02
1.526068650513700398e+01 9.729266581441517459e-02
1.527030753066322433e+01 9.724739482578925731e-02
1.527992855618944645e+01 9.723026775784156250e-02
1.528954958171566680e+01 9.722809497789686173e-02
1.529917060724188715e+01 9.720971603004989470e-02
1.530879163276810750e+01 9.718218156752085612e-02
1.531841265829432963e+01 9.717757745195072794e-02
1.532803368382054998e+01 9.720322960132334045e-02
1.533765470934677033e+01 9.724727453879575267e-02
1.534727573487299068e+01 9.726892448923186996e-02
1.535689676039921103e+01 9.721666354751140604e-02
1.536651778592543316e+01 9.709827731866538247e-02
1.537613881145165351e+01 9.695398377043158711e-02
1.538575983697787386e+01 9.682432685070949119e-02
1.539538086250409421e+01 9.674631881471200401e-02
1.540500188803031456e+01 9.673124502279192849e-02
1.541462291355653669e+01 9.676905534095334160e-02
1.542424393908275704e+01 9.678601667209524306e-02
1.543386496460897739e+01 9.670712177866863657e-02
1.544348599013519774e+01 9.659024810606245404e-02
1.545310701566141987e+01 9.652019148805407456e-02
1.546272804118764022e+01 9.648823543089586618e-02
1.547234906671386057e+01 9.645727985357213652e-02
1.548197009224008092e+01 9.639021895750626845e-02
1.549159111776630127e+01 9.626868446175493310e-02
1.550121214329252339e+01 9.614194032586113881e-02
1.551083316881874374e+01 9.605860146037223379e-02
1.552045419434496409e+01 9.601822456768419056e-02
1.553007521987118444e+01 9.601093879874694759e-02
1.553969624539740657e+01 9.602687330451037395e-02
1.554931727092362692e+01 9.605615723592440813e-02
1.555893829644984727e+01 9.608881402151940587e-02
1.556855932197606762e+01 9.610331774124970805e-02
1.557818034750228797e+01 9.605700754546663001e-02
1.558780137302851010e+01 9.594729451085007299e-02
1.559742239855473045e+01 9.583847066063444498e-02
1.560704342408095080e+01 9.576613498725637663e-02
1.561666444960717115e+01 9.571926989723009149e-02
1.562628547513339150e+01 9.568358797189811804e-02
1.563590650065961363e+01 9.564522237423032924e-02
1.564552752618583398e+01 9.559896912877099973e-02
1.565514855171205433e+01 9.554787932610216139e-02
1.566476957723827468e+01 9.549713034544614343e-02
1.567439060276449680e+01 9.545330980283266153e-02
1.568401162829071716e+01 9.542304252550512511e-02
1.569363265381693751e+01 9.541295334070690193e-02
1.570325367934315786e+01 9.542966707568135976e-02
1.571287470486937821e+01 9.547418876850387315e-02
1.572249573039560033e+01 9.550907220142390575e-02
1.573211675592182068e+01 9.548077356995038345e-02
1.574173778144804103e+01 9.533569454122710340e-02
1.575135880697426138e+01 9.506412691732646358e-02
1.576097983250048173e+01 9.483840265405549252e-02
1.577060085802670386e+01 9.480068720708011154e-02
1.578022188355292421e+01 9.484442438217410842e-02
1.578984290907914456e+01 9.485589141706944616e-02
1.579946393460536491e+01 9.482807567046752650e-02
1.580908496013158704e+01 9.477457727731089521e-02
1.581870598565780739e+01 9.471725373293342354e-02
1.582832701118402774e+01 9.467891066566354319e-02
1.583794803671024809e+01 9.468073217912630068e-02
1.584756906223646844e+01 9.469250278290884670e-02
1.585719008776269057e+01 9.462805185856583423e-02
1.586681111328891092e+01 9.449231068209577866e-02
1.587643213881513127e+01 9.437250890205348131e-02
1.588605316434135162e+01 9.429780339250350141e-02
1.589567418986757197e+01 9.425386564209592422e-02
1.590529521539379409e+01 9.422544307230702743e-02
1.591491624092001445e+01 9.419728310461313037e-02
1.592453726644623480e+01 9.415413316049058012e-02
1.593415829197245515e+01 9.408832951709457382e-02
1.594377931749867727e+01 9.402860833635527660e-02
1.595340034302489762e+01 9.399993011818424948e-02
1.596302136855111797e+01 9.397622300789772176e-02
1.597264239407733832e+01 9.392032972952847614e-02
1.598226341960355867e+01 9.379556924302280552e-02
1.599188444512978080e+01 9.361393091178638048e-02
1.600150547065599937e+01 9.347605934451788667e-02
1.601112649618222150e+01 9.343140911396287385e-02
1.602074752170844008e+01 9.344628782611442974e-02
1.603036854723466220e+01 9.348102647458933490e-02
1.603998957276088433e+01 9.349778558637451831e-02
1.604961059828710290e+01 9.348452724497126332e-02
1.605923162381332503e+01 9.344830033000103842e-02
1.606885264933954360e+01 9.339660193294715973e-02
1.607847367486576573e+01 9.333692914529290174e-02
1.608809470039198786e+01 9.327677905852160833e-02
1.609771572591820643e+01 9.322225958676771951e-02
1.610733675144442856e+01 9.317360711284630725e-02
1.611695777697064713e+01 9.312950702279206017e-02
1.612657880249686926e+01 9.308864469354119486e-02
1.613619982802309138e+01 9.304970550202994184e-02
1.614582085354930996e+01 9.301137482519460098e-02
1.615544187907553209e+01 9.297233803997138890e-02
1.616506290460175421e+01 9.293153333616196998e-02
1.617468393012797279e+01 9.289372123162947803e-02
1.618430495565419491e+01 9.286846845566842923e-02
1.619392598118041349e+01 9.285223133297225429e-02
1.620354700670663561e+01 9.283207266983875550e-02
1.621316803223285774e+01 9.279486009272620850e-02
1.622278905775907631e+01 9.272746122809290281e-02
1.623241008328529844e+01 9.261674492446762830e-02
1.624203110881151702e+01 9.246027803367840026e-02
1.625165213433773914e+01 9.229236537348338432e-02
1.626127315986396127e+01 9.215519173288111432e-02
1.627089418539017984e+01 9.209009943097308526e-02
1.628051521091640197e+01 9.208985975341192620e-02
1.629013623644262054e+01 9.207583924815426757e-02
1.629975726196884267e+01 9.203114878730374315e-02
1.630937828749506480e+01 9.200496128052799982e-02
1.631899931302128337e+01 9.199126211842389989e-02
1.632862033854750550e+01 9.194817084630846349e-02
1.633824136407372407e+01 9.187289041479629326e-02
1.634786238959994620e+01 9.178123271806251648e-02
1.635748341512616832e+01 9.168911137443098991e-02
1.636710444065238690e+01 9.160867342677127267e-02
1.637672546617860903e+01 9.154068330316107727e-02
1.638634649170482760e+01 9.148376362465754363e-02
1.639596751723104973e+01 9.143653701231774233e-02
1.640558854275727185e+01 9.139762608719879944e-02
1.641520956828349043e+01 9.136565347035782714e-02
1.642483059380971255e+01 9.133924178285182660e-02
1.643445161933593468e+01 9.131443333313421507e-02
1.644407264486215325e+01 9.126361317308843979e-02
1.645369367038837538e+01 9.116182719990985339e-02
1.646331469591459395e+01 9.106723984849926512e-02
1.647293572144081608e+01 9.103735389899776653e-02
1.648255674696703821e+01 9.103552720289216638e-02
1.649217777249325678e+01 9.100584517299960263e-02
1.650179879801947891e+01 9.089424187574207670e-02
1.651141982354569748e+01 9.071587880957850125e-02
1.652104084907191961e+01 9.057014794414422476e-02
1.653066187459814174e+01 9.049387255561454346e-02
1.654028290012436031e+01 9.046832699268020361e-02
1.654990392565058244e+01 9.047317549411426629e-02
1.655952495117680101e+01 9.048808229868984809e-02
1.656914597670302314e+01 9.049271771540305653e-02
1.657876700222924526e+01 9.047305170780454986e-02
1.658838802775546384e+01 9.043326370158832894e-02
1.659800905328168596e+01 9.038080400852697982e-02
1.660763007880790454e+01 9.032299936193266543e-02
1.661725110433412667e+01 9.026393114170876142e-02
1.662687212986034879e+01 9.020419428809382800e-02
1.663649315538656737e+01 9.014421186798962649e-02
1.664611418091278949e+01 9.008440694829790429e-02
1.665573520643901162e+01 9.002520259592038110e-02
1.666535623196523019e+01 8.996702187775883208e-02
1.667497725749145232e+01 8.991028786071496304e-02
1.668459828301767089e+01 8.985542361169059078e-02
1.669421930854389302e+01 8.980285219758737947e-02
1.670384033407011515e+01 8.975299668530711816e-02
1.671346135959633372e+01 8.970628014175156817e-02
1.672308238512255585e+01 8.966312563382244916e-02
1.673270341064877442e+01 8.962246867116568927e-02
1.674232443617499655e+01 8.957236644578095430e-02
1.675194546170121868e+01 8.949604534879883333e-02
1.676156648722743725e+01 8.937688851262300116e-02
1.677118751275365938e+01 8.923592791466507246e-02
1.678080853827987795e+01 8.917557181924315457e-02
1.679042956380610008e+01 8.921263106275104104e-02
1.680005058933231865e+01 8.924335640613970111e-02
1.680967161485854078e+01 8.922557599899980096e-02
1.681929264038476290e+01 8.917021635216962339e-02
1.682891366591098148e+01 8.908952970081958356e-02
1.683853469143720361e+01 8.899576828011986074e-02
1.684815571696342218e+01 8.890118432524088399e-02
1.685777674248964431e+01 8.881803007135290196e-02
1.686739776801586643e+01 8.875821008667167389e-02
1.687701879354208501e+01 8.872261592626516646e-02
1.688663981906830713e+01 8.869913256519523781e-02
1.689626084459452571e+01 8.867489513514789645e-02
1.690588187012074783e+01 8.863866567461062274e-02
1.691550289564696996e+01 8.858906835475102715e-02
1.692512392117318853e+01 8.852842390369911052e-02
1.693474494669941066e+01 8.845905854020962022e-02
1.694436597222563279e+01 8.838321643396700178e-02
1.695398699775185136e+01 8.830300146085930113e-02
1.696360802327807349e+01 8.822050375340731443e-02
1.697322904880429206e+01 8.813781344413200436e-02
1.698285007433051419e+01 8.805702066555416707e-02
1.699247109985673632e+01 8.798021555019473749e-02
1.700209212538295489e+01 8.790948823057458117e-02
1.701171315090917702e+01 8.784692883921454976e-02
1.702133417643539559e+01 8.779456504240019943e-02
1.703095520196161772e+01 8.775217152441941448e-02
1.704057622748783984e+01 8.771669387455499622e-02
1.705019725301405842e+01 8.768489811727114835e-02
1.705981827854028055e+01 8.765355027703217172e-02
1.706943930406649912e+01 8.761941712391269066e-02
1.707906032959272125e+01 8.758015587981005101e-02
1.708868135511894337e+01 8.753603935547028814e-02
1.709830238064516195e+01 8.748781816801791400e-02
1.710792340617138407e+01 8.743624293457739893e-02
1.711754443169760265e+01 8.738206427227322715e-02
1.712716545722382477e+01 8.732603279822988285e-02
1.713678648275004690e+01 8.726889912957185025e-02
1.714640750827626547e+01 8.721141388342369682e-02
1.715602853380248760e+01 8.715434738059552044e-02
1.716564955932870618e+01 8.710011461317156145e-02
1.717527058485492830e+01 8.705398872335536054e-02
1.718489161038115043e+01 8.702152873857682547e-02
1.719451263590736900e+01 8.700687244184067415e-02
1.720413366143359113e+01 8.700286742846237431e-02
1.721375468695981326e+01 8.699697605641963649e-02
1.722337571248603183e+01 8.697662748661656729e-02
1.723299673801225396e+01 8.692925087995709288e-02
1.724261776353847253e+01 8.684227539734534762e-02
1.725223878906469466e+01 8.670313019968518831e-02
1.726185981459091678e+01 8.651315557298502879e-02
1.727148084011713536e+01 8.638621519826783501e-02
1.728110186564335748e+01 8.643175360238034011e-02
1.729072289116957606e+01 8.654154429921588620e-02
1.730034391669579819e+01 8.661201129111099906e-02
1.730996494222202031e+01 8.663871555553476211e-02
1.731958596774823889e+01 8.662752224145132962e-02
1.732920699327446101e+01 8.658429649782460602e-02
1.733882801880067959e+01 8.651490347361871780e-02
1.734844904432690171e+01 8.642520831779759716e-02
1.735807006985312384e+01 8.632107617932531507e-02
1.736769109537934241e+01 8.620837220716592864e-02
1.737731212090556454e+01 8.609296155028334230e-02
1.738693314643178311e+01 8.598070935764168254e-02
1.739655417195800524e+01 8.587682206663697915e-02
1.740617519748422737e+01 8.578225202827351181e-02
1.741579622301044594e+01 8.569626124557853941e-02
1.742541724853666807e+01 8.561810742452669043e-02
1.743503827406289020e+01 8.554704827109266274e-02
1.744465929958910877e+01 8.548234149125115422e-02
1.745428032511533090e+01 8.542324479097673784e-02
1.746390135064154947e+01 8.536901587624415311e-02
1.747352237616777160e+01 8.531891245302798688e-02
1.748314340169399372e+01 8.527219222730295090e-02
1.749276442722021230e+01 8.522811290504372916e-02
1.750238545274643442e+01 8.518593219222492241e-02
1.751200647827265300e+01 8.514490779482122851e-02
1.752162750379887513e+01 8.510429741880730370e-02
1.753124852932509725e+01 8.506335877015779035e-02
1.754086955485131583e+01 8.502134955484738632e-02
1.755049058037753795e+01 8.497752747885072011e-02
1.756011160590375653e+01 8.493125524494064826e-02
1.756973263142997865e+01 8.488359738631821860e-02
1.757935365695620078e+01 8.483699878572524555e-02
1.758897468248241935e+01 8.479394414172559957e-02
1.759859570800864148e+01 8.475691815288315112e-02
1.760821673353486005e+01 8.472827671396337967e-02
1.761783775906108218e+01 8.470622507160095738e-02
1.762745878458730431e+01 8.468402565813684668e-02
1.763707981011352288e+01 8.465465215412129596e-02
1.764670083563974501e+01 8.461330096418959168e-02
1.765632186116596358e+01 8.456380085274417535e-02
1.766594288669218571e+01 8.451207590874174058e-02
1.767556391221840784e+01 8.446379637145695618e-02
1.768518493774462641e+01 8.442072566521761912e-02
1.769480596327084854e+01 8.438156327917790966e-02
1.770442698879707066e+01 8.434492655592039367e-02
1.771404801432328924e+01 8.430943283802766475e-02
1.772366903984951136e+01 8.427369946808233037e-02
1.773329006537572994e+01 8.423634378866697026e-02
1.774291109090195206e+01 8.419611486585010240e-02
1.775253211642817419e+01 8.415280675297487356e-02
1.776215314195439277e+01 8.410671137454767132e-02
1.777177416748061489e+01 8.405812370987264526e-02
1.778139519300683347e+01 8.400733873825401432e-02
1.779101621853305559e+01 8.395465143899590033e-02
1.780063724405927772e+01 8.390035679140256386e-02
1.781025826958549629e+01 8.384474977477819613e-02
1.781987929511171842e+01 8.378812536842690506e-02
1.782950032063793699e+01 8.373077855165293737e-02
1.783912134616415912e+01 8.367300430376045650e-02
1.784874237169038125e+01 8.361509760405362590e-02
1.785836339721659982e+01 8.355735343183667840e-02
1.786798442274282195e+01 8.350006633485558549e-02
1.787760544826904052e+01 8.344346178295158900e-02
1.788722647379526265e+01 8.338762089939318056e-02
1.789684749932148478e+01 8.333260670680303628e-02
1.790646852484770335e+01 8.327848222780369347e-02
1.791608955037392548e+01 8.322531048501780049e-02
1.792571057590014760e+01 8.317315450106792241e-02
1.793533160142636618e+01 8.312207729857673533e-02
1.794495262695258830e+01 8.307214190016677657e-02
1.795457365247880688e+01 8.302341132846070837e-02
1.796419467800502900e+01 8.297594860608106804e-02
1.797381570353125113e+01 8.292981675565053168e-02
1.798343672905746971e+01 8.288507879979169213e-02
1.799305775458369183e+01 8.284179776112711446e-02
1.800267878010991041e+01 8.280003666227944703e-02
1.801229980563613253e+01 8.275985852587126879e-02
1.802192083116235466e+01 8.272132637452517256e-02
1.803154185668857323e+01 8.268450323086386222e-02
1.804116288221479536e+01 8.264945211750980569e-02
1.805078390774101393e+01 8.261624433851466609e-02
1.806040493326723606e+01 8.258502428401338913e-02
1.807002595879345819e+01 8.255597440684962762e-02
1.807964698431967676e+01 8.252925362190960401e-02
1.808926800984589889e+01 8.250412409675102199e-02
1.809888903537211746e+01 8.247870073176208350e-02
1.810851006089833959e+01 8.245102365048534443e-02
1.811813108642456172e+01 8.241962690179571727e-02
1.812775211195078029e+01 8.238463969558112998e-02
1.813737313747700242e+01 8.234651266292986049e-02
1.814699416300322099e+01 8.230569643493015897e-02
1.815661518852944312e+01 8.226264164267026169e-02
1.816623621405566524e+01 8.221779891723844658e-02
1.817585723958188382e+01 8.217161888972296380e-02
1.818547826510810594e+01 8.212455219121204963e-02
1.819509929063432807e+01 8.207704945279400977e-02
1.820472031616054664e+01 8.202956122184290599e-02
1.821434134168676877e+01 8.198243972512389566e-02
1.822396236721298735e+01 8.193574892355361128e-02
1.823358339273920947e+01 8.188950022137524154e-02
1.824320441826543160e+01 8.184370502283203064e-02
1.825282544379165017e+01 8.179837473216723664e-02
1.826244646931787230e+01 8.175352075362410376e-02
1.827206749484409087e+01 8.170915449144586229e-02
1.828168852037031300e+01 8.166528734987577032e-02
1.829130954589653513e+01 8.162193073315711367e-02
1.830093057142275370e+01 8.157909604553310878e-02
1.831055159694897583e+01 8.153679469124701373e-02
1.832017262247519440e+01 8.149503807454208659e-02
1.832979364800141653e+01 8.145383759966151604e-02
1.833941467352763866e+01 8.141320467084860180e-02
1.834903569905385723e+01 8.137315069234662968e-02
1.835865672458007936e+01 8.133368706839873286e-02
1.836827775010629793e+01 8.129482520324828043e-02
1.837789877563252006e+01 8.125657650113843333e-02
1.838751980115874218e+01 8.121895236631250514e-02
1.839714082668496076e+01 8.118196420301369842e-02
1.840676185221118288e+01 8.114562341548527125e-02
1.841638287773740501e+01 8.110994140797048169e-02
1.842600390326362358e+01 8.107492958471261557e-02
1.843562492878984571e+01 8.104059934995484771e-02
1.844524595431606429e+01 8.100696210794046392e-02
1.845486697984228641e+01 8.097402926291268066e-02
1.846448800536850854e+01 8.094181221911481150e-02
1.847410903089472711e+01 8.091032201217740472e-02
1.848373005642094924e+01 8.087939092362293747e-02
1.849335108194716781e+01 8.084838558227930294e-02
1.850297210747338994e+01 8.081659775413632674e-02
1.851259313299961207e+01 8.078344906618931121e-02
1.852221415852583064e+01 8.074910151866465657e-02
1.853183518405205277e+01 8.071397910193059411e-02
1.854145620957827134e+01 8.067850611025205454e-02
1.855107723510449347e+01 8.064310683789407963e-02
1.856069826063071559e+01 8.060820557912154460e-02
1.857031928615693417e+01 8.057422224619241458e-02
1.857994031168315630e+01 8.054137719580664601e-02
1.858956133720937487e+01 8.050961326728697798e-02
1.859918236273559700e+01 8.047885279202432462e-02
1.860880338826181912e+01 8.044901810140962783e-02
1.861842441378803770e+01 8.042003152683388500e-02
1.862804543931425982e+01 8.039181539968798251e-02
1.863766646484047840e+01 8.036429205136286225e-02
1.864728749036670052e+01 8.033738381324952160e-02
1.865690851589292265e+01 8.031101301673886084e-02
1.866652954141914122e+01 8.028510199322182184e-02
1.867615056694536335e+01 8.025957307408931873e-02
1.868577159247158548e+01 8.023434859073234893e-02
1.869539261799780405e+01 8.020935087454184043e-02
1.870501364352402618e+01 8.018450225690874900e-02
1.871463466905024475e+01 8.015972506922397489e-02
1.872425569457646688e+01 8.013494164287847388e-02
1.873387672010268901e+01 8.011007430926320172e-02
1.874349774562890758e+01 8.008504539976910030e-02
1.875311877115512971e+01 8.005977724578708377e-02
1.876273979668134828e+01 8.003419217870816338e-02
1.877236082220757041e+01 8.000821252992318389e-02
1.878198184773379253e+01 7.998176063082317044e-02
1.879160287326001111e+01 7.995475881279900943e-02
1.880122389878623324e+01 7.992712940724165660e-02
1.881084492431245181e+01 7.989879474554210936e-02
1.882046594983867394e+01 7.986967715909124022e-02
1.883008697536489606e+01 7.983969897927999104e-02
1.883970800089111464e+01 7.980878253749935924e-02
1.884932902641733676e+01 7.977685016514024507e-02
1.885895005194355534e+01 7.974382419359361818e-02
1.886857107746977746e+01 7.970962695425035105e-02
1.887819210299599959e+01 7.967418077850149660e-02
1.888781312852221816e+01 7.963740799773792733e-02
1.889743415404844029e+01 7.959923094335059901e-02
1.890705517957466242e+01 7.955957194673041188e-02
1.891667620510088099e+01 7.951835333926839111e-02
1.892629723062710312e+01 7.947550634191059837e-02
1.893591825615332169e+01 7.943138490299336829e-02
1.894553928167954382e+01 7.938694144251727536e-02
1.895516030720576595e+01 7.934317271781984870e-02
1.896478133273198452e+01 7.930079635048470355e-02
1.897440235825820665e+01 7.925987533114020600e-02
1.898402338378442522e+01 7.922037891967895207e-02
1.899364440931064735e+01 7.918227637599353774e-02
1.900326543483686947e+01 7.914553695997660065e-02
1.901288646036308805e+01 7.911012993152070905e-02
1.902250748588931017e+01 7.907602455051840340e-02
1.903212851141552875e+01 7.904319007686234910e-02
1.904174953694175088e+01 7.901159577044515603e-02
1.905137056246797300e+01 7.898121089115935078e-02
1.906099158799419158e+01 7.895200469889758488e-02
1.907061261352041370e+01 7.892394645355242655e-02
1.908023363904663228e+01 7.889700541501648567e-02
1.908985466457285440e+01 7.887115084318234437e-02
1.909947569009907653e+01 7.884635199794258476e-02
1.910909671562529510e+01 7.882257813918987222e-02
1.911871774115151723e+01 7.879979852681670560e-02
1.912833876667773936e+01 7.877798242071573642e-02
1.913795979220395793e+01 7.875709908077958843e-02
1.914758081773018006e+01 7.873711776690080211e-02
1.915720184325639863e+01 7.871800773897197345e-02
1.916682286878262076e+01 7.869973825688576785e-02
1.917644389430884289e+01 7.868227858053468415e-02
1.918606491983506146e+01 7.866559796981140162e-02
1.919568594536128359e+01 7.864966568460844687e-02
1.920530697088750216e+01 7.863445098481848528e-02
1.921492799641372429e+01 7.861992313033402957e-02
1.922454902193994641e+01 7.860605138104777290e-02
1.923417004746616499e+01 7.859280499685224186e-02
1.924379107299238711e+01 7.858015323764004634e-02
1.925341209851860569e+01 7.856806536330379620e-02
1.926303312404482782e+01 7.855651063373605969e-02
1.927265414957104994e+01 7.854545830882946056e-02
1.928227517509726852e+01 7.853487764847659480e-02
1.929189620062349064e+01 7.852473791257004454e-02
1.930151722614970922e+01 7.851500836100239189e-02
1.931113825167593134e+01 7.850565825366627448e-02
1.932075927720215347e+01 7.849665685045424668e-02
1.933038030272837204e+01 7.848797341125891835e-02
1.934000132825459417e+01 7.847957719597291326e-02
1.934962235378081274e+01 7.847143746448878576e-02
1.935924337930703487e+01 7.846352347669915961e-02
1.936886440483325700e+01 7.845580449249663080e-02
1.937848543035947557e+01 7.844824977177373981e-02
1.938810645588569770e+01 7.844082857442316592e-02
1.939772748141191983e+01 7.843351016033744960e-02
1.940734850693813840e+01 7.842626378940921461e-02
1.941696953246436053e+01 7.841905872153102919e-02
1.942659055799057910e+01 7.841186421659551709e-02
1.943621158351680123e+01 7.840464953449527430e-02
1.944583260904302335e+01 7.839738393512285519e-02
1.945545363456924193e+01 7.839003667837091127e-02
1.946507466009546405e+01 7.838257702413201078e-02
1.947469568562168263e+01 7.837497423229873583e-02
1.948431671114790475e+01 7.836719756276369631e-02
1.949393773667412688e+01 7.835921627541948820e-02
1.950355876220034546e+01 7.835099963015873525e-02
1.951317978772656758e+01 7.834251688687397797e-02
1.952280081325278616e+01 7.833373730545785396e-02
1.953242183877900828e+01 7.832463014580293148e-02
1.954204286430523041e+01 7.831516466780183428e-02
1.955166388983144898e+01 7.830531013134714446e-02
1.956128491535767111e+01 7.829503579633143029e-02
1.957090594088388968e+01 7.828431092264737101e-02
1.958052696641011181e+01 7.827310477018746548e-02
1.959014799193633394e+01 7.826138659884435134e-02
1.959976901746255251e+01 7.824912566851063844e-02
1.960939004298877464e+01 7.823629123907889504e-02
1.961901106851499677e+01 7.822285257044173101e-02
1.962863209404121534e+01 7.820877892249175622e-02
1.963825311956743747e+01 7.819403955512153892e-02
1.964787414509365604e+01 7.817860372822371673e-02
1.965749517061987817e+01 7.816244070169081626e-02
1.966711619614610029e+01 7.814551973541548902e-02
1.967673722167231887e+01 7.812781008929031712e-02
1.968635824719854099e+01 7.810928102320788269e-02
1.969597927272475957e+01 7.808990179706079560e-02
1.970560029825098169e+01 7.806964167074165184e-02
1.971522132377720382e+01 7.804846990414306129e-02
1.972484234930342240e+01 7.802635575715759220e-02
1.973446337482964452e+01 7.800326848967785442e-02
1.974408440035586310e+01 7.797917736159643010e-02
1.975370542588208522e+01 7.795405163280591521e-02
1.976332645140830735e+01 7.792786056319896126e-02
1.977294747693452592e+01 7.790057341266809487e-02
1.978256850246074805e+01 7.787215944110591204e-02
1.979218952798696662e+01 7.784258790840507813e-02
