7.618010371223582489e-01 1.578726326346629572e+00
7.714220626485789323e-01 1.572017866880196069e+00
7.810430881747997267e-01 1.565263477494714506e+00
7.906641137010204101e-01 1.558464128760454592e+00
8.002851392272412046e-01 1.551620791247684261e+00
8.099061647534618880e-01 1.544734435526673222e+00
8.195271902796826824e-01 1.537806032167689851e+00
8.291482158059033658e-01 1.530836551741004081e+00
8.387692413321241602e-01 1.523826964816883400e+00
8.483902668583448436e-01 1.516778241965598628e+00
8.580112923845655271e-01 1.509691353757417254e+00
8.676323179107863215e-01 1.502567270762609430e+00
8.772533434370071159e-01 1.495406963551442203e+00
8.868743689632277993e-01 1.488211402694187280e+00
8.964953944894484827e-01 1.480981558761111927e+00
9.061164200156692772e-01 1.473718402322484966e+00
9.157374455418899606e-01 1.466422903948576106e+00
9.253584710681107550e-01 1.459096034209654169e+00
9.349794965943314384e-01 1.451738763675988197e+00
9.446005221205522329e-01 1.444352062917846569e+00
9.542215476467729163e-01 1.436936902505499436e+00
9.638425731729935997e-01 1.429494253009214066e+00
9.734635986992143941e-01 1.422025084999261058e+00
9.830846242254351885e-01 1.414530369045908786e+00
9.927056497516558720e-01 1.407011075719426518e+00
1.002326675277876555e+00 1.399468175590082408e+00
1.011947700804097350e+00 1.391902639228145944e+00
1.021568726330317922e+00 1.384315437203886834e+00
1.031189751856538717e+00 1.376707540087573012e+00
1.040810777382759511e+00 1.369079918449473743e+00
1.050431802908980305e+00 1.361433542859858070e+00
1.060052828435201100e+00 1.353769383888995259e+00
1.069673853961421672e+00 1.346088412107153909e+00
1.079294879487642467e+00 1.338391598084602840e+00
1.088915905013863261e+00 1.330679912391611763e+00
1.098536930540083834e+00 1.322954325598449277e+00
1.108157956066304628e+00 1.315215808275383758e+00
1.117778981592525422e+00 1.307465330992685137e+00
1.127400007118746217e+00 1.299703864320621793e+00
1.137021032644966789e+00 1.291932378829463213e+00
1.146642058171187584e+00 1.284151845089477995e+00
1.156263083697408378e+00 1.276363233670935182e+00
1.165884109223628951e+00 1.268567515144103819e+00
1.175505134749849745e+00 1.260765660079252948e+00
1.185126160276070539e+00 1.252958639046651390e+00
1.194747185802291334e+00 1.245147422616567967e+00
1.204368211328512128e+00 1.237332981359272166e+00
1.213989236854732701e+00 1.229516285845032808e+00
1.223610262380953495e+00 1.221698306644118048e+00
1.233231287907174067e+00 1.213880014326798484e+00
1.242852313433394862e+00 1.206062379463341827e+00
1.252473338959615656e+00 1.198246372624017342e+00
1.262094364485836451e+00 1.190432964379094294e+00
1.271715390012057245e+00 1.182623125298841282e+00
1.281336415538277818e+00 1.174817825953528017e+00
1.290957441064498612e+00 1.167018036913422430e+00
1.300578466590719184e+00 1.159224728748794231e+00
1.310199492116939979e+00 1.151438872029912242e+00
1.319820517643160773e+00 1.143661437325959707e+00
1.329441543169381568e+00 1.135893368200961318e+00
1.339062568695602362e+00 1.128135511086594933e+00
1.348683594221823157e+00 1.120388690584093849e+00
1.358304619748043729e+00 1.112653731294690473e+00
1.367925645274264523e+00 1.104931457819616991e+00
1.377546670800485096e+00 1.097222694760107586e+00
1.387167696326705890e+00 1.089528266717393112e+00
1.396788721852926685e+00 1.081848998292707753e+00
1.406409747379147479e+00 1.074185714087283250e+00
1.416030772905368273e+00 1.066539238702352677e+00
1.425651798431588846e+00 1.058910396739148885e+00
1.435272823957809640e+00 1.051300012798904282e+00
1.444893849484030213e+00 1.043708911482851720e+00
1.454514875010251007e+00 1.036137917392224050e+00
1.464135900536471802e+00 1.028587855128253681e+00
1.473756926062692596e+00 1.021059549292173241e+00
1.483377951588913390e+00 1.013553824485215804e+00
1.492998977115133963e+00 1.006071505308613778e+00
1.502620002641354757e+00 9.986134163636000149e-01
1.512241028167575330e+00 9.911803822514072548e-01
1.521862053693796124e+00 9.837732275732677945e-01
1.531483079220016918e+00 9.763927352308552354e-01
1.541104104746237713e+00 9.690393980695397591e-01
1.550725130272458507e+00 9.617135857006647859e-01
1.560346155798679302e+00 9.544156672854642309e-01
1.569967181324899874e+00 9.471460119851743409e-01
1.579588206851120669e+00 9.399049889610288089e-01
1.589209232377341241e+00 9.326929673742638816e-01
1.598830257903562035e+00 9.255103163861138071e-01
1.608451283429782830e+00 9.183574051578138331e-01
1.618072308956003624e+00 9.112346028505989848e-01
1.627693334482224419e+00 9.041422786257042876e-01
1.637314360008444991e+00 8.970808016443645450e-01
1.646935385534665786e+00 8.900505410678152263e-01
1.656556411060886358e+00 8.830518660572910239e-01
1.666177436587107152e+00 8.760851457740270742e-01
1.675798462113327947e+00 8.691507493792581807e-01
1.685419487639548741e+00 8.622490460342195906e-01
1.695040513165769536e+00 8.553804049001463294e-01
1.704661538691990108e+00 8.485451951378151225e-01
1.714282564218210902e+00 8.417437855890825826e-01
1.723903589744431475e+00 8.349765442195857812e-01
1.733524615270652269e+00 8.282438388457998846e-01
1.743145640796873064e+00 8.215460372842002812e-01
1.752766666323093858e+00 8.148835073512624705e-01
1.762387691849314653e+00 8.082566168634611747e-01
1.772008717375535225e+00 8.016657336372717824e-01
1.781629742901756019e+00 7.951112254891695708e-01
1.791250768427976814e+00 7.885934602356295953e-01
1.800871793954197386e+00 7.821128056931276884e-01
1.810492819480418181e+00 7.756696296781382394e-01
1.820113845006638975e+00 7.692643000071369697e-01
1.829734870532859770e+00 7.628971844965988236e-01
1.839355896059080342e+00 7.565686509629993006e-01
1.848976921585301136e+00 7.502790672228134561e-01
1.858597947111521931e+00 7.440288010925163453e-01
1.868218972637742725e+00 7.378182196625232558e-01
1.877839998163963298e+00 7.316475794699245361e-01
1.887461023690184092e+00 7.255169088980816250e-01
1.897082049216404886e+00 7.194262081379776408e-01
1.906703074742625459e+00 7.133754773805957017e-01
1.916324100268846253e+00 7.073647168169180377e-01
1.925945125795067048e+00 7.013939266379274340e-01
1.935566151321287842e+00 6.954631070346070087e-01
1.945187176847508415e+00 6.895722581979392141e-01
1.954808202373729209e+00 6.837213803189069461e-01
1.964429227899950003e+00 6.779104735884929900e-01
1.974050253426170798e+00 6.721395381976800198e-01
1.983671278952391370e+00 6.664085743374508208e-01
1.993292304478612165e+00 6.607175821987881781e-01
2.002913330004832737e+00 6.550665619726749878e-01
2.012534355531053532e+00 6.494555138500935909e-01
2.022155381057274326e+00 6.438844380220269947e-01
2.031776406583495120e+00 6.383533346794580954e-01
2.041397432109715915e+00 6.328622040133692339e-01
2.051018457635936265e+00 6.274110462147438616e-01
2.060639483162157504e+00 6.219998614745639864e-01
2.070260508688377854e+00 6.166286499838130597e-01
2.079881534214599093e+00 6.112974119334727563e-01
2.089502559740819443e+00 6.060061475145274157e-01
2.099123585267040237e+00 6.007548569179586018e-01
2.108744610793261032e+00 5.955435403347492107e-01
2.118365636319481382e+00 5.903721979558825828e-01
2.127986661845702621e+00 5.852408299723407259e-01
2.137607687371922971e+00 5.801494365751070914e-01
2.147228712898144209e+00 5.750980179551636873e-01
2.156849738424364560e+00 5.700865738977091146e-01
2.166470763950585354e+00 5.651150391475157075e-01
2.176091789476806149e+00 5.601832124941927837e-01
2.185712815003026943e+00 5.552908756722649830e-01
2.195333840529247738e+00 5.504378104162562790e-01
2.204954866055468088e+00 5.456237984606910896e-01
2.214575891581689326e+00 5.408486215400929442e-01
2.224196917107909677e+00 5.361120613889870379e-01
2.233817942634130471e+00 5.314138997418967891e-01
2.243438968160351266e+00 5.267539183333467268e-01
2.253059993686572060e+00 5.221318988978609354e-01
2.262681019212792854e+00 5.175476231699640550e-01
2.272302044739013205e+00 5.130008728841800592e-01
2.281923070265234443e+00 5.084914297750328105e-01
2.291544095791454794e+00 5.040190942456075351e-01
2.301165121317675588e+00 4.995839078893282714e-01
2.310786146843896383e+00 4.951860802085223390e-01
2.320407172370117177e+00 4.908258241124940913e-01
2.330028197896337971e+00 4.865033525105474932e-01
2.339649223422558322e+00 4.822188783119868982e-01
2.349270248948779560e+00 4.779726144261161047e-01
2.358891274474999911e+00 4.737647737622401323e-01
2.368512300001220705e+00 4.695955692296625017e-01
2.378133325527441500e+00 4.654652137376877885e-01
2.387754351053662294e+00 4.613739201956199021e-01
2.397375376579883088e+00 4.573219015127633069e-01
2.406996402106103439e+00 4.533093705984224120e-01
2.416617427632324677e+00 4.493364845162489130e-01
2.426238453158545028e+00 4.454029723899964877e-01
2.435859478684765822e+00 4.415083654235800736e-01
2.445480504210986616e+00 4.376521937485142177e-01
2.455101529737207411e+00 4.338339874963131892e-01
2.464722555263428205e+00 4.300532767984914240e-01
2.474343580789648556e+00 4.263095917865633022e-01
2.483964606315869794e+00 4.226024625920426492e-01
2.493585631842090145e+00 4.189314193464447889e-01
2.503206657368311383e+00 4.152959921812830468e-01
2.512827682894531733e+00 4.116957112280724695e-01
2.522448708420752528e+00 4.081301066183271042e-01
2.532069733946973322e+00 4.045987116028375019e-01
2.541690759473193673e+00 4.011011127037659163e-01
2.551311784999414911e+00 3.976369411119045072e-01
2.560932810525635261e+00 3.942058294000260754e-01
2.570553836051856500e+00 3.908074101409018120e-01
2.580174861578076850e+00 3.874413159073047397e-01
2.589795887104297645e+00 3.841071792720063827e-01
2.599416912630518439e+00 3.808046328077788201e-01
2.609037938156739234e+00 3.775333090873942421e-01
2.618658963682960028e+00 3.742928406836248945e-01
2.628279989209180378e+00 3.710828601692426343e-01
2.637901014735401617e+00 3.679030001170195963e-01
2.647522040261621967e+00 3.647529053284022105e-01
2.657143065787842762e+00 3.616322887846404877e-01
2.666764091314063556e+00 3.585408870874819409e-01
2.676385116840284351e+00 3.554784368617091017e-01
2.686006142366505145e+00 3.524446747321043349e-01
2.695627167892725495e+00 3.494393373234502831e-01
2.705248193418946734e+00 3.464621612605292000e-01
2.714869218945167084e+00 3.435128831681237283e-01
2.724490244471387879e+00 3.405912396710162326e-01
2.734111269997608673e+00 3.376969673939891337e-01
2.743732295523829467e+00 3.348298029618250737e-01
2.753353321050050262e+00 3.319894724051468127e-01
2.762974346576271056e+00 3.291755884543035027e-01
2.772595372102491407e+00 3.263876951662469938e-01
2.782216397628712201e+00 3.236253356366509681e-01
2.791837423154932996e+00 3.208880529611894961e-01
2.801458448681153790e+00 3.181753902355366481e-01
2.811079474207374584e+00 3.154868905553664393e-01
2.820700499733595379e+00 3.128220970163527737e-01
2.830321525259816173e+00 3.101805527141696661e-01
2.839942550786036524e+00 3.075618007444911872e-01
2.849563576312257318e+00 3.049653842029912409e-01
2.859184601838478113e+00 3.023909297811144814e-01
2.868805627364698907e+00 2.998384988343559820e-01
2.878426652890919701e+00 2.973082935480307887e-01
2.888047678417140496e+00 2.948005161799182039e-01
2.897668703943361290e+00 2.923153689877974193e-01
2.907289729469582085e+00 2.898530542294479040e-01
2.916910754995802435e+00 2.874137741626490716e-01
2.926531780522023229e+00 2.849977310451797807e-01
2.936152806048244024e+00 2.826051271348194449e-01
2.945773831574464818e+00 2.802361646893475333e-01
2.955394857100685613e+00 2.778910459665431820e-01
2.965015882626906407e+00 2.755699732241855271e-01
2.974636908153127202e+00 2.732731487200541487e-01
2.984257933679347552e+00 2.710007747119282384e-01
2.993878959205568346e+00 2.687530534575869323e-01
3.003499984731789141e+00 2.665301872148095330e-01
3.013121010258009935e+00 2.643323782413755096e-01
3.022742035784230730e+00 2.621598287950638873e-01
3.032363061310451524e+00 2.600127411336541350e-01
3.041984086836672319e+00 2.578913175149254444e-01
3.051605112362892669e+00 2.557957379629925976e-01
3.061226137889113463e+00 2.537255513912828331e-01
3.070847163415334258e+00 2.516796009079233509e-01
3.080468188941555052e+00 2.496566923898343171e-01
3.090089214467775847e+00 2.476556317139354535e-01
3.099710239993996641e+00 2.456752247571470926e-01
3.109331265520217435e+00 2.437142773963892617e-01
3.118952291046438230e+00 2.417715955085818491e-01
3.128573316572658580e+00 2.398459849706449931e-01
3.138194342098879375e+00 2.379362516594986376e-01
3.147815367625100169e+00 2.360413136698734649e-01
3.157436393151320964e+00 2.341612098068272252e-01
3.167057418677541758e+00 2.322966232327132452e-01
3.176678444203762552e+00 2.304482448096614178e-01
3.186299469729983347e+00 2.286167653998016913e-01
3.195920495256203697e+00 2.268028758652640697e-01
3.205541520782424492e+00 2.250072670681782516e-01
3.215162546308645286e+00 2.232306298706741854e-01
3.224783571834866081e+00 2.214736551348819027e-01
3.234404597361086875e+00 2.197370280339790150e-01
3.244025622887307669e+00 2.180207072442419958e-01
3.253646648413528464e+00 2.163232194869063041e-01
3.263267673939748814e+00 2.146429239929447397e-01
3.272888699465969609e+00 2.129781799933300468e-01
3.282509724992190403e+00 2.113273467190351917e-01
3.292130750518411197e+00 2.096887834010330853e-01
3.301751776044631992e+00 2.080608492702965828e-01
3.311372801570852786e+00 2.064419035577985673e-01
3.320993827097073581e+00 2.048303055248518190e-01
3.330614852623293931e+00 2.032249798979169630e-01
3.340235878149514726e+00 2.016268627600926455e-01
3.349856903675735520e+00 2.000373372079448653e-01
3.359477929201956314e+00 1.984577863380392326e-01
3.369098954728177109e+00 1.968895932469415522e-01
3.378719980254397903e+00 1.953341410312174897e-01
3.388341005780618698e+00 1.937928127874327944e-01
3.397962031306839492e+00 1.922669916121531597e-01
3.407583056833059842e+00 1.907580604577865380e-01
3.417204082359280637e+00 1.892669447216289991e-01
3.426825107885501431e+00 1.877930977642282007e-01
3.436446133411722226e+00 1.863356774981431430e-01
3.446067158937943020e+00 1.848938418359328539e-01
3.455688184464163815e+00 1.834667486901564171e-01
3.465309209990384609e+00 1.820535559733728603e-01
3.474930235516604959e+00 1.806534215981414060e-01
3.484551261042825754e+00 1.792655034770208045e-01
3.494172286569046548e+00 1.778889641260046894e-01
3.503793312095267343e+00 1.765232526324528040e-01
3.513414337621488137e+00 1.751682683341780067e-01
3.523035363147708932e+00 1.738239500178318520e-01
3.532656388673929726e+00 1.724902364700659496e-01
3.542277414200150076e+00 1.711670664775318262e-01
3.551898439726370871e+00 1.698543788268809807e-01
3.561519465252591665e+00 1.685521123047649394e-01
3.571140490778812460e+00 1.672602056978352569e-01
3.580761516305033254e+00 1.659786267391117343e-01
3.590382541831254049e+00 1.647075645396411658e-01
3.600003567357474843e+00 1.634473104233030716e-01
3.609624592883695637e+00 1.621981562637835328e-01
3.619245618409915988e+00 1.609603939347686030e-01
3.628866643936136782e+00 1.597343153099440582e-01
3.638487669462357577e+00 1.585202122629960908e-01
3.648108694988578371e+00 1.573183766676106987e-01
3.657729720514799165e+00 1.561291003974738800e-01
3.667350746041019960e+00 1.549526753262715772e-01
3.676971771567240754e+00 1.537893933276899272e-01
3.686592797093461105e+00 1.526395462754148447e-01
3.696213822619681899e+00 1.515034260431323554e-01
3.705834848145902694e+00 1.503813245045284575e-01
3.715455873672123488e+00 1.492735335332891766e-01
3.725076899198344282e+00 1.481803450031004832e-01
3.734697924724565077e+00 1.471020424782506775e-01
3.744318950250785871e+00 1.460381154296067074e-01
3.753939975777006222e+00 1.449866134018355512e-01
3.763561001303227016e+00 1.439454339401622374e-01
3.773182026829447810e+00 1.429124745898119053e-01
3.782803052355668605e+00 1.418856328960095003e-01
3.792424077881889399e+00 1.408628064039802452e-01
3.802045103408110194e+00 1.398418926589490852e-01
3.811666128934330988e+00 1.388208016056270144e-01
3.821287154460551783e+00 1.377986166031175963e-01
3.830908179986772133e+00 1.367765423891508236e-01
3.840529205512992927e+00 1.357560067945147164e-01
3.850150231039213722e+00 1.347384376499973502e-01
3.859771256565434516e+00 1.337252627863870780e-01
3.869392282091655311e+00 1.327179100344718921e-01
3.879013307617876105e+00 1.317178072250400067e-01
3.888634333144096900e+00 1.307263641273879728e-01
3.898255358670317250e+00 1.297444167162813411e-01
3.907876384196538044e+00 1.287721223494357192e-01
3.917497409722758839e+00 1.278095991733856351e-01
3.927118435248979633e+00 1.268569653346655612e-01
3.936739460775200428e+00 1.259143389798099977e-01
3.946360486301421222e+00 1.249818382553534307e-01
3.955981511827642016e+00 1.240595813078303050e-01
3.965602537353862367e+00 1.231476551893693344e-01
3.975223562880083161e+00 1.222458714626000476e-01
3.984844588406303956e+00 1.213538977586334361e-01
3.994465613932524750e+00 1.204714004554548606e-01
4.004086639458745545e+00 1.195980459310497512e-01
4.013707664984966783e+00 1.187335005634033575e-01
4.023328690511187133e+00 1.178774307305011509e-01
4.032949716037407484e+00 1.170295028103285201e-01
4.042570741563627834e+00 1.161893831808707422e-01
4.052191767089849073e+00 1.153567382201130531e-01
4.061812792616070311e+00 1.145312343060410076e-01
4.071433818142290662e+00 1.137125378166400080e-01
4.081054843668511012e+00 1.129003151298952484e-01
4.090675869194732250e+00 1.120942326237921449e-01
4.100296894720953489e+00 1.112939566763160998e-01
4.109917920247173839e+00 1.104992297722143524e-01
4.119538945773394190e+00 1.097103973732246746e-01
4.129159971299614540e+00 1.089280919008093484e-01
4.138780996825835778e+00 1.081529475291079651e-01
4.148402022352057017e+00 1.073855984322602403e-01
4.158023047878277367e+00 1.066266787844059732e-01
4.167644073404497718e+00 1.058768227596847272e-01
4.177265098930718068e+00 1.051366362564495893e-01
4.186886124456939307e+00 1.044060401352815137e-01
4.196507149983160545e+00 1.036842503711325747e-01
4.206128175509380895e+00 1.029704506925817470e-01
4.215749201035601246e+00 1.022638248282079637e-01
4.225370226561822484e+00 1.015635565065901441e-01
4.234991252088043723e+00 1.008688294563072768e-01
4.244612277614264073e+00 1.001788274059384476e-01
4.254233303140484423e+00 9.949273408406253405e-02
4.263854328666704774e+00 9.880973321925852482e-02
4.273475354192926012e+00 9.812900854010533913e-02
4.283096379719147251e+00 9.744974377518200725e-02
4.292717405245367601e+00 9.677112265306751782e-02
4.302338430771587952e+00 9.609232890234080393e-02
4.311959456297809190e+00 9.541255461053167741e-02
4.321580481824029540e+00 9.473186051287328657e-02
4.331201507350250779e+00 9.405192257355217411e-02
4.340822532876471129e+00 9.337459269154435582e-02
4.350443558402691480e+00 9.270172276582556992e-02
4.360064583928912718e+00 9.203516469537166567e-02
4.369685609455133957e+00 9.137677037915861722e-02
4.379306634981354307e+00 9.072837797532930237e-02
4.388927660507574657e+00 9.009092332432362682e-02
4.398548686033795008e+00 8.946389696189897822e-02
4.408169711560016246e+00 8.884665947196998537e-02
4.417790737086237485e+00 8.823857143845133255e-02
4.427411762612457835e+00 8.763899344525774571e-02
4.437032788138678185e+00 8.704728607630383974e-02
4.446653813664899424e+00 8.646279853977144325e-02
4.456274839191120662e+00 8.588459303519582755e-02
4.465895864717341013e+00 8.531142991073549509e-02
4.475516890243561363e+00 8.474205516790389581e-02
4.485137915769781713e+00 8.417521480821453517e-02
4.494758941296002952e+00 8.360965483318087699e-02
4.504379966822224191e+00 8.304412124431652387e-02
4.514000992348444541e+00 8.247759482328113900e-02
4.523622017874664891e+00 8.191116824157174126e-02
4.533243043400885242e+00 8.134705127514434142e-02
4.542864068927106480e+00 8.078746385650872885e-02
4.552485094453327719e+00 8.023462591817484557e-02
4.562106119979548069e+00 7.969075739265252256e-02
4.571727145505768419e+00 7.915807754230262672e-02
4.581348171031989658e+00 7.863779054785366429e-02
4.590969196558210896e+00 7.812804248916703498e-02
4.600590222084431247e+00 7.762640586695948586e-02
4.610211247610651597e+00 7.713045318194781952e-02
4.619832273136871947e+00 7.663775693484881080e-02
4.629453298663093186e+00 7.614588962637916514e-02
4.639074324189314424e+00 7.565253128458312992e-02
4.648695349715534775e+00 7.515740730731441943e-02
4.658316375241755125e+00 7.466207574623290322e-02
4.667937400767975475e+00 7.416815947623656147e-02
4.677558426294196714e+00 7.367728137222333273e-02
4.687179451820417952e+00 7.319106430909132210e-02
4.696800477346638303e+00 7.271113100335996338e-02
4.706421502872858653e+00 7.223866881371006354e-02
4.716042528399079892e+00 7.177348032975994219e-02
4.725663553925301130e+00 7.131509343380766641e-02
4.735284579451521481e+00 7.086303600815112291e-02
4.744905604977741831e+00 7.041683593508821226e-02
4.754526630503962181e+00 6.997602109691693217e-02
4.764147656030184308e+00 6.954011937593503057e-02
4.773768681556404658e+00 6.910865865444065781e-02
4.783389707082625009e+00 6.868116681473164509e-02
4.793010732608845359e+00 6.825717173910593460e-02
4.802631758135065709e+00 6.783620130986144081e-02
4.812252783661287836e+00 6.741778340929605040e-02
4.821873809187508186e+00 6.700145547598838902e-02
4.831494834713728537e+00 6.658713380469381826e-02
4.841115860239948887e+00 6.617523113596218698e-02
4.850736885766169237e+00 6.576619382457321583e-02
4.860357911292391364e+00 6.536046822530640343e-02
4.869978936818611714e+00 6.495850069294155371e-02
4.879599962344832065e+00 6.456073678322500620e-02
4.889220987871052415e+00 6.416738526995240111e-02
4.898842013397274542e+00 6.377808892880958147e-02
4.908463038923494892e+00 6.339240774549360913e-02
4.918084064449715243e+00 6.300990170570132387e-02
4.927705089975935593e+00 6.263013079512964876e-02
4.937326115502155943e+00 6.225265500575612870e-02
4.946947141028378070e+00 6.187729367146978937e-02
4.956568166554598420e+00 6.150481488317007667e-02
4.966189192080818771e+00 6.113620363110303796e-02
4.975810217607039121e+00 6.077244490551478306e-02
4.985431243133259471e+00 6.041452369665143568e-02
4.995052268659481598e+00 6.006342499475900848e-02
5.004673294185701948e+00 5.971975043591810223e-02
5.014294319711922299e+00 5.938235574833985314e-02
5.023915345238142649e+00 5.904959989931569952e-02
5.033536370764364776e+00 5.871984182082132242e-02
5.043157396290585126e+00 5.839144044483259716e-02
5.052778421816805476e+00 5.806275470332524641e-02
5.062399447343025827e+00 5.773263064844557507e-02
5.072020472869246177e+00 5.740215153114300306e-02
5.081641498395468304e+00 5.707304246651409563e-02
5.091262523921688654e+00 5.674702862427152134e-02
5.100883549447909004e+00 5.642583517412784466e-02
5.110504574974129355e+00 5.611118728243049553e-02
5.120125600500351482e+00 5.580429445794734405e-02
5.129746626026571832e+00 5.550441806500189257e-02
5.139367651552792182e+00 5.521035948137541921e-02
5.148988677079012533e+00 5.492092008484923682e-02
5.158609702605232883e+00 5.463490125320467905e-02
5.168230728131455010e+00 5.435110512017968243e-02
5.177851753657675360e+00 5.406867339429562158e-02
5.187472779183895710e+00 5.378762157216856327e-02
5.197093804710116061e+00 5.350810376825566872e-02
5.206714830236336411e+00 5.323027409701411999e-02
5.216335855762558538e+00 5.295428667290095343e-02
5.225956881288778888e+00 5.268029561037346903e-02
5.235577906814999238e+00 5.240845502388875171e-02
5.245198932341219589e+00 5.213891902790391414e-02
5.254819957867441715e+00 5.187184173687611755e-02
5.264440983393662066e+00 5.160737726526254399e-02
5.274062008919882416e+00 5.134567972752034776e-02
5.283683034446102766e+00 5.108689498970645643e-02
5.293304059972323117e+00 5.083104515183133054e-02
5.302925085498545243e+00 5.057805686152212765e-02
5.312546111024765594e+00 5.032785430079181332e-02
5.322167136550985944e+00 5.008036165165317272e-02
5.331788162077206294e+00 4.983550309611906731e-02
5.341409187603426645e+00 4.959323313600759453e-02
5.351030213129648772e+00 4.935366325079214300e-02
5.360651238655869122e+00 4.911695556998733198e-02
5.370272264182089472e+00 4.888327224801989473e-02
5.379893289708309823e+00 4.865277543931650905e-02
5.389514315234531949e+00 4.842562632335357942e-02
5.399135340760752300e+00 4.820190216541881539e-02
5.408756366286972650e+00 4.798153295958092895e-02
5.418377391813193000e+00 4.776443378272061252e-02
5.427998417339413351e+00 4.755051971171858627e-02
5.437619442865635477e+00 4.733970582345548711e-02
5.447240468391855828e+00 4.713190124453615903e-02
5.456861493918076178e+00 4.692695697528917465e-02
5.466482519444296528e+00 4.672469117053151821e-02
5.476103544970518655e+00 4.652492161334693260e-02
5.485724570496739005e+00 4.632746608681920231e-02
5.495345596022959356e+00 4.613214298465058427e-02
5.504966621549179706e+00 4.593890170872375750e-02
5.514587647075400056e+00 4.574798472585200199e-02
5.524208672601622183e+00 4.555967427581270740e-02
5.533829698127842533e+00 4.537425259838336056e-02
5.543450723654062884e+00 4.519200193334133725e-02
5.553071749180283234e+00 4.501314469829536397e-02
5.562692774706503585e+00 4.483735573488812493e-02
5.572313800232725711e+00 4.466401611691569323e-02
5.581934825758946062e+00 4.449250411437258301e-02
5.591555851285166412e+00 4.432219799725316961e-02
5.601176876811386762e+00 4.415248272122524603e-02
5.610797902337608889e+00 4.398317837966372185e-02
5.620418927863829239e+00 4.381479984002555755e-02
5.630039953390049590e+00 4.364792417382511169e-02
5.639660978916269940e+00 4.348312845257677056e-02
5.649282004442490290e+00 4.332098974779492739e-02
5.658903029968712417e+00 4.316208513099394767e-02
5.668524055494932767e+00 4.300699167368828013e-02
5.678145081021153118e+00 4.285628644739231108e-02
5.687766106547373468e+00 4.271054652362040599e-02
5.697387132073593818e+00 4.257034897388697198e-02
5.707008157599815945e+00 4.243614903552309081e-02
5.716629183126036295e+00 4.230686845296160320e-02
5.726250208652256646e+00 4.218038098253647922e-02
5.735871234178476996e+00 4.205454008010640204e-02
5.745492259704699123e+00 4.192719920153006874e-02
5.755113285230919473e+00 4.179625149635438769e-02
5.764734310757139824e+00 4.166135486074658972e-02
5.774355336283360174e+00 4.152459682885571018e-02
5.783976361809580524e+00 4.138824188299961016e-02
5.793597387335802651e+00 4.125455450549611602e-02
5.803218412862023001e+00 4.112579685748750380e-02
5.812839438388243352e+00 4.100330945619638789e-02
5.822460463914463702e+00 4.088610961423124607e-02
5.832081489440684052e+00 4.077285428401374728e-02
5.841702514966906179e+00 4.066220041796552581e-02
5.851323540493126529e+00 4.055280496850824368e-02
5.860944566019346880e+00 4.044360288543479010e-02
5.870565591545567230e+00 4.033470773604263399e-02
5.880186617071789357e+00 4.022654538507582089e-02
5.889807642598009707e+00 4.011954169942869713e-02
5.899428668124230057e+00 4.001412254599553270e-02
5.909049693650450408e+00 3.991071379167065308e-02
5.918670719176670758e+00 3.980974130334835603e-02
5.928291744702892885e+00 3.971163094792291154e-02
5.937912770229113235e+00 3.961680859228867285e-02
5.947533795755333585e+00 3.952570010333991690e-02
5.957154821281553936e+00 3.943866660287648901e-02
5.966775846807776063e+00 3.935552055189755344e-02
5.976396872333996413e+00 3.927579808743038303e-02
5.986017897860216763e+00 3.919903324091340846e-02
5.995638923386437114e+00 3.912476004378506039e-02
6.005259948912657464e+00 3.905252100308816837e-02
6.014880974438879591e+00 3.898194324792569887e-02
6.024501999965099941e+00 3.891270255083736918e-02
6.034123025491320291e+00 3.884447526524528044e-02
6.043744051017540642e+00 3.877693774457158238e-02
6.053365076543760992e+00 3.870976634223847329e-02
6.062986102069983119e+00 3.864263741166803351e-02
6.072607127596203469e+00 3.857522730628246826e-02
6.082228153122423819e+00 3.850721237950392728e-02
6.091849178648644170e+00 3.843826898475454640e-02
6.101470204174866296e+00 3.836819720568943048e-02
6.111091229701086647e+00 3.829793569776559353e-02
6.120712255227306997e+00 3.822903656531101424e-02
6.130333280753527347e+00 3.816305785316233962e-02
6.139954306279747698e+00 3.810155760615618892e-02
6.149575331805969824e+00 3.804595582087265393e-02
6.159196357332190175e+00 3.799666460506500448e-02
6.168817382858410525e+00 3.795364912471724250e-02
6.178438408384630876e+00 3.791687253838117028e-02
6.188059433910851226e+00 3.788629800460864561e-02
6.197680459437073353e+00 3.786144104412171585e-02
6.207301484963293703e+00 3.783948258436547335e-02
6.216922510489514053e+00 3.781684493267942204e-02
6.226543536015734404e+00 3.778994999358169932e-02
6.236164561541956530e+00 3.775521994997188546e-02
6.245785587068176881e+00 3.771084865889629684e-02
6.255406612594397231e+00 3.766100576896570795e-02
6.265027638120617581e+00 3.761111955346659735e-02
6.274648663646837932e+00 3.756661828568540890e-02
6.284269689173060058e+00 3.753290434118783381e-02
6.293890714699280409e+00 3.751184599567567585e-02
6.303511740225500759e+00 3.749822108458922970e-02
6.313132765751721109e+00 3.748596024135814747e-02
6.322753791277941460e+00 3.746899409941216452e-02
6.332374816804163586e+00 3.744144162889609384e-02
6.341995842330383937e+00 3.740283639945032185e-02
6.351616867856604287e+00 3.735880669963557998e-02
6.361237893382824637e+00 3.731530577588177550e-02
6.370858918909046764e+00 3.727828687461884338e-02
6.380479944435267114e+00 3.725320158035089896e-02
6.390100969961487465e+00 3.724042413532892282e-02
6.399721995487707815e+00 3.723737903389251480e-02
6.409343021013928166e+00 3.724145437612504800e-02
6.418964046540150292e+00 3.725003826210990937e-02
6.428585072066370643e+00 3.726051879193046507e-02
6.438206097592590993e+00 3.727028406567008817e-02
6.447827123118811343e+00 3.727672218341217952e-02
6.457448148645033470e+00 3.727722124524005670e-02
6.467069174171253820e+00 3.726921066057687498e-02
6.476690199697474171e+00 3.725310902910590471e-02
6.486311225223694521e+00 3.723428842417118162e-02
6.495932250749914871e+00 3.721858678230875739e-02
6.505553276276136998e+00 3.721184204005467677e-02
6.515174301802357348e+00 3.721931746045270550e-02
6.524795327328577699e+00 3.723939907891101603e-02
6.534416352854798049e+00 3.726594081262755292e-02
6.544037378381018399e+00 3.729271664901435274e-02
6.553658403907240526e+00 3.731350068231646666e-02
6.563279429433460876e+00 3.732384535265006326e-02
6.572900454959681227e+00 3.732559917746197664e-02
6.582521480485901577e+00 3.732200336988795997e-02
6.592142506012123704e+00 3.731629914306374557e-02
6.601763531538344054e+00 3.731172449575344968e-02
6.611384557064564405e+00 3.731142464838990702e-02
6.621005582590784755e+00 3.731844018021530235e-02
6.630626608117005105e+00 3.733580607275518992e-02
6.640247633643227232e+00 3.736655730753515176e-02
6.649868659169447582e+00 3.741246250786876143e-02
6.659489684695667933e+00 3.746838896817870218e-02
6.669110710221888283e+00 3.752686451864575834e-02
6.678731735748108633e+00 3.758041510485080755e-02
6.688352761274330760e+00 3.762167718483675621e-02
6.697973786800551110e+00 3.764842112743147645e-02
6.707594812326771461e+00 3.766561612724759339e-02
6.717215837852991811e+00 3.767876972591081841e-02
6.726836863379213938e+00 3.769338946504693921e-02
6.736457888905434288e+00 3.771425524550589548e-02
6.746078914431654638e+00 3.774188250627109886e-02
6.755699939957874989e+00 3.777523791453674118e-02
6.765320965484095339e+00 3.781328594744146759e-02
6.774941991010317466e+00 3.785499108212394409e-02
6.784563016536537816e+00 3.789931779572277420e-02
6.794184042062758166e+00 3.794523056537659617e-02
6.803805067588978517e+00 3.799169386822407596e-02
6.813426093115200644e+00 3.803767218140385181e-02
6.823047118641420994e+00 3.808275674981845271e-02
6.832668144167641344e+00 3.812932277479262611e-02
6.842289169693861695e+00 3.818051814604168231e-02
6.851910195220082045e+00 3.823949078290606735e-02
6.861531220746304172e+00 3.830910562564296407e-02
6.871152246272524522e+00 3.838708115806607757e-02
6.880773271798744872e+00 3.846664864149249019e-02
6.890394297324965223e+00 3.854088898201961377e-02
6.900015322851185573e+00 3.860289434233224459e-02
6.909636348377407700e+00 3.864954972898421853e-02
6.919257373903628050e+00 3.868702734061688076e-02
6.928878399429848400e+00 3.872289465300712136e-02
6.938499424956068751e+00 3.876471914193176799e-02
6.948120450482290877e+00 3.881887035406475506e-02
6.957741476008511228e+00 3.888309576453858468e-02
6.967362501534731578e+00 3.895136712656420419e-02
6.976983527060951928e+00 3.901764020400621397e-02
6.986604552587172279e+00 3.907607716127190628e-02
6.996225578113394405e+00 3.912617730397955490e-02
7.005846603639614756e+00 3.917312697009683875e-02
7.015467629165835106e+00 3.922238896482408560e-02
7.025088654692055457e+00 3.927941855623746925e-02
7.034709680218275807e+00 3.934719787745582370e-02
7.044330705744497934e+00 3.942268273361889536e-02
7.053951731270718284e+00 3.950192842163822993e-02
7.063572756796938634e+00 3.958099023842541475e-02
7.073193782323158985e+00 3.965651535304157149e-02
7.082814807849381111e+00 3.972848070669406789e-02
7.092435833375601462e+00 3.979802673691489739e-02
7.102056858901821812e+00 3.986629509997388632e-02
7.111677884428042162e+00 3.993442745214079159e-02
7.121298909954262513e+00 4.000356544968540484e-02
7.130919935480484639e+00 4.007485074887754545e-02
7.140540961006704990e+00 4.014942500598696340e-02
7.150161986532925340e+00 4.022839417383144295e-02
7.159783012059145690e+00 4.031145894172222938e-02
7.169404037585366041e+00 4.039648444491460155e-02
7.179025063111588167e+00 4.048121212757464782e-02
7.188646088637808518e+00 4.056339019275718993e-02
7.198267114164028868e+00 4.064241200564067819e-02
7.207888139690249218e+00 4.072145167355533529e-02
7.217509165216471345e+00 4.080421238449881416e-02
7.227130190742691696e+00 4.089439732632755425e-02
7.236751216268912046e+00 4.099425520161546765e-02
7.246372241795132396e+00 4.110029678515255552e-02
7.255993267321352747e+00 4.120761809877383081e-02
7.265614292847574873e+00 4.131131516431428563e-02
7.275235318373795224e+00 4.140717170494001564e-02
7.284856343900015574e+00 4.149540752546011096e-02
7.294477369426235924e+00 4.157800320050365067e-02
7.304098394952458051e+00 4.165694375281008693e-02
7.313719420478678401e+00 4.173421420511878865e-02
7.323340446004898752e+00 4.181179958016920106e-02
7.332961471531119102e+00 4.189168490070074857e-02
7.342582497057339452e+00 4.197585518945287641e-02
7.352203522583561579e+00 4.206617422018523594e-02
7.361824548109781929e+00 4.216259964035010133e-02
7.371445573636002280e+00 4.226357329731808554e-02
7.381066599162222630e+00 4.236749514174821540e-02
7.390687624688442980e+00 4.247279170780018237e-02
7.400308650214665107e+00 4.257852069676761053e-02
7.409929675740885457e+00 4.268438214632710309e-02
7.419550701267105808e+00 4.279010491172136749e-02
7.429171726793326158e+00 4.289541784819307646e-02
7.438792752319548285e+00 4.300004981098494439e-02
7.448413777845768635e+00 4.310372965533961626e-02
7.458034803371988986e+00 4.320618623649979256e-02
7.467655828898209336e+00 4.330715329934507751e-02
7.477276854424429686e+00 4.340659417408064547e-02
7.486897879950651813e+00 4.350479553588770115e-02
7.496518905476872163e+00 4.360206839358392317e-02
7.506139931003092514e+00 4.369873165698334727e-02
7.515760956529312864e+00 4.379555901676353280e-02
7.525381982055533214e+00 4.389401820652985564e-02
7.535003007581755341e+00 4.399563541017394164e-02
7.544624033107975691e+00 4.410191306441073322e-02
7.554245058634196042e+00 4.421289034754067454e-02
7.563866084160416392e+00 4.432631601096108376e-02
7.573487109686638519e+00 4.443973914140755127e-02
7.583108135212858869e+00 4.455074177703426813e-02
7.592729160739079219e+00 4.465878382500173410e-02
7.602350186265299570e+00 4.476618022980481670e-02
7.611971211791519920e+00 4.487548513847113701e-02
7.621592237317742047e+00 4.498921873497249008e-02
7.631213262843962397e+00 4.510832890929145772e-02
7.640834288370182747e+00 4.523156203056220154e-02
7.650455313896403098e+00 4.535750017244032789e-02
7.660076339422623448e+00 4.548472110944032365e-02
7.669697364948845575e+00 4.561165563114156357e-02
7.679318390475065925e+00 4.573655448768093601e-02
7.688939416001286276e+00 4.585765743376519349e-02
7.698560441527506626e+00 4.597328810449305414e-02
7.708181467053728753e+00 4.608376733144656234e-02
7.717802492579949103e+00 4.619145163689910433e-02
7.727423518106169453e+00 4.629878912323727447e-02
7.737044543632389804e+00 4.640822789284762551e-02
7.746665569158610154e+00 4.652221604811672406e-02
7.756286594684832281e+00 4.664320169143113676e-02
7.765907620211052631e+00 4.677363292517741633e-02
7.775528645737272981e+00 4.691538804758364767e-02
7.785149671263493332e+00 4.706426661962205549e-02
7.794770696789715458e+00 4.721239071245487279e-02
7.804391722315935809e+00 4.735183120167233556e-02
7.814012747842156159e+00 4.747566569021065275e-02
7.823633773368376509e+00 4.758400149206154506e-02
7.833254798894596860e+00 4.767994285595552467e-02
7.842875824420818986e+00 4.776660516717930877e-02
7.852496849947039337e+00 4.784877782446298605e-02
7.862117875473259687e+00 4.793872612970370012e-02
7.871738900999480038e+00 4.805080150686290297e-02
7.881359926525700388e+00 4.819934052300679089e-02
7.890980952051922515e+00 4.838828555818922017e-02
7.900601977578142865e+00 4.859302546713446802e-02
7.910223003104363215e+00 4.878408907106388664e-02
7.919844028630583566e+00 4.893228549292643476e-02
7.929465054156805692e+00 4.902868903886421770e-02
7.939086079683026043e+00 4.909794594435019227e-02
7.948707105209246393e+00 4.916785856572229024e-02
7.958328130735466743e+00 4.926534750934603163e-02
7.967949156261687094e+00 4.939776775844048617e-02
7.977570181787909220e+00 4.955329764038628876e-02
7.987191207314129571e+00 4.971931153588659419e-02
7.996812232840349921e+00 4.988398292427609348e-02
8.006433258366570271e+00 5.004307110638409745e-02
8.016054283892790622e+00 5.019652577357397449e-02
8.025675309419012748e+00 5.034434070406795109e-02
8.035296334945233099e+00 5.048650967608814266e-02
8.044917360471453449e+00 5.062302646785679650e-02
8.054538385997673799e+00 5.075388485759607660e-02
8.064159411523895926e+00 5.087907862352818861e-02
8.073780437050116277e+00 5.099860154387528960e-02
8.083401462576336627e+00 5.111244739685958521e-02
8.093022488102556977e+00 5.122060996070326028e-02
8.102643513628777328e+00 5.132322837839632668e-02
8.112264539154999454e+00 5.142419358388056888e-02
8.121885564681219805e+00 5.153139027739676165e-02
8.131506590207440155e+00 5.165289697829482385e-02
8.141127615733660505e+00 5.179539134414310603e-02
8.150748641259882632e+00 5.195375249832654557e-02
8.160369666786102982e+00 5.211694769218327972e-02
8.169990692312323333e+00 5.227390055309562994e-02
8.179611717838543683e+00 5.241667748367007801e-02
8.189232743364764033e+00 5.254785214866061760e-02
8.198853768890986160e+00 5.267219148960445435e-02
8.208474794417206510e+00 5.279444819944988793e-02
8.218095819943426861e+00 5.291873428464847345e-02
8.227716845469647211e+00 5.304827547897791179e-02
8.237337870995867561e+00 5.318623252347769170e-02
8.246958896522089688e+00 5.333529445788177947e-02
8.256579922048310038e+00 5.349341724155302902e-02
8.266200947574530389e+00 5.365582550635100006e-02
8.275821973100750739e+00 5.381771103779534049e-02
8.285442998626972866e+00 5.397538025669480072e-02
8.295064024153193216e+00 5.412891277021197184e-02
8.304685049679413567e+00 5.427918580616237360e-02
8.314306075205633917e+00 5.442707659236147022e-02
8.323927100731854267e+00 5.457346235662475370e-02
8.333548126258076394e+00 5.471922032676772296e-02
8.343169151784296744e+00 5.486522773060580060e-02
8.352790177310517095e+00 5.501209722542153846e-02
8.362411202836737445e+00 5.515846875275603328e-02
8.372032228362957795e+00 5.530209123249967690e-02
8.381653253889179922e+00 5.544072340766108276e-02
8.391274279415400272e+00 5.557552015363195069e-02
8.400895304941620623e+00 5.571541526368378738e-02
8.410516330467840973e+00 5.587042705586198893e-02
8.420137355994063100e+00 5.604962134858891554e-02
8.429758381520283450e+00 5.624775059708040509e-02
8.439379407046503800e+00 5.644851744391771176e-02
8.449000432572724151e+00 5.663533851602630537e-02
8.458621458098944501e+00 5.679581078723092147e-02
8.468242483625166628e+00 5.693319072059460639e-02
8.477863509151386978e+00 5.705440083492946401e-02
8.487484534677607328e+00 5.716636364904760514e-02
8.497105560203827679e+00 5.727600168176122386e-02
8.506726585730048029e+00 5.739023745188238240e-02
8.516347611256270156e+00 5.751599347822328179e-02
8.525968636782490506e+00 5.765801070359620473e-02
8.535589662308710857e+00 5.780962507419053209e-02
8.545210687834931207e+00 5.796045791817380777e-02
8.554831713361153334e+00 5.810027583249111061e-02
8.564452738887373684e+00 5.822542748204959095e-02
8.574073764413594034e+00 5.834134303696785623e-02
8.583694789939814385e+00 5.845411613841792337e-02
8.593315815466034735e+00 5.856984042757184400e-02
8.602936840992256862e+00 5.869460954560165589e-02
8.612557866518477212e+00 5.883451713367941066e-02
8.622178892044697562e+00 5.899551820559669618e-02
8.631799917570917913e+00 5.917621329111858591e-02
8.641420943097140039e+00 5.936432527625698508e-02
8.651041968623360390e+00 5.954669977292711969e-02
8.660662994149580740e+00 5.971242797527995944e-02
8.670284019675801090e+00 5.986440568473636037e-02
8.679905045202021441e+00 6.001077075070032629e-02
8.689526070728243567e+00 6.015955038355839252e-02
8.699147096254463918e+00 6.031345197563597882e-02
8.708768121780684268e+00 6.046788610187401464e-02
8.718389147306904619e+00 6.061773479745343612e-02
8.728010172833124969e+00 6.075921758014898172e-02
8.737631198359347096e+00 6.089549229546319109e-02
8.747252223885567446e+00 6.103195976705912129e-02
8.756873249411787796e+00 6.117392240406161613e-02
8.766494274938009923e+00 6.132391586970639685e-02
8.776115300464230273e+00 6.148141466174679437e-02
8.785736325990450624e+00 6.164573465936012270e-02
8.795357351516670974e+00 6.181569852629565515e-02
8.804978377042891324e+00 6.198828115329615973e-02
8.814599402569113451e+00 6.216002480083623188e-02
8.824220428095333801e+00 6.232760180327488742e-02
8.833841453621554152e+00 6.248966710917439049e-02
8.843462479147774502e+00 6.264642068098794092e-02
8.853083504673996629e+00 6.279810332517325733e-02
8.862704530200216979e+00 6.294495584818803058e-02
8.872325555726437329e+00 6.308721905649003481e-02
8.881946581252657680e+00 6.322513375653698864e-02
8.891567606778878030e+00 6.335951210115672860e-02
8.901188632305100157e+00 6.349566375399118279e-02
8.910809657831320507e+00 6.364102700812565572e-02
8.920430683357540858e+00 6.380284905759854575e-02
8.930051708883761208e+00 6.398005895901016926e-02
8.939672734409981558e+00 6.416054594812722889e-02
8.949293759936203685e+00 6.433143741872772436e-02
8.958914785462424035e+00 6.448364784756839552e-02
8.968535810988644386e+00 6.462254924829666236e-02
8.978156836514864736e+00 6.475696312643169916e-02
8.987777862041086863e+00 6.489531749728411070e-02
8.997398887567307213e+00 6.504120448036769531e-02
9.007019913093527563e+00 6.519496739201097180e-02
9.016640938619747914e+00 6.535686148002158025e-02
9.026261964145968264e+00 6.552498000612513862e-02
9.035882989672190391e+00 6.569374637567054753e-02
9.045504015198410741e+00 6.585722786599562673e-02
9.055125040724631091e+00 6.601144012663638649e-02
9.064746066250851442e+00 6.616120201727701544e-02
9.074367091777071792e+00 6.631381750142401055e-02
9.083988117303293919e+00 6.647612388539027306e-02
9.093609142829514269e+00 6.664876905741162760e-02
9.103230168355734619e+00 6.682801288220545366e-02
9.112851193881954970e+00 6.701002211410472809e-02
9.122472219408177097e+00 6.719096350744255264e-02
9.132093244934397447e+00 6.736700381655186254e-02
9.141714270460617797e+00 6.753430979694333147e-02
9.151335295986838148e+00 6.769036861955939066e-02
9.160956321513058498e+00 6.783779735656306209e-02
9.170577347039280625e+00 6.798045869929666973e-02
9.180198372565500975e+00 6.812171667896324556e-02
9.189819398091721325e+00 6.826006904973820621e-02
9.199440423617941676e+00 6.839126598149203318e-02
9.209061449144162026e+00 6.851146754946885187e-02
9.218682474670384153e+00 6.863097063293747968e-02
9.228303500196604503e+00 6.877686591077936118e-02
9.237924525722824853e+00 6.897715906724909141e-02
9.247545551249045204e+00 6.923753367073111342e-02
9.257166576775267330e+00 6.950839977007468307e-02
9.266787602301487681e+00 6.973176002124567563e-02
9.276408627827708031e+00 6.986281961338988711e-02
9.286029653353928381e+00 6.992748003050665295e-02
9.295650678880148732e+00 6.997520707157182940e-02
9.305271704406370858e+00 7.005250099603858860e-02
9.314892729932591209e+00 7.016961678827626780e-02
9.324513755458811559e+00 7.031265132151083563e-02
9.334134780985031909e+00 7.046742929254656840e-02
9.343755806511254036e+00 7.062566642412303197e-02
9.353376832037474387e+00 7.078640637135770464e-02
9.362997857563694737e+00 7.094915117789098169e-02
9.372618883089915087e+00 7.111340288736321680e-02
9.382239908616135438e+00 7.127866354341479138e-02
9.391860934142357564e+00 7.144443518968610074e-02
9.401481959668577915e+00 7.160998457341408163e-02
9.411102985194798265e+00 7.177355723772220475e-02
9.420724010721018615e+00 7.193312174810077841e-02
9.430345036247238966e+00 7.208697806725196389e-02
9.439966061773461092e+00 7.223615383968538806e-02
9.449587087299681443e+00 7.238301739550515035e-02
9.459208112825901793e+00 7.252994177762696337e-02
9.468829138352122143e+00 7.267922277226343541e-02
9.478450163878344270e+00 7.283309205232749162e-02
9.488071189404564620e+00 7.299371943421488484e-02
9.497692214930784971e+00 7.316074456284787919e-02
9.507313240457005321e+00 7.333039907142673008e-02
9.516934265983225671e+00 7.349867421293475311e-02
9.526555291509447798e+00 7.366156124035531938e-02
9.536176317035668148e+00 7.381505140667163345e-02
9.545797342561888499e+00 7.395513626952694708e-02
9.555418368088108849e+00 7.408124256373199712e-02
9.565039393614329200e+00 7.420474637925222883e-02
9.574660419140551326e+00 7.433962038114938498e-02
9.584281444666771677e+00 7.449709442675700455e-02
9.593902470192992027e+00 7.467319704822235338e-02
9.603523495719212377e+00 7.485872019952233281e-02
9.613144521245434504e+00 7.504445096993837827e-02
9.622765546771654854e+00 7.522117644875164766e-02
9.632386572297875205e+00 7.537968372524349314e-02
9.642007597824095555e+00 7.551195180058002665e-02
9.651628623350315905e+00 7.562693791778493657e-02
9.661249648876538032e+00 7.574624464823102865e-02
9.670870674402758382e+00 7.589081964100995170e-02
9.680491699928978733e+00 7.605826266044490858e-02
9.690112725455199083e+00 7.622205232024911736e-02
9.699733750981419433e+00 7.635510718959787058e-02
9.709354776507641560e+00 7.645576839487337739e-02
9.718975802033861910e+00 7.655791723063440357e-02
9.728596827560082261e+00 7.669784086484912611e-02
9.738217853086302611e+00 7.688697438328059852e-02
9.747838878612524738e+00 7.709061075059323032e-02
9.757459904138745088e+00 7.726908638074303504e-02
9.767080929664965439e+00 7.740198309649237718e-02
9.776701955191185789e+00 7.751558592513629886e-02
9.786322980717406139e+00 7.764312143417652357e-02
9.795944006243628266e+00 7.780572335396707118e-02
9.805565031769848616e+00 7.798680067536838123e-02
9.815186057296068967e+00 7.816242664052701350e-02
9.824807082822289317e+00 7.831450011376417386e-02
9.834428108348511444e+00 7.844780941384209283e-02
9.844049133874731794e+00 7.857276378835598152e-02
9.853670159400952144e+00 7.869977248490105104e-02
9.863291184927172495e+00 7.883924475107255414e-02
9.872912210453392845e+00 7.900158983446570193e-02
9.882533235979614972e+00 7.919371232333739796e-02
9.892154261505835322e+00 7.940228449282141221e-02
9.901775287032055672e+00 7.960673414214626542e-02
9.911396312558276023e+00 7.978911592202225789e-02
9.921017338084496373e+00 7.994926150682835075e-02
9.930638363610718500e+00 8.009434877197442459e-02
9.940259389136938850e+00 8.023128538814840172e-02
9.949880414663159200e+00 8.036472374323606893e-02
9.959501440189379551e+00 8.049827050819734209e-02
9.969122465715601678e+00 8.063495846897912600e-02
9.978743491241822028e+00 8.077297092508313459e-02
9.988364516768042378e+00 8.090803415023269107e-02
9.997985542294262729e+00 8.103678918871007331e-02
1.000760656782048308e+01 8.116449174732641436e-02
1.001722759334670521e+01 8.130104803311334616e-02
1.002684861887292556e+01 8.145500910616930434e-02
1.003646964439914591e+01 8.162135880229248741e-02
1.004609066992536626e+01 8.178746478331512526e-02
1.005571169545158661e+01 8.194168457843474529e-02
1.006533272097780873e+01 8.208298804449438990e-02
1.007495374650402908e+01 8.221639475025997734e-02
1.008457477203024943e+01 8.234699465742528757e-02
1.009419579755646978e+01 8.247987772768419767e-02
1.010381682308269191e+01 8.262013392273055701e-02
1.011343784860891226e+01 8.277177046133349370e-02
1.012305887413513261e+01 8.292861599445436327e-02
1.013267989966135296e+01 8.307892021088494894e-02
1.014230092518757331e+01 8.321269227304588234e-02
1.015192195071379544e+01 8.333590588656386577e-02
1.016154297624001579e+01 8.346281995494155004e-02
1.017116400176623614e+01 8.360570735362088390e-02
1.018078502729245649e+01 8.376038791870038525e-02
1.019040605281867862e+01 8.391478601802701554e-02
1.020002707834489897e+01 8.405858719117140221e-02
1.020964810387111932e+01 8.419434804193035027e-02
1.021926912939733967e+01 8.433019895386750786e-02
1.022889015492356002e+01 8.447283624355435283e-02
1.023851118044978215e+01 8.461997054491444958e-02
1.024813220597600250e+01 8.476588894789614803e-02
1.025775323150222285e+01 8.490569730931868397e-02
1.026737425702844320e+01 8.503882691665683169e-02
1.027699528255466355e+01 8.516612096082150363e-02
1.028661630808088567e+01 8.528885160042000424e-02
1.029623733360710602e+01 8.541015535554970228e-02
1.030585835913332637e+01 8.553367604295129822e-02
1.031547938465954672e+01 8.566305748990214741e-02
1.032510041018576885e+01 8.580194352367977173e-02
1.033472143571198920e+01 8.595397335671128847e-02
1.034434246123820955e+01 8.611892316581969131e-02
1.035396348676442990e+01 8.628569308958977668e-02
1.036358451229065025e+01 8.644131893984248471e-02
1.037320553781687238e+01 8.658007073913771834e-02
1.038282656334309273e+01 8.671218819129253297e-02
1.039244758886931308e+01 8.684994454485374382e-02
1.040206861439553343e+01 8.699760116276064603e-02
1.041168963992175378e+01 8.714572725588357049e-02
1.042131066544797591e+01 8.728373675303674473e-02
1.043093169097419626e+01 8.740832772875539725e-02
1.044055271650041661e+01 8.752571181369271647e-02
1.045017374202663696e+01 8.764274162131872881e-02
1.045979476755285908e+01 8.776626976510344680e-02
1.046941579307907944e+01 8.790314885851686910e-02
1.047903681860529979e+01 8.805908203092922826e-02
1.048865784413152014e+01 8.822405105860021968e-02
1.049827886965774049e+01 8.837664954634967540e-02
1.050789989518396261e+01 8.849784936339423480e-02
1.051752092071018296e+01 8.859176155108347550e-02
1.052714194623640331e+01 8.867450713169570953e-02
1.053676297176262366e+01 8.876230927736801501e-02
1.054638399728884401e+01 8.887139116023741459e-02
1.055600502281506614e+01 8.901797590037156815e-02
1.056562604834128649e+01 8.920844328670579637e-02
1.057524707386750684e+01 8.941183890725563910e-02
1.058486809939372719e+01 8.958841285277341360e-02
1.059448912491994932e+01 8.971757683882886081e-02
1.060411015044616967e+01 8.982603843774941699e-02
1.061373117597239002e+01 8.994738792549533679e-02
1.062335220149861037e+01 9.009602592942868304e-02
1.063297322702483072e+01 9.025537501898237003e-02
1.064259425255105285e+01 9.040658463703701853e-02
1.065221527807727320e+01 9.054454852763713091e-02
1.066183630360349355e+01 9.067866479451330841e-02
1.067145732912971390e+01 9.081815628411328556e-02
1.068107835465593602e+01 9.096142557804187678e-02
1.069069938018215637e+01 9.109953581086775720e-02
1.070032040570837673e+01 9.122492103441388889e-02
1.070994143123459708e+01 9.134037051117048500e-02
1.071956245676081743e+01 9.145301651583127855e-02
1.072918348228703955e+01 9.156878405044530100e-02
1.073880450781325990e+01 9.168880312618060691e-02
1.074842553333948025e+01 9.181302793533786810e-02
1.075804655886570060e+01 9.194141267021788133e-02
1.076766758439192095e+01 9.207391152312136007e-02
1.077728860991814308e+01 9.221036772730240028e-02
1.078690963544436343e+01 9.234613877328071152e-02
1.079653066097058378e+01 9.247065338229179532e-02
1.080615168649680413e+01 9.257377369211142182e-02
1.081577271202302626e+01 9.265805887692660225e-02
1.082539373754924661e+01 9.273590798470862651e-02
1.083501476307546696e+01 9.281997373964252784e-02
1.084463578860168731e+01 9.292288539953443005e-02
1.085425681412790766e+01 9.305726182772564026e-02
1.086387783965412979e+01 9.322842383833951363e-02
1.087349886518035014e+01 9.341471220093003347e-02
1.088311989070657049e+01 9.358832591500769460e-02
1.089274091623279084e+01 9.373243446463495887e-02
1.090236194175901119e+01 9.385145553351564862e-02
1.091198296728523331e+01 9.395224584522102185e-02
1.092160399281145367e+01 9.404180836988568215e-02
1.093122501833767402e+01 9.412729915750080167e-02
1.094084604386389437e+01 9.421551282731116528e-02
1.095046706939011649e+01 9.430970188997078729e-02
1.096008809491633684e+01 9.441114331338631982e-02
1.096970912044255719e+01 9.452109262245766974e-02
1.097933014596877754e+01 9.464080534208470230e-02
1.098895117149499789e+01 9.477151807415620799e-02
1.099857219702122002e+01 9.491121540390091982e-02
1.100819322254744037e+01 9.505096793565358249e-02
1.101781424807366072e+01 9.518118438581954499e-02
1.102743527359988107e+01 9.529804192191013157e-02
1.103705629912610142e+01 9.540386762042674107e-02
1.104667732465232355e+01 9.550210472143655371e-02
1.105629835017854390e+01 9.560354410875827880e-02
1.106591937570476425e+01 9.572286296445559062e-02
1.107554040123098460e+01 9.586733915443226839e-02
1.108516142675720673e+01 9.601551508727515505e-02
1.109478245228342708e+01 9.613922051245389622e-02
1.110440347780964743e+01 9.622965083414811160e-02
1.111402450333586778e+01 9.631180527278900005e-02
1.112364552886208813e+01 9.641278571123738927e-02
1.113326655438831025e+01 9.653805897407695402e-02
1.114288757991453060e+01 9.667522557311222786e-02
1.115250860544075096e+01 9.681247972223688825e-02
1.116212963096697131e+01 9.694484247843397628e-02
1.117175065649319343e+01 9.706988765228451166e-02
1.118137168201941378e+01 9.718519348740189967e-02
1.119099270754563413e+01 9.728833822739971215e-02
1.120061373307185448e+01 9.737725629126810223e-02
1.121023475859807483e+01 9.745966324040360174e-02
1.121985578412429696e+01 9.755402965640452839e-02
1.122947680965051731e+01 9.767581877086720099e-02
1.123909783517673766e+01 9.781178101118427615e-02
1.124871886070295801e+01 9.793479537942530178e-02
1.125833988622917836e+01 9.802795699441481381e-02
1.126796091175540049e+01 9.810603882103216544e-02
1.127758193728162084e+01 9.818959069676042040e-02
1.128720296280784119e+01 9.828855900773315890e-02
1.129682398833406154e+01 9.839947776545314440e-02
1.130644501386028367e+01 9.851802010705547341e-02
1.131606603938650402e+01 9.863985916967518697e-02
1.132568706491272437e+01 9.876066866138097367e-02
1.133530809043894472e+01 9.887802388402205933e-02
1.134492911596516507e+01 9.899564046572088827e-02
1.135455014149138719e+01 9.911833987868153006e-02
1.136417116701760754e+01 9.924617555788878276e-02
1.137379219254382789e+01 9.937319309275750856e-02
1.138341321807004825e+01 9.949305473657568677e-02
1.139303424359626860e+01 9.959942274263132445e-02
1.140265526912249072e+01 9.968596558456993550e-02
1.141227629464871107e+01 9.975283958899754111e-02
1.142189732017493142e+01 9.981896556610618532e-02
1.143151834570115177e+01 9.990614149335098892e-02
1.144113937122737390e+01 1.000227833653623000e-01
1.145076039675359425e+01 1.001627192696039337e-01
1.146038142227981460e+01 1.003149507797966300e-01
1.147000244780603495e+01 1.004410502005961686e-01
1.147962347333225530e+01 1.004915208744096566e-01
1.148924449885847743e+01 1.004616662359739537e-01
1.149886552438469778e+01 1.004468544229248084e-01
1.150848654991091813e+01 1.005491242402236501e-01
1.151810757543713848e+01 1.007567743093045892e-01
1.152772860096336061e+01 1.009646196450088990e-01
1.153734962648958096e+01 1.010886143870550896e-01
1.154697065201580131e+01 1.011538805415361786e-01
1.155659167754202166e+01 1.012162304149805958e-01
1.156621270306824201e+01 1.013064629093293062e-01
1.157583372859446413e+01 1.014175518857418495e-01
1.158545475412068448e+01 1.015393259210353449e-01
1.159507577964690483e+01 1.016616135920269948e-01
1.160469680517312518e+01 1.017742449937530380e-01
1.161431783069934554e+01 1.018679847619263640e-01
1.162393885622556766e+01 1.019361211968419362e-01
1.163355988175178801e+01 1.019739014128666632e-01
1.164318090727800836e+01 1.020065373923392110e-01
1.165280193280422871e+01 1.020864873726245459e-01
1.166242295833045084e+01 1.022472128396155061e-01
1.167204398385667119e+01 1.024280109967024843e-01
1.168166500938289154e+01 1.025417411103569099e-01
1.169128603490911189e+01 1.025643239510708599e-01
1.170090706043533224e+01 1.025626824109937552e-01
1.171052808596155437e+01 1.026030642837891665e-01
1.172014911148777472e+01 1.026905719890958968e-01
1.172977013701399507e+01 1.028013869372956940e-01
1.173939116254021542e+01 1.029172630404613931e-01
1.174901218806643577e+01 1.030325612433437843e-01
1.175863321359265790e+01 1.031434910682873518e-01
1.176825423911887825e+01 1.032485344606702826e-01
1.177787526464509860e+01 1.033477598856081120e-01
1.178749629017131895e+01 1.034412682287201152e-01
1.179711731569754107e+01 1.035291603756255951e-01
1.180673834122376142e+01 1.036115372119437578e-01
1.181635936674998177e+01 1.036884996232940309e-01
1.182598039227620212e+01 1.037601484952956482e-01
1.183560141780242247e+01 1.038284944140353550e-01
1.184522244332864460e+01 1.039041023641206901e-01
1.185484346885486495e+01 1.039993680370340234e-01
1.186446449438108530e+01 1.041065663082828274e-01
1.187408551990730565e+01 1.041928241283853751e-01
1.188370654543352600e+01 1.042320138358817511e-01
1.189332757095974813e+01 1.042470526264810127e-01
1.190294859648596848e+01 1.042783785171720323e-01
1.191256962201218883e+01 1.043446485320567163e-01
1.192219064753840918e+01 1.044308885955667621e-01
1.193181167306463131e+01 1.045209484555954665e-01
1.194143269859085166e+01 1.046110884094538784e-01
1.195105372411707201e+01 1.047030616137555187e-01
1.196067474964329236e+01 1.047969050008126790e-01
1.197029577516951271e+01 1.048895103998842004e-01
1.197991680069573484e+01 1.049774392385050270e-01
1.198953782622195519e+01 1.050572529442100611e-01
1.199915885174817554e+01 1.051255607290013522e-01
1.200877987727439589e+01 1.051854818937057179e-01
1.201840090280061801e+01 1.052531912013089793e-01
1.202802192832683836e+01 1.053433484909702539e-01
1.203764295385305871e+01 1.054416903361756058e-01
1.204726397937927906e+01 1.055181973381832256e-01
1.205688500490549941e+01 1.055605953476769221e-01
1.206650603043172154e+01 1.055943485823958583e-01
1.207612705595794189e+01 1.056472986371751743e-01
1.208574808148416224e+01 1.057240722469296457e-01
1.209536910701038259e+01 1.058162883072563953e-01
1.210499013253660294e+01 1.059154224021786328e-01
1.211461115806282507e+01 1.060129501157196230e-01
1.212423218358904542e+01 1.061007406246986529e-01
1.213385320911526577e+01 1.061743137597494641e-01
1.214347423464148612e+01 1.062311924241428895e-01
1.215309526016770825e+01 1.062719319458750311e-01
1.216271628569392860e+01 1.063030278882034912e-01
1.217233731122014895e+01 1.063316708756499168e-01
1.218195833674636930e+01 1.063650515327357188e-01
1.219157936227258965e+01 1.064103604839825162e-01
1.220120038779881178e+01 1.064747883539117895e-01
1.221082141332503213e+01 1.065655257670451300e-01
1.222044243885125248e+01 1.066860186732189048e-01
1.223006346437747283e+01 1.068132498086154514e-01
1.223968448990369318e+01 1.069131811526129738e-01
1.224930551542991530e+01 1.069725628169718029e-01
1.225892654095613565e+01 1.070092947117441545e-01
1.226854756648235600e+01 1.070424178881589639e-01
1.227816859200857635e+01 1.070829781807562664e-01
1.228778961753479848e+01 1.071388759312162792e-01
1.229741064306101883e+01 1.072070104622079301e-01
1.230703166858723918e+01 1.072709636719146598e-01
1.231665269411345953e+01 1.073177297896115712e-01
1.232627371963967988e+01 1.073525248610374683e-01
1.233589474516590201e+01 1.073853505167243066e-01
1.234551577069212236e+01 1.074233064386238695e-01
1.235513679621834271e+01 1.074707775682445660e-01
1.236475782174456306e+01 1.075320444985882612e-01
1.237437884727078341e+01 1.076113878226568066e-01
1.238399987279700554e+01 1.077116533375895718e-01
1.239362089832322589e+01 1.078174927511303394e-01
1.240324192384944624e+01 1.079011203140048530e-01
1.241286294937566659e+01 1.079463578958553410e-01
1.242248397490188871e+01 1.079628345800631301e-01
1.243210500042810907e+01 1.079653652733264940e-01
1.244172602595432942e+01 1.079829301393751828e-01
1.245134705148054977e+01 1.080505579089814649e-01
1.246096807700677012e+01 1.081677634139466687e-01
1.247058910253299224e+01 1.082818798105599500e-01
1.248021012805921259e+01 1.083482699878122596e-01
1.248983115358543294e+01 1.083819213878711024e-01
1.249945217911165329e+01 1.084147319865090831e-01
1.250907320463787542e+01 1.084512514918908321e-01
1.251869423016409577e+01 1.084698780943925966e-01
1.252831525569031612e+01 1.084586675618270241e-01
1.253793628121653647e+01 1.084369845959177875e-01
1.254755730674275682e+01 1.084298869853268926e-01
1.255717833226897895e+01 1.084624325187161925e-01
1.256679935779519930e+01 1.085592437767066432e-01
1.257642038332141965e+01 1.087100224002353205e-01
1.258604140884764000e+01 1.088445589160300792e-01
1.259566243437386035e+01 1.089029565507191322e-01
1.260528345990008248e+01 1.089137280886654791e-01
1.261490448542630283e+01 1.089339248740786859e-01
1.262452551095252318e+01 1.089875825642219187e-01
1.263414653647874353e+01 1.090659707643124032e-01
1.264376756200496565e+01 1.091519076498701363e-01
1.265338858753118600e+01 1.092080878801261062e-01
1.266300961305740636e+01 1.092007218246235645e-01
1.267263063858362671e+01 1.091623054139612276e-01
1.268225166410984706e+01 1.091607240393566436e-01
1.269187268963606918e+01 1.092202839546031617e-01
1.270149371516228953e+01 1.092997123269316140e-01
1.271111474068850988e+01 1.093608136215430127e-01
1.272073576621473023e+01 1.094021929676768090e-01
1.273035679174095058e+01 1.094324924633962581e-01
1.273997781726717271e+01 1.094603544324923156e-01
1.274959884279339306e+01 1.094943597251305245e-01
1.275921986831961341e+01 1.095339835724401661e-01
1.276884089384583376e+01 1.095600404043569343e-01
1.277846191937205589e+01 1.095577929269442169e-01
1.278808294489827624e+01 1.095528635032642362e-01
1.279770397042449659e+01 1.095842666805282584e-01
1.280732499595071694e+01 1.096559980297400622e-01
1.281694602147693729e+01 1.097376601044359606e-01
1.282656704700315942e+01 1.098059885120401535e-01
1.283618807252937977e+01 1.098596854201886047e-01
1.284580909805560012e+01 1.099009182934804069e-01
1.285543012358182047e+01 1.099318545965147220e-01
1.286505114910804259e+01 1.099546383121113718e-01
1.287467217463426294e+01 1.099707322619948718e-01
1.288429320016048329e+01 1.099808296366457244e-01
1.289391422568670365e+01 1.099861594599641640e-01
1.290353525121292400e+01 1.099896171697849340e-01
1.291315627673914612e+01 1.099943971523668351e-01
1.292277730226536647e+01 1.100036937939686127e-01
1.293239832779158682e+01 1.100206802291963382e-01
1.294201935331780717e+01 1.100478551387318732e-01
1.295164037884402752e+01 1.100869172763081077e-01
1.296126140437024965e+01 1.101364401155323358e-01
1.297088242989647000e+01 1.101859824143009425e-01
1.298050345542269035e+01 1.102259653835927639e-01
1.299012448094891070e+01 1.102666621886677634e-01
1.299974550647513283e+01 1.103267861771036334e-01
1.300936653200135318e+01 1.103960520037347709e-01
1.301898755752757353e+01 1.104315766873697757e-01
1.302860858305379388e+01 1.104149000956946430e-01
1.303822960858001423e+01 1.103974550288571027e-01
1.304785063410623636e+01 1.104314145852913348e-01
1.305747165963245671e+01 1.104944077642507905e-01
1.306709268515867706e+01 1.105342294579389761e-01
1.307671371068489741e+01 1.105335052488549963e-01
1.308633473621111776e+01 1.105088348497305223e-01
1.309595576173733988e+01 1.104782215773992965e-01
1.310557678726356023e+01 1.104596687486950335e-01
1.311519781278978058e+01 1.104671028915630571e-01
1.312481883831600094e+01 1.104924444261442540e-01
1.313443986384222306e+01 1.105210476505331801e-01
1.314406088936844341e+01 1.105505449139102675e-01
1.315368191489466376e+01 1.105878347326670064e-01
1.316330294042088411e+01 1.106287331123393808e-01
1.317292396594710446e+01 1.106501767117325785e-01
1.318254499147332659e+01 1.106383701678147896e-01
1.319216601699954694e+01 1.106218527386549910e-01
1.320178704252576729e+01 1.106348232767815631e-01
1.321140806805198764e+01 1.106694329643166941e-01
1.322102909357820799e+01 1.106955437976290951e-01
1.323065011910443012e+01 1.107062802580056626e-01
1.324027114463065047e+01 1.107220056086922894e-01
1.324989217015687082e+01 1.107556869062525096e-01
1.325951319568309117e+01 1.107981890944088055e-01
1.326913422120931330e+01 1.108370143160691268e-01
1.327875524673553365e+01 1.108596647141414232e-01
1.328837627226175400e+01 1.108552434239072348e-01
1.329799729778797435e+01 1.108355119276908385e-01
1.330761832331419470e+01 1.108284418872496485e-01
1.331723934884041682e+01 1.108297972121935759e-01
1.332686037436663717e+01 1.107864201187059999e-01
1.333648139989285752e+01 1.106787997814774605e-01
1.334610242541907787e+01 1.106060385584858724e-01
1.335572345094530000e+01 1.106659909842708372e-01
1.336534447647152035e+01 1.107858298378058132e-01
1.337496550199774070e+01 1.108271757544156133e-01
1.338458652752396105e+01 1.107737470770708416e-01
1.339420755305018140e+01 1.107130597426697755e-01
1.340382857857640353e+01 1.107002146339433057e-01
1.341344960410262388e+01 1.107308687327240859e-01
1.342307062962884423e+01 1.107926490213461818e-01
1.343269165515506458e+01 1.108650304562815575e-01
1.344231268068128493e+01 1.109257696085173828e-01
1.345193370620750706e+01 1.109526230490409243e-01
1.346155473173372741e+01 1.109253350672904509e-01
1.347117575725994776e+01 1.108576834804526623e-01
1.348079678278616811e+01 1.107918069592956356e-01
1.349041780831239024e+01 1.107567688803811345e-01
1.350003883383861059e+01 1.107596297773222049e-01
1.350965985936483094e+01 1.107965813312157127e-01
1.351928088489105129e+01 1.108365769382691213e-01
1.352890191041727164e+01 1.108486290445008376e-01
1.353852293594349376e+01 1.108338690316954811e-01
1.354814396146971411e+01 1.108056107263211132e-01
1.355776498699593446e+01 1.107771912097689632e-01
1.356738601252215481e+01 1.107616774985851343e-01
1.357700703804837516e+01 1.107619124004161903e-01
1.358662806357459729e+01 1.107676258837983624e-01
1.359624908910081764e+01 1.107709174630281262e-01
1.360587011462703799e+01 1.107714565740114121e-01
1.361549114015325834e+01 1.107699952805637073e-01
1.362511216567948047e+01 1.107672856465003602e-01
1.363473319120570082e+01 1.107640797356368306e-01
1.364435421673192117e+01 1.107611296117885225e-01
1.365397524225814152e+01 1.107586164515755173e-01
1.366359626778436187e+01 1.107456630286992455e-01
1.367321729331058400e+01 1.107017932441048680e-01
1.368283831883680435e+01 1.106318750105544507e-01
1.369245934436302470e+01 1.105809546356497780e-01
1.370208036988924505e+01 1.105738470940181295e-01
1.371170139541546540e+01 1.105698579219735883e-01
1.372132242094168753e+01 1.105310022835443301e-01
1.373094344646790788e+01 1.104892382043116544e-01
1.374056447199412823e+01 1.104924946148022058e-01
1.375018549752034858e+01 1.105325847340177386e-01
1.375980652304657070e+01 1.105715189330132436e-01
1.376942754857279105e+01 1.105913295563448334e-01
1.377904857409901140e+01 1.105927608031987419e-01
1.378866959962523175e+01 1.105772535111755606e-01
1.379829062515145210e+01 1.105462485178759086e-01
1.380791165067767423e+01 1.105011866609005577e-01
1.381753267620389458e+01 1.104435087778500996e-01
1.382715370173011493e+01 1.103771548755310833e-01
1.383677472725633528e+01 1.103170396814647375e-01
1.384639575278255741e+01 1.102810895720987283e-01
1.385601677830877776e+01 1.102872310065014100e-01
1.386563780383499811e+01 1.103496571137907029e-01
1.387525882936121846e+01 1.104288808422038554e-01
1.388487985488743881e+01 1.104470422381162997e-01
1.389450088041366094e+01 1.103844897176119583e-01
1.390412190593988129e+01 1.102914490871971798e-01
1.391374293146610164e+01 1.102084786388549953e-01
1.392336395699232199e+01 1.101505362723094184e-01
1.393298498251854234e+01 1.101244713307244910e-01
1.394260600804476447e+01 1.101212044926924705e-01
1.395222703357098482e+01 1.101286806934857337e-01
1.396184805909720517e+01 1.101348448683766024e-01
1.397146908462342552e+01 1.101276419526374117e-01
1.398109011014964764e+01 1.100950168815404834e-01
1.399071113567586799e+01 1.100275899827691112e-01
1.400033216120208834e+01 1.099541355966922596e-01
1.400995318672830869e+01 1.099291659859242404e-01
1.401957421225452904e+01 1.099312170455328114e-01
1.402919523778075117e+01 1.098544151369567068e-01
1.403881626330697152e+01 1.096851145086732982e-01
1.404843728883319187e+01 1.095711342955847933e-01
1.405805831435941222e+01 1.096047020196092986e-01
1.406767933988563257e+01 1.096990835884697202e-01
1.407730036541185470e+01 1.097593259852709530e-01
1.408692139093807505e+01 1.097661275875548292e-01
1.409654241646429540e+01 1.097220854759169140e-01
1.410616344199051575e+01 1.096512790575751989e-01
1.411578446751673788e+01 1.095857043379733775e-01
1.412540549304295823e+01 1.095573697540114938e-01
1.413502651856917858e+01 1.095929086520931045e-01
1.414464754409539893e+01 1.096363925955668728e-01
1.415426856962161928e+01 1.095715919174395647e-01
1.416388959514784140e+01 1.094023977606730924e-01
1.417351062067406176e+01 1.092666048040805277e-01
1.418313164620028211e+01 1.092345476694586148e-01
1.419275267172650246e+01 1.092602672784201145e-01
1.420237369725272458e+01 1.092984810277529695e-01
1.421199472277894493e+01 1.093277383836488148e-01
1.422161574830516528e+01 1.093297763961992297e-01
1.423123677383138563e+01 1.092863321154959599e-01
1.424085779935760598e+01 1.091897408928411001e-01
1.425047882488382811e+01 1.090802788384358929e-01
1.426009985041004846e+01 1.090050688721917460e-01
1.426972087593626881e+01 1.089677840356108873e-01
1.427934190146248916e+01 1.089547714940107270e-01
1.428896292698870951e+01 1.089523334600389082e-01
1.429858395251493164e+01 1.089472203788933308e-01
1.430820497804115199e+01 1.089325076373274803e-01
1.431782600356737234e+01 1.089058986700083970e-01
1.432744702909359269e+01 1.088640305985312945e-01
1.433706805461981482e+01 1.088027993310692471e-01
1.434668908014603517e+01 1.087341679787034721e-01
1.435631010567225552e+01 1.086906038322270479e-01
1.436593113119847587e+01 1.086745596877845416e-01
1.437555215672469622e+01 1.086350532532076862e-01
1.438517318225091834e+01 1.085403308917360643e-01
1.439479420777713869e+01 1.084134927413926558e-01
1.440441523330335905e+01 1.082851065664338225e-01
1.441403625882957940e+01 1.081857401279971292e-01
1.442365728435579975e+01 1.081380611431165401e-01
1.443327830988202187e+01 1.081338299750727039e-01
1.444289933540824222e+01 1.081572495733927608e-01
1.445252036093446257e+01 1.081925228876039202e-01
1.446214138646068292e+01 1.082230147015421223e-01
1.447176241198690505e+01 1.082264299979081440e-01
1.448138343751312540e+01 1.081827283837960285e-01
1.449100446303934575e+01 1.081127838615822262e-01
1.450062548856556610e+01 1.080553249492668955e-01
1.451024651409178645e+01 1.080064069322400899e-01
1.451986753961800858e+01 1.079357294264006173e-01
1.452948856514422893e+01 1.078402587444513561e-01
1.453910959067044928e+01 1.077393868766438056e-01
1.454873061619666963e+01 1.076531474151082302e-01
1.455835164172288998e+01 1.076008945930861105e-01
1.456797266724911211e+01 1.075798773983706325e-01
1.457759369277533246e+01 1.075611598520502393e-01
1.458721471830155281e+01 1.075272908487308055e-01
1.459683574382777316e+01 1.074796231000525876e-01
1.460645676935399528e+01 1.074209725540372917e-01
1.461607779488021563e+01 1.073541551587067211e-01
1.462569882040643598e+01 1.072819868620825540e-01
1.463531984593265634e+01 1.072072968844819535e-01
1.464494087145887669e+01 1.071375405367766265e-01
1.465456189698509881e+01 1.070915593864962684e-01
1.466418292251131916e+01 1.070771838429642048e-01
1.467380394803753951e+01 1.070649857817306261e-01
1.468342497356375986e+01 1.070284298383799848e-01
1.469304599908998199e+01 1.069744412241400433e-01
1.470266702461620234e+01 1.069171767273994628e-01
1.471228805014242269e+01 1.068707931365469321e-01
1.472190907566864304e+01 1.068457988566386963e-01
1.473153010119486339e+01 1.068353883946199651e-01
1.474115112672108552e+01 1.068270850249114501e-01
1.475077215224730587e+01 1.068054391572854228e-01
1.476039317777352622e+01 1.067539850054036177e-01
1.477001420329974657e+01 1.066562558985883064e-01
1.477963522882596692e+01 1.065051707260497998e-01
1.478925625435218905e+01 1.063617588691815607e-01
1.479887727987840940e+01 1.063045357653050194e-01
1.480849830540462975e+01 1.063082698521750635e-01
1.481811933093085010e+01 1.063019707927368995e-01
1.482774035645707222e+01 1.062660485789384962e-01
1.483736138198329257e+01 1.062092439347655237e-01
1.484698240750951292e+01 1.061405867420156940e-01
1.485660343303573327e+01 1.060691068824866079e-01
1.486622445856195363e+01 1.060038342379759635e-01
1.487584548408817575e+01 1.059528129379677247e-01
1.488546650961439610e+01 1.059109969099823606e-01
1.489508753514061645e+01 1.058646277867179714e-01
1.490470856066683680e+01 1.058082674824109837e-01
1.491432958619305715e+01 1.057429689684772356e-01
1.492395061171927928e+01 1.056699484174154630e-01
1.493357163724549963e+01 1.055904220017244016e-01
1.494319266277171998e+01 1.055056058939028013e-01
1.495281368829794033e+01 1.054171114752987110e-01
1.496243471382416246e+01 1.053341737642056603e-01
1.497205573935038281e+01 1.052713982988716657e-01
1.498167676487660316e+01 1.052121490589809361e-01
1.499129779040282351e+01 1.051132875729930416e-01
1.500091881592904386e+01 1.050011072460561440e-01
1.501053984145526599e+01 1.049664189919422286e-01
1.502016086698148634e+01 1.049982085679914134e-01
1.502978189250770669e+01 1.049831059814089751e-01
1.503940291803392704e+01 1.048770065554005676e-01
1.504902394356014739e+01 1.047119654839259589e-01
1.505864496908636951e+01 1.045253878554811416e-01
1.506826599461258986e+01 1.043566302395824430e-01
1.507788702013881021e+01 1.042451410598788791e-01
1.508750804566503056e+01 1.042279304847923554e-01
1.509712907119125269e+01 1.042798225525612271e-01
1.510675009671747304e+01 1.043123828106134882e-01
1.511637112224369339e+01 1.042978213651635094e-01
1.512599214776991374e+01 1.042741290076641403e-01
1.513561317329613409e+01 1.042473277129444265e-01
1.514523419882235622e+01 1.041881919418291419e-01
1.515485522434857657e+01 1.040992067562492435e-01
1.516447624987479692e+01 1.040161580623173154e-01
1.517409727540101727e+01 1.039553987009598918e-01
1.518371830092723940e+01 1.039123129287193026e-01
1.519333932645345975e+01 1.038813745327460264e-01
1.520296035197968010e+01 1.038570296605440396e-01
1.521258137750590045e+01 1.038331608809530682e-01
1.522220240303212080e+01 1.038031245643399048e-01
1.523182342855834293e+01 1.037602569285026727e-01
1.524144445408456328e+01 1.036978941912396340e-01
1.525106547961078363e+01 1.036093725703489815e-01
1.526068650513700398e+01 1.034901987581005461e-01
1.527030753066322433e+01 1.033705058948149180e-01
1.527992855618944645e+01 1.033035628606144007e-01
1.528954958171566680e+01 1.032758504082956913e-01
1.529917060724188715e+01 1.032277277535581794e-01
1.530879163276810750e+01 1.031609143601169842e-01
1.531841265829432963e+01 1.031140534118968333e-01
1.532803368382054998e+01 1.030440442103042892e-01
1.533765470934677033e+01 1.028680030619000541e-01
1.534727573487299068e+01 1.026483589840637145e-01
1.535689676039921103e+01 1.025214732327086598e-01
1.536651778592543316e+01 1.024998041664354348e-01
1.537613881145165351e+01 1.025276700010464004e-01
1.538575983697787386e+01 1.025487040705494041e-01
1.539538086250409421e+01 1.025153219910882457e-01
1.540500188803031456e+01 1.024439146080239754e-01
1.541462291355653669e+01 1.023726017451940806e-01
1.542424393908275704e+01 1.022975182191165344e-01
1.543386496460897739e+01 1.022019638806772185e-01
1.544348599013519774e+01 1.020901538965787725e-01
1.545310701566141987e+01 1.019748393808966175e-01
1.546272804118764022e+01 1.018748970742287957e-01
1.547234906671386057e+01 1.018110599054414395e-01
1.548197009224008092e+01 1.018040604752026845e-01
1.549159111776630127e+01 1.018540759292256570e-01
1.550121214329252339e+01 1.018870941273023328e-01
1.551083316881874374e+01 1.018389104282635821e-01
1.552045419434496409e+01 1.017271893487420309e-01
1.553007521987118444e+01 1.015853282608107366e-01
1.553969624539740657e+01 1.014467245365427428e-01
1.554931727092362692e+01 1.013447755480111900e-01
1.555893829644984727e+01 1.013124268044157117e-01
1.556855932197606762e+01 1.013332613253729309e-01
1.557818034750228797e+01 1.012989488078969574e-01
1.558780137302851010e+01 1.011700384407871467e-01
1.559742239855473045e+01 1.010322076271035624e-01
1.560704342408095080e+01 1.009363439331375512e-01
1.561666444960717115e+01 1.008715248039822598e-01
1.562628547513339150e+01 1.008224921400710933e-01
1.563590650065961363e+01 1.007745083049623042e-01
1.564552752618583398e+01 1.007235558166675038e-01
1.565514855171205433e+01 1.006752869382939591e-01
1.566476957723827468e+01 1.006296770966225163e-01
1.567439060276449680e+01 1.005819779934459396e-01
1.568401162829071716e+01 1.005273166879871866e-01
1.569363265381693751e+01 1.004608202394691868e-01
1.570325367934315786e+01 1.003776157071148700e-01
1.571287470486937821e+01 1.002752527422315215e-01
1.572249573039560033e+01 1.001678566549647764e-01
1.573211675592182068e+01 1.000764921414493552e-01
1.574173778144804103e+01 1.000222474040373954e-01
1.575135880697426138e+01 1.000105197023041931e-01
1.576097983250048173e+01 9.998162776393766660e-02
1.577060085802670386e+01 9.989215691230206307e-02
1.578022188355292421e+01 9.980519252806042962e-02
1.578984290907914456e+01 9.977107909532825780e-02
1.579946393460536491e+01 9.975514452209045813e-02
1.580908496013158704e+01 9.972424214868338965e-02
1.581870598565780739e+01 9.967353043007215474e-02
1.582832701118402774e+01 9.960141789289422842e-02
1.583794803671024809e+01 9.950664714104232034e-02
1.584756906223646844e+01 9.939855046308529452e-02
1.585719008776269057e+01 9.929824657725279391e-02
1.586681111328891092e+01 9.921320681133070918e-02
1.587643213881513127e+01 9.913782195274181697e-02
1.588605316434135162e+01 9.906759785939189822e-02
1.589567418986757197e+01 9.899917918015600782e-02
1.590529521539379409e+01 9.892923476328883969e-02
1.591491624092001445e+01 9.885443345704519880e-02
1.592453726644623480e+01 9.877144410967980681e-02
1.593415829197245515e+01 9.867927376682206209e-02
1.594377931749867727e+01 9.858814482401540014e-02
1.595340034302489762e+01 9.850941149071348879e-02
1.596302136855111797e+01 9.844668506676462760e-02
1.597264239407733832e+01 9.840189484238154316e-02
1.598226341960355867e+01 9.837688257740952180e-02
1.599188444512978080e+01 9.836454459483365276e-02
1.600150547065599937e+01 9.834150603429812898e-02
1.601112649618222150e+01 9.829481537825214554e-02
1.602074752170844008e+01 9.822818783742674753e-02
1.603036854723466220e+01 9.814653662866670847e-02
1.603998957276088433e+01 9.805473489938903997e-02
1.604961059828710290e+01 9.795709070559145693e-02
1.605923162381332503e+01 9.785749407482054185e-02
1.606885264933954360e+01 9.775982521813467163e-02
1.607847367486576573e+01 9.766796434659205661e-02
1.608809470039198786e+01 9.758579167125105980e-02
1.609771572591820643e+01 9.751610626806929416e-02
1.610733675144442856e+01 9.745713766066489703e-02
1.611695777697064713e+01 9.740590830067073769e-02
1.612657880249686926e+01 9.735944063263878012e-02
1.613619982802309138e+01 9.731475710112101607e-02
1.614582085354930996e+01 9.726888015066939563e-02
1.615544187907553209e+01 9.721883222583591055e-02
1.616506290460175421e+01 9.716191972710305769e-02
1.617468393012797279e+01 9.710198861368833645e-02
1.618430495565419491e+01 9.704870611352270360e-02
1.619392598118041349e+01 9.700255420699799291e-02
1.620354700670663561e+01 9.695735836068500313e-02
1.621316803223285774e+01 9.690680573117907426e-02
1.622278905775907631e+01 9.684458347507553244e-02
1.623241008328529844e+01 9.676437926618548790e-02
1.624203110881151702e+01 9.666440848468138558e-02
1.625165213433773914e+01 9.655843508717489032e-02
1.626127315986396127e+01 9.646355806345292827e-02
1.627089418539017984e+01 9.639657843270199589e-02
1.628051521091640197e+01 9.635711827388651618e-02
1.629013623644262054e+01 9.631913506175063255e-02
1.629975726196884267e+01 9.626834963779687393e-02
1.630937828749506480e+01 9.620509557970698122e-02
1.631899931302128337e+01 9.613190127574361421e-02
1.632862033854750550e+01 9.605237723157694640e-02
1.633824136407372407e+01 9.597026254243429255e-02
1.634786238959994620e+01 9.588934591961137399e-02
1.635748341512616832e+01 9.581341546150712318e-02
1.636710444065238690e+01 9.574486841609750054e-02
1.637672546617860903e+01 9.568189887260344917e-02
1.638634649170482760e+01 9.562191003387278398e-02
1.639596751723104973e+01 9.556230510275323664e-02
1.640558854275727185e+01 9.550048728209259430e-02
1.641520956828349043e+01 9.543385977473865800e-02
1.642483059380971255e+01 9.535982578353907613e-02
1.643445161933593468e+01 9.527712148027936423e-02
1.644407264486215325e+01 9.519670418704717640e-02
1.645369367038837538e+01 9.513278594404228627e-02
1.646331469591459395e+01 9.508171150239966285e-02
1.647293572144081608e+01 9.503587466097231096e-02
1.648255674696703821e+01 9.499452385368599427e-02
1.649217777249325678e+01 9.495831135378725307e-02
1.650179879801947891e+01 9.492766458855096678e-02
1.651141982354569748e+01 9.489459106862922766e-02
1.652104084907191961e+01 9.484127109248721710e-02
1.653066187459814174e+01 9.476428565717308350e-02
1.654028290012436031e+01 9.467249244279507536e-02
1.654990392565058244e+01 9.457510497448015641e-02
1.655952495117680101e+01 9.448133677735538749e-02
1.656914597670302314e+01 9.440039824190897544e-02
1.657876700222924526e+01 9.433824664217090039e-02
1.658838802775546384e+01 9.429143595862936322e-02
1.659800905328168596e+01 9.425483109926155456e-02
1.660763007880790454e+01 9.422336442356214758e-02
1.661725110433412667e+01 9.419373966777412621e-02
1.662687212986034879e+01 9.416456353443700134e-02
1.663649315538656737e+01 9.413453653788649012e-02
1.664611418091278949e+01 9.410235919245826808e-02
1.665573520643901162e+01 9.406673201248805238e-02
1.666535623196523019e+01 9.402635551231150468e-02
1.667497725749145232e+01 9.397993020626432825e-02
1.668459828301767089e+01 9.392615660868224026e-02
1.669421930854389302e+01 9.386373523390088847e-02
1.670384033407011515e+01 9.379136659625597616e-02
1.671346135959633372e+01 9.370775121008323438e-02
1.672308238512255585e+01 9.361158958971832478e-02
1.673270341064877442e+01 9.350358734482193401e-02
1.674232443617499655e+01 9.339911309299647746e-02
1.675194546170121868e+01 9.332004694321770211e-02
1.676156648722743725e+01 9.328814292195068691e-02
1.677118751275365938e+01 9.329236773397800442e-02
1.678080853827987795e+01 9.325042075904645122e-02
1.679042956380610008e+01 9.313919830714570414e-02
1.680005058933231865e+01 9.302209068361717847e-02
1.680967161485854078e+01 9.292726589076343024e-02
1.681929264038476290e+01 9.285163173454014096e-02
1.682891366591098148e+01 9.279131553725065984e-02
1.683853469143720361e+01 9.274244462119815569e-02
1.684815571696342218e+01 9.270114630868601935e-02
1.685777674248964431e+01 9.266354792201755841e-02
1.686739776801586643e+01 9.262583241330527017e-02
1.687701879354208501e+01 9.258594491485347411e-02
1.688663981906830713e+01 9.254391172761138040e-02
1.689626084459452571e+01 9.249987913414679797e-02
1.690588187012074783e+01 9.245410053418345875e-02
1.691550289564696996e+01 9.240747866003308497e-02
1.692512392117318853e+01 9.236115962898061582e-02
1.693474494669941066e+01 9.231628196338215187e-02
1.694436597222563279e+01 9.227334683423872586e-02
1.695398699775185136e+01 9.223176562029977710e-02
1.696360802327807349e+01 9.219084294281434944e-02
1.697322904880429206e+01 9.214988342303155611e-02
1.698285007433051419e+01 9.210819168220041320e-02
1.699247109985673632e+01 9.206507234157004782e-02
1.700209212538295489e+01 9.201983002238948994e-02
1.701171315090917702e+01 9.197176934590781117e-02
1.702133417643539559e+01 9.192021545459015675e-02
1.703095520196161772e+01 9.186523363363867378e-02
1.704057622748783984e+01 9.180781857387108891e-02
1.705019725301405842e+01 9.174902395618862727e-02
1.705981827854028055e+01 9.168990346149252790e-02
1.706943930406649912e+01 9.163151054685596264e-02
1.707906032959272125e+01 9.157463136070684295e-02
1.708868135511894337e+01 9.151926686636405184e-02
1.709830238064516195e+01 9.146527459235025137e-02
1.710792340617138407e+01 9.141251206718806199e-02
1.711754443169760265e+01 9.136083681940015966e-02
1.712716545722382477e+01 9.131010637750917869e-02
1.713678648275004690e+01 9.126017827003775340e-02
1.714640750827626547e+01 9.121091002550862914e-02
1.715602853380248760e+01 9.116213480474182063e-02
1.716564955932870618e+01 9.111165179070732090e-02
1.717527058485492830e+01 9.105372546972899384e-02
1.718489161038115043e+01 9.098226677163175069e-02
1.719451263590736900e+01 9.089268602405412012e-02
1.720413366143359113e+01 9.079230458305309615e-02
1.721375468695981326e+01 9.069412517303275523e-02
1.722337571248603183e+01 9.061118554095844158e-02
1.723299673801225396e+01 9.055652343379540226e-02
1.724261776353847253e+01 9.054317659850891209e-02
1.725223878906469466e+01 9.058418278206423202e-02
1.726185981459091678e+01 9.067893158137096954e-02
1.727148084011713536e+01 9.071641632066143601e-02
1.728110186564335748e+01 9.058907807735121220e-02
1.729072289116957606e+01 9.039963632867779875e-02
1.730034391669579819e+01 9.024701826243168579e-02
1.730996494222202031e+01 9.013563618796795185e-02
1.731958596774823889e+01 9.006007865801710088e-02
1.732920699327446101e+01 9.001493422530941479e-02
1.733882801880067959e+01 8.999479144257532814e-02
1.734844904432690171e+01 8.999423886254524774e-02
1.735807006985312384e+01 9.000786503794959426e-02
1.736769109537934241e+01 9.003025852151867736e-02
1.737731212090556454e+01 9.005600786598297325e-02
1.738693314643178311e+01 9.007970162407281933e-02
1.739655417195800524e+01 9.009650160559296017e-02
1.740617519748422737e+01 9.010527182513304589e-02
1.741579622301044594e+01 9.010634735682231111e-02
1.742541724853666807e+01 9.010006701438698362e-02
1.743503827406289020e+01 9.008676961155331897e-02
1.744465929958910877e+01 9.006679396204753107e-02
1.745428032511533090e+01 9.004047887959586161e-02
1.746390135064154947e+01 9.000816317792455223e-02
1.747352237616777160e+01 8.997018567075976136e-02
1.748314340169399372e+01 8.992688517182782781e-02
1.749276442722021230e+01 8.987860049485490999e-02
1.750238545274643442e+01 8.982567045356726343e-02
1.751200647827265300e+01 8.976843386169112982e-02
1.752162750379887513e+01 8.970722953295272306e-02
1.753124852932509725e+01 8.964239628107827096e-02
1.754086955485131583e+01 8.957427291979402906e-02
1.755049058037753795e+01 8.950319826282619740e-02
1.756011160590375653e+01 8.942962714673940994e-02
1.756973263142997865e+01 8.935589495303082608e-02
1.757935365695620078e+01 8.928586236753512095e-02
1.758897468248241935e+01 8.922343407309242524e-02
1.759859570800864148e+01 8.917251475254267534e-02
1.760821673353486005e+01 8.913679781852093531e-02
1.761783775906108218e+01 8.911316859032311632e-02
1.762745878458730431e+01 8.909040494474268490e-02
1.763707981011352288e+01 8.905681113425935325e-02
1.764670083563974501e+01 8.900466825911013125e-02
1.765632186116596358e+01 8.894170224276137793e-02
1.766594288669218571e+01 8.887938791607219446e-02
1.767556391221840784e+01 8.882869135773224789e-02
1.768518493774462641e+01 8.879274881357931970e-02
1.769480596327084854e+01 8.876855595186954051e-02
1.770442698879707066e+01 8.875294380702471175e-02
1.771404801432328924e+01 8.874274341346660711e-02
1.772366903984951136e+01 8.873478580561704188e-02
1.773329006537572994e+01 8.872590201789778974e-02
1.774291109090195206e+01 8.871321386588383595e-02
1.775253211642817419e+01 8.869614998691884022e-02
1.776215314195439277e+01 8.867523807482799447e-02
1.777177416748061489e+01 8.865101256693876108e-02
1.778139519300683347e+01 8.862400790057868571e-02
1.779101621853305559e+01 8.859475851307520300e-02
1.780063724405927772e+01 8.856379884175591410e-02
1.781025826958549629e+01 8.853166332394828142e-02
1.781987929511171842e+01 8.849888639697978121e-02
1.782950032063793699e+01 8.846600249817798689e-02
1.783912134616415912e+01 8.843354606487033309e-02
1.784874237169038125e+01 8.840205153438437935e-02
1.785836339721659982e+01 8.837205334404760193e-02
1.786798442274282195e+01 8.834408423225864615e-02
1.787760544826904052e+01 8.831840499624458996e-02
1.788722647379526265e+01 8.829470817951538819e-02
1.789684749932148478e+01 8.827261506819603087e-02
1.790646852484770335e+01 8.825174694841142475e-02
1.791608955037392548e+01 8.823172510628654597e-02
1.792571057590014760e+01 8.821217082794634290e-02
1.793533160142636618e+01 8.819270539951577781e-02
1.794495262695258830e+01 8.817295010711977132e-02
1.795457365247880688e+01 8.815252623688329958e-02
1.796419467800502900e+01 8.813105507493128321e-02
1.797381570353125113e+01 8.810815790738872610e-02
1.798343672905746971e+01 8.808345602038054889e-02
1.799305775458369183e+01 8.805657070003167219e-02
1.800267878010991041e+01 8.802712323246707216e-02
1.801229980563613253e+01 8.799473490381169716e-02
1.802192083116235466e+01 8.795902700019046783e-02
1.803154185668857323e+01 8.791962080772842969e-02
1.804116288221479536e+01 8.787613761255042011e-02
1.805078390774101393e+01 8.782875393407447995e-02
1.806040493326723606e+01 8.778254639133427351e-02
1.807002595879345819e+01 8.774514354014122108e-02
1.807964698431967676e+01 8.772401508412694393e-02
1.808926800984589889e+01 8.771983641746863847e-02
1.809888903537211746e+01 8.772459053244806293e-02
1.810851006089833959e+01 8.772969333103650125e-02
1.811813108642456172e+01 8.772851756355481978e-02
1.812775211195078029e+01 8.772075573756765721e-02
1.813737313747700242e+01 8.770737377689168113e-02
1.814699416300322099e+01 8.768933760534361466e-02
1.815661518852944312e+01 8.766761314674018091e-02
1.816623621405566524e+01 8.764316632489804748e-02
1.817585723958188382e+01 8.761696306363392361e-02
1.818547826510810594e+01 8.758996928676449079e-02
1.819509929063432807e+01 8.756315091810649986e-02
1.820472031616054664e+01 8.753747367542014102e-02
1.821434134168676877e+01 8.751366126728889194e-02
1.822396236721298735e+01 8.749172785643877237e-02
1.823358339273920947e+01 8.747155824108725219e-02
1.824320441826543160e+01 8.745303721945187070e-02
1.825282544379165017e+01 8.743604958975018104e-02
1.826244646931787230e+01 8.742048015019975027e-02
1.827206749484409087e+01 8.740621369901808990e-02
1.828168852037031300e+01 8.739313503442275310e-02
1.829130954589653513e+01 8.738112895463133467e-02
1.830093057142275370e+01 8.737008025786129062e-02
1.831055159694897583e+01 8.735987374233022962e-02
1.832017262247519440e+01 8.735039420625567708e-02
1.832979364800141653e+01 8.734152644785517228e-02
1.833941467352763866e+01 8.733315526534624063e-02
1.834903569905385723e+01 8.732516545694650467e-02
1.835865672458007936e+01 8.731744182087337880e-02
1.836827775010629793e+01 8.730986915534452719e-02
1.837789877563252006e+01 8.730233225857743362e-02
1.838751980115874218e+01 8.729471592878967900e-02
1.839714082668496076e+01 8.728690496419874711e-02
1.840676185221118288e+01 8.727878416302224662e-02
1.841638287773740501e+01 8.727023832347767518e-02
1.842600390326362358e+01 8.726115224378262758e-02
1.843562492878984571e+01 8.725141072215460147e-02
1.844524595431606429e+01 8.724089855681115002e-02
1.845486697984228641e+01 8.722950054596979863e-02
1.846448800536850854e+01 8.721710148784815597e-02
1.847410903089472711e+01 8.720358709893481775e-02
1.848373005642094924e+01 8.718928839987288848e-02
1.849335108194716781e+01 8.717569642424966014e-02
1.850297210747338994e+01 8.716448870057091902e-02
1.851259313299961207e+01 8.715705333110548847e-02
1.852221415852583064e+01 8.715312831971655516e-02
1.853183518405205277e+01 8.715186776272258740e-02
1.854145620957827134e+01 8.715242507913567582e-02
1.855107723510449347e+01 8.715395368796810538e-02
1.856069826063071559e+01 8.715560700823200835e-02
1.857031928615693417e+01 8.715654660631395878e-02
1.857994031168315630e+01 8.715630507809238314e-02
1.858956133720937487e+01 8.715493100172387597e-02
1.859918236273559700e+01 8.715251108533557389e-02
1.860880338826181912e+01 8.714913203705450251e-02
1.861842441378803770e+01 8.714488056500767355e-02
1.862804543931425982e+01 8.713984337732212648e-02
1.863766646484047840e+01 8.713410718212494244e-02
1.864728749036670052e+01 8.712775868754318864e-02
1.865690851589292265e+01 8.712088460170387683e-02
1.866652954141914122e+01 8.711357163273406035e-02
1.867615056694536335e+01 8.710590648876077868e-02
1.868577159247158548e+01 8.709797587791107132e-02
1.869539261799780405e+01 8.708986650831201937e-02
1.870501364352402618e+01 8.708166508809063455e-02
1.871463466905024475e+01 8.707345832537395636e-02
1.872425569457646688e+01 8.706533292828907977e-02
1.873387672010268901e+01 8.705737560496301652e-02
1.874349774562890758e+01 8.704967306352279222e-02
1.875311877115512971e+01 8.704231201209548796e-02
1.876273979668134828e+01 8.703537915880815712e-02
1.877236082220757041e+01 8.702896121178781141e-02
1.878198184773379253e+01 8.702314487916151808e-02
1.879160287326001111e+01 8.701801686905631661e-02
1.880122389878623324e+01 8.701366388959927423e-02
1.881084492431245181e+01 8.701017264891738878e-02
1.882046594983867394e+01 8.700762985513775527e-02
1.883008697536489606e+01 8.700612221638739929e-02
1.883970800089111464e+01 8.700573644079338809e-02
1.884932902641733676e+01 8.700655923648271950e-02
1.885895005194355534e+01 8.700867731158248852e-02
1.886857107746977746e+01 8.701217737421967913e-02
1.887819210299599959e+01 8.701714613252144181e-02
1.888781312852221816e+01 8.702367029461474668e-02
1.889743415404844029e+01 8.703183656862664708e-02
1.890705517957466242e+01 8.704173166268418249e-02
1.891667620510088099e+01 8.705344228491440628e-02
1.892629723062710312e+01 8.706704748805361993e-02
1.893591825615332169e+01 8.708226228599516561e-02
1.894553928167954382e+01 8.709828630863547527e-02
1.895516030720576595e+01 8.711428097807680238e-02
1.896478133273198452e+01 8.712964112292098662e-02
1.897440235825820665e+01 8.714430895818497946e-02
1.898402338378442522e+01 8.715830507423756590e-02
1.899364440931064735e+01 8.717165006144753092e-02
1.900326543483686947e+01 8.718436451018375666e-02
1.901288646036308805e+01 8.719646901081498647e-02
1.902250748588931017e+01 8.720798415371000534e-02
1.903212851141552875e+01 8.721893052923770928e-02
1.904174953694175088e+01 8.722932872776685553e-02
1.905137056246797300e+01 8.723919933966624296e-02
1.906099158799419158e+01 8.724856295530467043e-02
1.907061261352041370e+01 8.725744016505099232e-02
1.908023363904663228e+01 8.726585155927396587e-02
1.908985466457285440e+01 8.727381772834238993e-02
1.909947569009907653e+01 8.728135926262511890e-02
1.910909671562529510e+01 8.728849675249095164e-02
1.911871774115151723e+01 8.729525078830868701e-02
1.912833876667773936e+01 8.730164196044709612e-02
1.913795979220395793e+01 8.730769085927503337e-02
1.914758081773018006e+01 8.731341807516131148e-02
1.915720184325639863e+01 8.731884419847467382e-02
1.916682286878262076e+01 8.732398981958400253e-02
1.917644389430884289e+01 8.732887552885805482e-02
1.918606491983506146e+01 8.733352191666568509e-02
1.919568594536128359e+01 8.733794957337563669e-02
1.920530697088750216e+01 8.734217908935679175e-02
1.921492799641372429e+01 8.734623105497787976e-02
1.922454902193994641e+01 8.735012606060774121e-02
1.923417004746616499e+01 8.735388469661520272e-02
1.924379107299238711e+01 8.735752755336903541e-02
1.925341209851860569e+01 8.736107522123807978e-02
1.926303312404482782e+01 8.736454829059112082e-02
1.927265414957104994e+01 8.736796735179698514e-02
1.928227517509726852e+01 8.737135299522445775e-02
1.929189620062349064e+01 8.737472581124236526e-02
1.930151722614970922e+01 8.737810639021947878e-02
1.931113825167593134e+01 8.738151532252466658e-02
1.932075927720215347e+01 8.738497319852667200e-02
1.933038030272837204e+01 8.738850060859434943e-02
1.934000132825459417e+01 8.739211814309645610e-02
1.934962235378081274e+01 8.739584639240187414e-02
1.935924337930703487e+01 8.739970594687933303e-02
1.936886440483325700e+01 8.740371739689770103e-02
1.937848543035947557e+01 8.740790133282572150e-02
1.938810645588569770e+01 8.741227834503227656e-02
1.939772748141191983e+01 8.741686902388610958e-02
1.940734850693813840e+01 8.742169395975606105e-02
1.941696953246436053e+01 8.742677374301091597e-02
1.942659055799057910e+01 8.743212896401951484e-02
1.943621158351680123e+01 8.743778021315064264e-02
1.944583260904302335e+01 8.744374808077311212e-02
1.945545363456924193e+01 8.745005315725570827e-02
1.946507466009546405e+01 8.745671603296724383e-02
1.947469568562168263e+01 8.746375729827657319e-02
1.948431671114790475e+01 8.747119754355243970e-02
1.949393773667412688e+01 8.747905735916369774e-02
1.950355876220034546e+01 8.748735733547913229e-02
1.951317978772656758e+01 8.749611806286755611e-02
1.952280081325278616e+01 8.750536013169774030e-02
1.953242183877900828e+01 8.751510413233855312e-02
1.954204286430523041e+01 8.752537065515882120e-02
1.955166388983144898e+01 8.753618029052721849e-02
1.956128491535767111e+01 8.754755362881268266e-02
1.957090594088388968e+01 8.755951126038397092e-02
1.958052696641011181e+01 8.757207377560989603e-02
1.959014799193633394e+01 8.758526176485925685e-02
1.959976901746255251e+01 8.759909581850088001e-02
1.960939004298877464e+01 8.761359652690355049e-02
1.961901106851499677e+01 8.762878448043609492e-02
1.962863209404121534e+01 8.764468026946729828e-02
1.963825311956743747e+01 8.766130448436600109e-02
1.964787414509365604e+01 8.767867771550097444e-02
1.965749517061987817e+01 8.769682055324103109e-02
1.966711619614610029e+01 8.771575358795499766e-02
1.967673722167231887e+01 8.773549741001168689e-02
1.968635824719854099e+01 8.775607260977985602e-02
1.969597927272475957e+01 8.777749977762834555e-02
1.970560029825098169e+01 8.779979950392596821e-02
1.971522132377720382e+01 8.782299237904157840e-02
1.972484234930342240e+01 8.784709899334386396e-02
1.973446337482964452e+01 8.787213993720173477e-02
1.974408440035586310e+01 8.789813580098393420e-02
1.975370542588208522e+01 8.792510717505930273e-02
1.976332645140830735e+01 8.795307464979668088e-02
1.977294747693452592e+01 8.798205881556478425e-02
1.978256850246074805e+01 8.801208026273250884e-02
1.979218952798696662e+01 8.804315958166859801e-02
