7.618010371223582489e-01 2.369854279871704272e-01
7.714220626485789323e-01 2.408147164330068646e-01
7.810430881747997267e-01 2.445882819618122872e-01
7.906641137010204101e-01 2.483060493842288163e-01
8.002851392272412046e-01 2.519679410322796520e-01
8.099061647534618880e-01 2.555738766991940691e-01
8.195271902796826824e-01 2.591237735789065355e-01
8.291482158059033658e-01 2.626175462052114384e-01
8.387692413321241602e-01 2.660551063905431945e-01
8.483902668583448436e-01 2.694363631643567625e-01
8.580112923845655271e-01 2.727612227110828291e-01
8.676323179107863215e-01 2.760295883076320789e-01
8.772533434370071159e-01 2.792413602604161271e-01
8.868743689632277993e-01 2.823964358418648568e-01
8.964953944894484827e-01 2.854947092264049080e-01
9.061164200156692772e-01 2.885360714258763393e-01
9.157374455418899606e-01 2.915204102243549311e-01
9.253584710681107550e-01 2.944476101123515432e-01
9.349794965943314384e-01 2.973175522203592713e-01
9.446005221205522329e-01 3.001301142517164289e-01
9.542215476467729163e-01 3.028851704147551005e-01
9.638425731729935997e-01 3.055825913542021821e-01
9.734635986992143941e-01 3.082222440818040976e-01
9.830846242254351885e-01 3.108039919061360012e-01
9.927056497516558720e-01 3.133276943615661003e-01
1.002326675277876555e+00 3.157932071363422355e-01
1.011947700804097350e+00 3.182003819997605287e-01
1.021568726330317922e+00 3.205490667283827366e-01
1.031189751856538717e+00 3.228391050312670596e-01
1.040810777382759511e+00 3.250703364741732715e-01
1.050431802908980305e+00 3.272425964027028678e-01
1.060052828435201100e+00 3.293557158643384830e-01
1.069673853961421672e+00 3.314095215293380581e-01
1.079294879487642467e+00 3.334038356104477296e-01
1.088915905013863261e+00 3.353384757813868688e-01
1.098536930540083834e+00 3.372132550940638018e-01
1.108157956066304628e+00 3.390279818944822443e-01
1.117778981592525422e+00 3.407824597372860476e-01
1.127400007118746217e+00 3.424764872989020659e-01
1.137021032644966789e+00 3.441098582892322399e-01
1.146642058171187584e+00 3.456823613618444924e-01
1.156263083697408378e+00 3.471937800226158055e-01
1.165884109223628951e+00 3.486438925367749686e-01
1.175505134749849745e+00 3.500324718342933683e-01
1.185126160276070539e+00 3.513592854135689780e-01
1.194747185802291334e+00 3.526240952433518094e-01
1.204368211328512128e+00 3.538266576628518734e-01
1.213989236854732701e+00 3.549667232799730288e-01
1.223610262380953495e+00 3.560440368676140444e-01
1.233231287907174067e+00 3.570583372579771986e-01
1.242852313433394862e+00 3.580093572348188591e-01
1.252473338959615656e+00 3.588968234235841437e-01
1.262094364485836451e+00 3.597204561793563293e-01
1.271715390012057245e+00 3.604799694725558390e-01
1.281336415538277818e+00 3.611750707723208609e-01
1.290957441064498612e+00 3.618054609274993227e-01
1.300578466590719184e+00 3.623708340451822774e-01
1.310199492116939979e+00 3.628708773667029264e-01
1.319820517643160773e+00 3.633052711553894087e-01
1.329441543169381568e+00 3.636740457964233730e-01
1.339062568695602362e+00 3.639785088786528511e-01
1.348683594221823157e+00 3.642202484706569821e-01
1.358304619748043729e+00 3.644008447810412332e-01
1.367925645274264523e+00 3.645218707258057189e-01
1.377546670800485096e+00 3.645848924794257151e-01
1.387167696326705890e+00 3.645914700099603944e-01
1.396788721852926685e+00 3.645431575984813821e-01
1.406409747379147479e+00 3.644415043430915824e-01
1.416030772905368273e+00 3.642880546477850756e-01
1.425651798431588846e+00 3.640843486963791786e-01
1.435272823957809640e+00 3.638319229117292219e-01
1.444893849484030213e+00 3.635323104004200001e-01
1.454514875010251007e+00 3.631870413831091993e-01
1.464135900536471802e+00 3.627976436106805092e-01
1.473756926062692596e+00 3.623656427663483059e-01
1.483377951588913390e+00 3.618925628538409711e-01
1.492998977115133963e+00 3.613799265717691500e-01
1.502620002641354757e+00 3.608292556742799806e-01
1.512241028167575330e+00 3.602420713180722323e-01
1.521862053693796124e+00 3.596198943958446859e-01
1.531483079220016918e+00 3.589641427560434361e-01
1.541104104746237713e+00 3.582755169992346556e-01
1.550725130272458507e+00 3.575544120290526373e-01
1.560346155798679302e+00 3.568012204727597503e-01
1.569967181324899874e+00 3.560163338671900046e-01
1.579588206851120669e+00 3.552001427310482184e-01
1.589209232377341241e+00 3.543530366360190809e-01
1.598830257903562035e+00 3.534754042766874993e-01
1.608451283429782830e+00 3.525676335392811667e-01
1.618072308956003624e+00 3.516301115692399559e-01
1.627693334482224419e+00 3.506632248376151395e-01
1.637314360008444991e+00 3.496673592063048730e-01
1.646935385534665786e+00 3.486428999921303284e-01
1.656556411060886358e+00 3.475902320297492576e-01
1.666177436587107152e+00 3.465097397334173102e-01
1.675798462113327947e+00 3.454018071575909454e-01
1.685419487639548741e+00 3.442668180563771552e-01
1.695040513165769536e+00 3.431051559418279440e-01
1.704661538691990108e+00 3.419172041226807290e-01
1.714282564218210902e+00 3.407033329704908797e-01
1.723903589744431475e+00 3.394638775836060773e-01
1.733524615270652269e+00 3.381991670319890453e-01
1.743145640796873064e+00 3.369095304065865548e-01
1.752766666323093858e+00 3.355952968789236435e-01
1.762387691849314653e+00 3.342567957599376638e-01
1.772008717375535225e+00 3.328943565580164687e-01
1.781629742901756019e+00 3.315083090362005991e-01
1.791250768427976814e+00 3.300989832685108372e-01
1.800871793954197386e+00 3.286667096953531653e-01
1.810492819480418181e+00 3.272118191779532226e-01
1.820113845006638975e+00 3.257346430517700231e-01
1.829734870532859770e+00 3.242355131788306477e-01
1.839355896059080342e+00 3.227147619989287897e-01
1.848976921585301136e+00 3.211727225796234819e-01
1.858597947111521931e+00 3.196097286649722813e-01
1.868218972637742725e+00 3.180261159861869635e-01
1.877839998163963298e+00 3.164224135581725217e-01
1.887461023690184092e+00 3.147995494901065783e-01
1.897082049216404886e+00 3.131585039577501894e-01
1.906703074742625459e+00 3.115002603013562466e-01
1.916324100268846253e+00 3.098258051291516435e-01
1.925945125795067048e+00 3.081361284153482094e-01
1.935566151321287842e+00 3.064322235926232874e-01
1.945187176847508415e+00 3.047150876390069540e-01
1.954808202373729209e+00 3.029857211591115429e-01
1.964429227899950003e+00 3.012451284596344703e-01
1.974050253426170798e+00 2.994943176190620338e-01
1.983671278952391370e+00 2.977343005515008523e-01
1.993292304478612165e+00 2.959660930645579002e-01
2.002913330004832737e+00 2.941907149111896436e-01
2.012534355531053532e+00 2.924091898354360675e-01
2.022155381057274326e+00 2.906225456119546635e-01
2.031776406583495120e+00 2.888318140792638933e-01
2.041397432109715915e+00 2.870380311666058115e-01
2.051018457635936265e+00 2.852422369143335357e-01
2.060639483162157504e+00 2.834454754877248073e-01
2.070260508688377854e+00 2.816487951841249449e-01
2.079881534214599093e+00 2.798532484333140502e-01
2.089502559740819443e+00 2.780598917909966605e-01
2.099123585267040237e+00 2.762697859253005483e-01
2.108744610793261032e+00 2.744839955961810296e-01
2.118365636319481382e+00 2.727035896276125415e-01
2.127986661845702621e+00 2.709296408724508609e-01
2.137607687371922971e+00 2.691632261698491679e-01
2.147228712898144209e+00 2.674054262951017780e-01
2.156849738424364560e+00 2.656573215862398363e-01
2.166470763950585354e+00 2.639193038443783945e-01
2.176091789476806149e+00 2.621903176265348301e-01
2.185712815003026943e+00 2.604691217121762326e-01
2.195333840529247738e+00 2.587544704117262229e-01
2.204954866055468088e+00 2.570451136460543684e-01
2.214575891581689326e+00 2.553397970132252892e-01
2.224196917107909677e+00 2.536372618419738822e-01
2.233817942634130471e+00 2.519362452313462231e-01
2.243438968160351266e+00 2.502354800759227782e-01
2.253059993686572060e+00 2.485336950760168584e-01
2.262681019212792854e+00 2.468296147322155132e-01
2.272302044739013205e+00 2.451219593236118599e-01
2.281923070265234443e+00 2.434094448690540258e-01
2.291544095791454794e+00 2.416909302946906313e-01
2.301165121317675588e+00 2.399671744449924926e-01
2.310786146843896383e+00 2.382402656288445941e-01
2.320407172370117177e+00 2.365123268185843342e-01
2.330028197896337971e+00 2.347854888489849245e-01
2.339649223422558322e+00 2.330618904348229214e-01
2.349270248948779560e+00 2.313436781624956806e-01
2.358891274474999911e+00 2.296330064552900840e-01
2.368512300001220705e+00 2.279320375118912279e-01
2.378133325527441500e+00 2.262429412177235366e-01
2.387754351053662294e+00 2.245678950287023634e-01
2.397375376579883088e+00 2.229090838269781050e-01
2.406996402106103439e+00 2.212686997482476992e-01
2.416617427632324677e+00 2.196486823507466934e-01
2.426238453158545028e+00 2.180489856752778344e-01
2.435859478684765822e+00 2.164686402124692821e-01
2.445480504210986616e+00 2.149066663715419601e-01
2.455101529737207411e+00 2.133620795110215684e-01
2.464722555263428205e+00 2.118338899613436410e-01
2.474343580789648556e+00 2.103211030189901798e-01
2.483964606315869794e+00 2.088227189108625148e-01
2.493585631842090145e+00 2.073377327276209880e-01
2.503206657368311383e+00 2.058651343247740739e-01
2.512827682894531733e+00 2.044039081903837873e-01
2.522448708420752528e+00 2.029530332783556212e-01
2.532069733946973322e+00 2.015114674816865792e-01
2.541690759473193673e+00 2.000779018581079760e-01
2.551311784999414911e+00 1.986508061838079264e-01
2.560932810525635261e+00 1.972286434229621466e-01
2.570553836051856500e+00 1.958098770742014716e-01
2.580174861578076850e+00 1.943929714760033456e-01
2.589795887104297645e+00 1.929763918624437247e-01
2.599416912630518439e+00 1.915586041548220930e-01
2.609037938156739234e+00 1.901380744745201079e-01
2.618658963682960028e+00 1.887132683621399742e-01
2.628279989209180378e+00 1.872826496874324398e-01
2.637901014735401617e+00 1.858446792337622167e-01
2.647522040261621967e+00 1.843984393654262144e-01
2.657143065787842762e+00 1.829465017190276543e-01
2.666764091314063556e+00 1.814926520454686609e-01
2.676385116840284351e+00 1.800406847410686018e-01
2.686006142366505145e+00 1.785944033960814303e-01
2.695627167892725495e+00 1.771576220122383361e-01
2.705248193418946734e+00 1.757341656776847116e-01
2.714869218945167084e+00 1.743278706656793131e-01
2.724490244471387879e+00 1.729425839221034600e-01
2.734111269997608673e+00 1.715821619055869218e-01
2.743732295523829467e+00 1.702504687428908481e-01
2.753353321050050262e+00 1.689509476046598957e-01
2.762974346576271056e+00 1.676824842903707757e-01
2.772595372102491407e+00 1.664411920449375970e-01
2.782216397628712201e+00 1.652231339307702607e-01
2.791837423154932996e+00 1.640243635505441167e-01
2.801458448681153790e+00 1.628409268256814368e-01
2.811079474207374584e+00 1.616688634507540967e-01
2.820700499733595379e+00 1.605042080040726404e-01
2.830321525259816173e+00 1.593429906940307950e-01
2.839942550786036524e+00 1.581812377201466668e-01
2.849563576312257318e+00 1.570149712272022047e-01
2.859184601838478113e+00 1.558409485234924508e-01
2.868805627364698907e+00 1.546597700581792412e-01
2.878426652890919701e+00 1.534732839895474876e-01
2.888047678417140496e+00 1.522833417849275006e-01
2.897668703943361290e+00 1.510917978236624715e-01
2.907289729469582085e+00 1.499005096067002052e-01
2.916910754995802435e+00 1.487113379298626858e-01
2.926531780522023229e+00 1.475261470188078960e-01
2.936152806048244024e+00 1.463468046236794662e-01
2.945773831574464818e+00 1.451751820714153041e-01
2.955394857100685613e+00 1.440131542736644010e-01
2.965015882626906407e+00 1.428625996882296467e-01
2.974636908153127202e+00 1.417254002319156547e-01
2.984257933679347552e+00 1.406034411426161368e-01
2.993878959205568346e+00 1.394986107884158000e-01
3.003499984731789141e+00 1.384128004214098540e-01
3.013121010258009935e+00 1.373479038738554814e-01
3.022742035784230730e+00 1.363058171941607111e-01
3.032363061310451524e+00 1.352884382200847946e-01
3.041984086836672319e+00 1.342976660863649807e-01
3.051605112362892669e+00 1.333352990583558106e-01
3.061226137889113463e+00 1.324002506100171173e-01
3.070847163415334258e+00 1.314882043004053092e-01
3.080468188941555052e+00 1.305946683638946892e-01
3.090089214467775847e+00 1.297151467927977198e-01
3.099710239993996641e+00 1.288451399429339228e-01
3.109331265520217435e+00 1.279801447387885760e-01
3.118952291046438230e+00 1.271156544584077508e-01
3.128573316572658580e+00 1.262471580774434388e-01
3.138194342098879375e+00 1.253701391511873597e-01
3.147815367625100169e+00 1.244805604440751695e-01
3.157436393151320964e+00 1.235792338315619965e-01
3.167057418677541758e+00 1.226697622114902020e-01
3.176678444203762552e+00 1.217557844194234185e-01
3.186299469729983347e+00 1.208409434845345992e-01
3.195920495256203697e+00 1.199288876693313799e-01
3.205541520782424492e+00 1.190232709066719602e-01
3.215162546308645286e+00 1.181277526003757794e-01
3.224783571834866081e+00 1.172459967554938531e-01
3.234404597361086875e+00 1.163816550137704298e-01
3.244025622887307669e+00 1.155364140482725843e-01
3.253646648413528464e+00 1.147080834651227899e-01
3.263267673939748814e+00 1.138940164137537403e-01
3.272888699465969609e+00 1.130915644118243302e-01
3.282509724992190403e+00 1.122980787255218743e-01
3.292130750518411197e+00 1.115109113111100864e-01
3.301751776044631992e+00 1.107274152969376091e-01
3.311372801570852786e+00 1.099449449854288802e-01
3.320993827097073581e+00 1.091608553998732190e-01
3.330614852623293931e+00 1.083733528517270839e-01
3.340235878149514726e+00 1.075836715810736394e-01
3.349856903675735520e+00 1.067937181288565462e-01
3.359477929201956314e+00 1.060053989451512496e-01
3.369098954728177109e+00 1.052206210247693952e-01
3.378719980254397903e+00 1.044412923044667763e-01
3.388341005780618698e+00 1.036693218100439018e-01
3.397962031306839492e+00 1.029066195408516599e-01
3.407583056833059842e+00 1.021550959198501418e-01
3.417204082359280637e+00 1.014161567663401653e-01
3.426825107885501431e+00 1.006895834852269966e-01
3.436446133411722226e+00 9.997482938873793190e-02
3.446067158937943020e+00 9.927134531031230058e-02
3.455688184464163815e+00 9.857857954018860169e-02
3.465309209990384609e+00 9.789597775656429246e-02
3.474930235516604959e+00 9.722298295235146104e-02
3.484551261042825754e+00 9.655903535755172573e-02
3.494172286569046548e+00 9.590356973267839813e-02
3.503793312095267343e+00 9.525585521443555304e-02
3.513414337621488137e+00 9.461490616675838350e-02
3.523035363147708932e+00 9.397971951408938540e-02
3.532656388673929726e+00 9.334929813218492689e-02
3.542277414200150076e+00 9.272265136936490293e-02
3.551898439726370871e+00 9.209879526083612766e-02
3.561519465252591665e+00 9.147675242500853676e-02
3.571140490778812460e+00 9.085555163068100015e-02
3.580761516305033254e+00 9.023433992843984952e-02
3.590382541831254049e+00 8.961313087261793542e-02
3.600003567357474843e+00 8.899233571880989235e-02
3.609624592883695637e+00 8.837236609820023348e-02
3.619245618409915988e+00 8.775363196739691118e-02
3.628866643936136782e+00 8.713654170320381254e-02
3.638487669462357577e+00 8.652150219567586453e-02
3.648108694988578371e+00 8.590891893956277559e-02
3.657729720514799165e+00 8.529919612424276265e-02
3.667350746041019960e+00 8.469273672223924521e-02
3.676971771567240754e+00 8.408994257640697856e-02
3.686592797093461105e+00 8.349121448586631355e-02
3.696213822619681899e+00 8.289695229075670635e-02
3.705834848145902694e+00 8.230755495587224746e-02
3.715455873672123488e+00 8.172342065323329185e-02
3.725076899198344282e+00 8.114494684363880717e-02
3.734697924724565077e+00 8.057252757653858566e-02
3.744318950250785871e+00 8.000629068843626013e-02
3.753939975777006222e+00 7.944588245919891045e-02
3.763561001303227016e+00 7.889089961799811146e-02
3.773182026829447810e+00 7.834094052114337625e-02
3.782803052355668605e+00 7.779560467653535982e-02
3.792424077881889399e+00 7.725449144086621311e-02
3.802045103408110194e+00 7.671719784574386469e-02
3.811666128934330988e+00 7.618331668293518155e-02
3.821287154460551783e+00 7.565254296768703091e-02
3.830908179986772133e+00 7.512476585048281918e-02
3.840529205512992927e+00 7.459989463886550209e-02
3.850150231039213722e+00 7.407784122749139222e-02
3.859771256565434516e+00 7.355852285342705243e-02
3.869392282091655311e+00 7.304186416573923979e-02
3.879013307617876105e+00 7.252779857547857201e-02
3.888634333144096900e+00 7.201628055267587925e-02
3.898255358670317250e+00 7.150764419990342236e-02
3.907876384196538044e+00 7.100266505763962177e-02
3.917497409722758839e+00 7.050214326818061983e-02
3.927118435248979633e+00 7.000687820721183952e-02
3.936739460775200428e+00 6.951766856482512191e-02
3.946360486301421222e+00 6.903531240625980503e-02
3.955981511827642016e+00 6.856060721133767910e-02
3.965602537353862367e+00 6.809423985509650834e-02
3.975223562880083161e+00 6.763592180843051860e-02
3.984844588406303956e+00 6.718485487862908834e-02
3.994465613932524750e+00 6.674023618154513449e-02
4.004086639458745545e+00 6.630126258556849617e-02
4.013707664984966783e+00 6.586713071010127929e-02
4.023328690511187133e+00 6.543703691282379276e-02
4.032949716037407484e+00 6.501017726528629526e-02
4.042570741563627834e+00 6.458574751635162703e-02
4.052191767089849073e+00 6.416294304300806939e-02
4.061812792616070311e+00 6.374095878806725068e-02
4.071433818142290662e+00 6.331898918426372147e-02
4.081054843668511012e+00 6.289622806427835888e-02
4.090675869194732250e+00 6.247186855621871676e-02
4.100296894720953489e+00 6.204510296410533504e-02
4.109917920247173839e+00 6.161536191891058695e-02
4.119538945773394190e+00 6.118397116818072301e-02
4.129159971299614540e+00 6.075315911341023362e-02
4.138780996825835778e+00 6.032516063648112048e-02
4.148402022352057017e+00 5.990221181818295576e-02
4.158023047878277367e+00 5.948655006149980440e-02
4.167644073404497718e+00 5.908041410528797055e-02
4.177265098930718068e+00 5.868597213235673959e-02
4.186886124456939307e+00 5.830365372322318662e-02
4.196507149983160545e+00 5.793209782657685741e-02
4.206128175509380895e+00 5.756985994061072226e-02
4.215749201035601246e+00 5.721549401357038656e-02
4.225370226561822484e+00 5.686755247214249354e-02
4.234991252088043723e+00 5.652458623609899618e-02
4.244612277614264073e+00 5.618514471927532616e-02
4.254233303140484423e+00 5.584777581701358407e-02
4.263854328666704774e+00 5.551102588026209095e-02
4.273475354192926012e+00 5.517343967658727005e-02
4.283096379719147251e+00 5.483356033842770594e-02
4.292717405245367601e+00 5.448992929899653531e-02
4.302338430771587952e+00 5.414108621632199997e-02
4.311959456297809190e+00 5.378558187197311768e-02
4.321580481824029540e+00 5.342331497783361222e-02
4.331201507350250779e+00 5.305669465051807143e-02
4.340822532876471129e+00 5.268840630266237446e-02
4.350443558402691480e+00 5.232113861497313112e-02
4.360064583928912718e+00 5.195758368507242403e-02
4.369685609455133957e+00 5.160043710818765228e-02
4.379306634981354307e+00 5.125237215327309304e-02
4.388927660507574657e+00 5.091436915214873210e-02
4.398548686033795008e+00 5.058469564670835250e-02
4.408169711560016246e+00 5.026138004696695250e-02
4.417790737086237485e+00 4.994245524458258007e-02
4.427411762612457835e+00 4.962595725204070607e-02
4.437032788138678185e+00 4.930992321449546856e-02
4.446653813664899424e+00 4.899245776367840838e-02
4.456274839191120662e+00 4.867340142153281368e-02
4.465895864717341013e+00 4.835441918526772048e-02
4.475516890243561363e+00 4.803726044482182350e-02
4.485137915769781713e+00 4.772367477968386673e-02
4.494758941296002952e+00 4.741541159083324797e-02
4.504379966822224191e+00 4.711421636698975152e-02
4.514000992348444541e+00 4.682156575910282476e-02
4.523622017874664891e+00 4.653660420749900634e-02
4.533243043400885242e+00 4.625725261713538317e-02
4.542864068927106480e+00 4.598143616215171620e-02
4.552485094453327719e+00 4.570710061870788404e-02
4.562106119979548069e+00 4.543221239103146375e-02
4.571727145505768419e+00 4.515475373097099093e-02
4.581348171031989658e+00 4.487351120064685117e-02
4.590969196558210896e+00 4.458967042786966817e-02
4.600590222084431247e+00 4.430485668489166085e-02
4.610211247610651597e+00 4.402069177133327571e-02
4.619832273136871947e+00 4.373879946587188455e-02
4.629453298663093186e+00 4.346080628325037221e-02
4.639074324189314424e+00 4.318826326264306459e-02
4.648695349715534775e+00 4.292130471327622321e-02
4.658316375241755125e+00 4.265879742767404725e-02
4.667937400767975475e+00 4.239956572304596355e-02
4.677558426294196714e+00 4.214244110825918210e-02
4.687179451820417952e+00 4.188626505687130519e-02
4.696800477346638303e+00 4.162988960082217998e-02
4.706421502872858653e+00 4.137255078452264229e-02
4.716042528399079892e+00 4.111468091075261982e-02
4.725663553925301130e+00 4.085694527778718776e-02
4.735284579451521481e+00 4.060000585550443963e-02
4.744905604977741831e+00 4.034452241092760516e-02
4.754526630503962181e+00 4.009115339470003397e-02
4.764147656030184308e+00 3.984055657841576586e-02
4.773768681556404658e+00 3.959338943212102613e-02
4.783389707082625009e+00 3.935030923078600834e-02
4.793010732608845359e+00 3.911197287814011797e-02
4.802631758135065709e+00 3.887903643597492159e-02
4.812252783661287836e+00 3.865215434686850027e-02
4.821873809187508186e+00 3.843195518671615324e-02
4.831494834713728537e+00 3.821814641980183364e-02
4.841115860239948887e+00 3.800923323797609360e-02
4.850736885766169237e+00 3.780364351566737474e-02
4.860357911292391364e+00 3.759981059568850287e-02
4.869978936818611714e+00 3.739617349698869109e-02
4.879599962344832065e+00 3.719117861062459091e-02
4.889220987871052415e+00 3.698405131887936431e-02
4.898842013397274542e+00 3.677587085365551650e-02
4.908463038923494892e+00 3.656798394365083638e-02
4.918084064449715243e+00 3.636173472025270442e-02
4.927705089975935593e+00 3.615846496307989488e-02
4.937326115502155943e+00 3.595951281107440806e-02
4.946947141028378070e+00 3.576558284307504443e-02
4.956568166554598420e+00 3.557508182196562202e-02
4.966189192080818771e+00 3.538589927405159236e-02
4.975810217607039121e+00 3.519593547785714732e-02
4.985431243133259471e+00 3.500310057545557435e-02
4.995052268659481598e+00 3.480531016704473818e-02
5.004673294185701948e+00 3.460124408604157292e-02
5.014294319711922299e+00 3.439306467918704785e-02
5.023915345238142649e+00 3.418392381554746090e-02
5.033536370764364776e+00 3.397697801938341644e-02
5.043157396290585126e+00 3.377539209715602064e-02
5.052778421816805476e+00 3.358233727870064272e-02
5.062399447343025827e+00 3.340011265976427363e-02
5.072020472869246177e+00 3.322700847620657649e-02
5.081641498395468304e+00 3.306016411250761733e-02
5.091262523921688654e+00 3.289672384885765355e-02
5.100883549447909004e+00 3.273384091029776788e-02
5.110504574974129355e+00 3.256867690159797463e-02
5.120125600500351482e+00 3.239926740840367442e-02
5.129746626026571832e+00 3.222693359996183643e-02
5.139367651552792182e+00 3.205376915095663193e-02
5.148988677079012533e+00 3.188186823448212193e-02
5.158609702605232883e+00 3.171332793750009788e-02
5.168230728131455010e+00 3.155024577263344093e-02
5.177851753657675360e+00 3.139389610531420627e-02
5.187472779183895710e+00 3.124343456043825532e-02
5.197093804710116061e+00 3.109767925621065646e-02
5.206714830236336411e+00 3.095544907460193867e-02
5.216335855762558538e+00 3.081556571351648510e-02
5.225956881288778888e+00 3.067685494249356923e-02
5.235577906814999238e+00 3.053814703603481562e-02
5.245198932341219589e+00 3.039827636012069206e-02
5.254819957867441715e+00 3.025608008710604924e-02
5.264440983393662066e+00 3.011039601180150183e-02
5.274062008919882416e+00 2.996005943696419468e-02
5.283683034446102766e+00 2.980404138458931512e-02
5.293304059972323117e+00 2.964343915959431752e-02
5.302925085498545243e+00 2.948099680803880143e-02
5.312546111024765594e+00 2.931951034691651636e-02
5.322167136550985944e+00 2.916178865844146900e-02
5.331788162077206294e+00 2.901065178479447088e-02
5.341409187603426645e+00 2.886825833152506168e-02
5.351030213129648772e+00 2.873331489016716506e-02
5.360651238655869122e+00 2.860340943402672753e-02
5.370272264182089472e+00 2.847612955126186535e-02
5.379893289708309823e+00 2.834906675841182555e-02
5.389514315234531949e+00 2.821983320351129435e-02
5.399135340760752300e+00 2.808753436263599843e-02
5.408756366286972650e+00 2.795389509597424882e-02
5.418377391813193000e+00 2.782090591706480945e-02
5.427998417339413351e+00 2.769056088947255759e-02
5.437619442865635477e+00 2.756485905261352176e-02
5.447240468391855828e+00 2.744555191757673887e-02
5.456861493918076178e+00 2.733193340482206399e-02
5.466482519444296528e+00 2.722190581449830671e-02
5.476103544970518655e+00 2.711335420781601363e-02
5.485724570496739005e+00 2.700416311728529029e-02
5.495345596022959356e+00 2.689222103356505786e-02
5.504966621549179706e+00 2.677643237053472028e-02
5.514587647075400056e+00 2.665797720701781545e-02
5.524208672601622183e+00 2.653834531900569824e-02
5.533829698127842533e+00 2.641902837947063265e-02
5.543450723654062884e+00 2.630152065681372331e-02
5.553071749180283234e+00 2.618719432709458103e-02
5.562692774706503585e+00 2.607628031894423243e-02
5.572313800232725711e+00 2.596839608413270550e-02
5.581934825758946062e+00 2.586315258587279509e-02
5.591555851285166412e+00 2.576016024414275532e-02
5.601176876811386762e+00 2.565903081612018466e-02
5.610797902337608889e+00 2.555949299134278874e-02
5.620418927863829239e+00 2.546146250312178796e-02
5.630039953390049590e+00 2.536487162758468625e-02
5.639660978916269940e+00 2.526965242057666039e-02
5.649282004442490290e+00 2.517573671236903246e-02
5.658903029968712417e+00 2.508305608934135664e-02
5.668524055494932767e+00 2.499154186244449335e-02
5.678145081021153118e+00 2.490112502229935992e-02
5.687766106547373468e+00 2.481173618086456381e-02
5.697387132073593818e+00 2.472330549971342439e-02
5.707008157599815945e+00 2.463573942588146576e-02
5.716629183126036295e+00 2.454865211504591443e-02
5.726250208652256646e+00 2.446145804162674561e-02
5.735871234178476996e+00 2.437356762976477381e-02
5.745492259704699123e+00 2.428439113979421679e-02
5.755113285230919473e+00 2.419335616561117674e-02
5.764734310757139824e+00 2.410066764995177219e-02
5.774355336283360174e+00 2.400760222380746503e-02
5.783976361809580524e+00 2.391551700788776408e-02
5.793597387335802651e+00 2.382577171830271845e-02
5.803218412862023001e+00 2.373972714639963760e-02
5.812839438388243352e+00 2.365822030681937957e-02
5.822460463914463702e+00 2.358076307864588259e-02
5.832081489440684052e+00 2.350666022589206761e-02
5.841702514966906179e+00 2.343521510576386524e-02
5.851323540493126529e+00 2.336572990059181121e-02
5.860944566019346880e+00 2.329758505059167234e-02
5.870565591545567230e+00 2.323049635045890474e-02
5.880186617071789357e+00 2.316426813890005640e-02
5.889807642598009707e+00 2.309870422810117799e-02
5.899428668124230057e+00 2.303360783748818405e-02
5.909049693650450408e+00 2.296878150208256711e-02
5.918670719176670758e+00 2.290402695464410776e-02
5.928291744702892885e+00 2.283914498151727937e-02
5.937912770229113235e+00 2.277393525225637413e-02
5.947533795755333585e+00 2.270819612331159004e-02
5.957154821281553936e+00 2.264178706829776330e-02
5.966775846807776063e+00 2.257509756808442208e-02
5.976396872333996413e+00 2.250878593673769426e-02
5.986017897860216763e+00 2.244351493192115257e-02
5.995638923386437114e+00 2.237995002710433876e-02
6.005259948912657464e+00 2.231870250019247007e-02
6.014880974438879591e+00 2.225981618243876720e-02
6.024501999965099941e+00 2.220300832841396593e-02
6.034123025491320291e+00 2.214799287790649232e-02
6.043744051017540642e+00 2.209448433753120541e-02
6.053365076543760992e+00 2.204219774316563615e-02
6.062986102069983119e+00 2.199084861254266623e-02
6.072607127596203469e+00 2.194015288768626920e-02
6.082228153122423819e+00 2.188982686690018817e-02
6.091849178648644170e+00 2.183958712605084743e-02
6.101470204174866296e+00 2.178917977792207972e-02
6.111091229701086647e+00 2.173862031619637480e-02
6.120712255227306997e+00 2.168806689915950617e-02
6.130333280753527347e+00 2.163767576396586484e-02
6.139954306279747698e+00 2.158759951836052710e-02
6.149575331805969824e+00 2.153803107385986182e-02
6.159196357332190175e+00 2.148948603065141752e-02
6.168817382858410525e+00 2.144262492406387444e-02
6.178438408384630876e+00 2.139811058030157212e-02
6.188059433910851226e+00 2.135660797392245625e-02
6.197680459437073353e+00 2.131847879823547606e-02
6.207301484963293703e+00 2.128249374714501554e-02
6.216922510489514053e+00 2.124691177550228419e-02
6.226543536015734404e+00 2.120999825417057075e-02
6.236164561541956530e+00 2.117002446235459814e-02
6.245785587068176881e+00 2.112601243928380682e-02
6.255406612594397231e+00 2.107949985091654016e-02
6.265027638120617581e+00 2.103254532357252612e-02
6.274648663646837932e+00 2.098719786951577793e-02
6.284269689173060058e+00 2.094548790679589406e-02
6.293890714699280409e+00 2.090845356304485772e-02
6.303511740225500759e+00 2.087517304397321430e-02
6.313132765751721109e+00 2.084451269361295087e-02
6.322753791277941460e+00 2.081536353636950082e-02
6.332374816804163586e+00 2.078665295022457185e-02
6.341995842330383937e+00 2.075780186527958343e-02
6.351616867856604287e+00 2.072876650942300295e-02
6.361237893382824637e+00 2.069951948398395317e-02
6.370858918909046764e+00 2.067002535556206402e-02
6.380479944435267114e+00 2.064024909898766122e-02
6.390100969961487465e+00 2.061025476164542874e-02
6.399721995487707815e+00 2.058016845851292492e-02
6.409343021013928166e+00 2.055012114540711102e-02
6.418964046540150292e+00 2.052025186953692834e-02
6.428585072066370643e+00 2.049071055088140525e-02
6.438206097592590993e+00 2.046165950174141587e-02
6.447827123118811343e+00 2.043327369387474765e-02
6.457448148645033470e+00 2.040573978498047558e-02
6.467069174171253820e+00 2.037925485401097248e-02
6.476690199697474171e+00 2.035408812277269414e-02
6.486311225223694521e+00 2.033061192715414356e-02
6.495932250749914871e+00 2.030919534988891856e-02
6.505553276276136998e+00 2.029019498872298988e-02
6.515174301802357348e+00 2.027389936048469218e-02
6.524795327328577699e+00 2.025994362929504217e-02
6.534416352854798049e+00 2.024754838281905139e-02
6.544037378381018399e+00 2.023594443775670812e-02
6.553658403907240526e+00 2.022438153188550747e-02
6.563279429433460876e+00 2.021220261395984333e-02
6.572900454959681227e+00 2.019902664577510540e-02
6.582521480485901577e+00 2.018452533990480052e-02
6.592142506012123704e+00 2.016836363515995753e-02
6.601763531538344054e+00 2.015022463528175559e-02
6.611384557064564405e+00 2.013046474737777841e-02
6.621005582590784755e+00 2.011019855806815346e-02
6.630626608117005105e+00 2.009057247621822209e-02
6.640247633643227232e+00 2.007272047286263322e-02
6.649868659169447582e+00 2.005761704176691265e-02
6.659489684695667933e+00 2.004545476113871877e-02
6.669110710221888283e+00 2.003618782450839603e-02
6.678731735748108633e+00 2.002980436569192987e-02
6.688352761274330760e+00 2.002631221946529066e-02
6.697973786800551110e+00 2.002513814688037033e-02
6.707594812326771461e+00 2.002485526053814774e-02
6.717215837852991811e+00 2.002395413717318953e-02
6.726836863379213938e+00 2.002091017252630514e-02
6.736457888905434288e+00 2.001445877897246872e-02
6.746078914431654638e+00 2.000493343386819042e-02
6.755699939957874989e+00 1.999325325614147164e-02
6.765320965484095339e+00 1.998034315897981653e-02
6.774941991010317466e+00 1.996713398125246272e-02
6.784563016536537816e+00 1.995456301201066485e-02
6.794184042062758166e+00 1.994357409112961638e-02
6.803805067588978517e+00 1.993511729642801975e-02
6.813426093115200644e+00 1.993014822867602079e-02
6.823047118641420994e+00 1.992932227221018079e-02
6.832668144167641344e+00 1.993193995289051224e-02
6.842289169693861695e+00 1.993691555373238930e-02
6.851910195220082045e+00 1.994315162788735593e-02
6.861531220746304172e+00 1.994956094386309345e-02
6.871152246272524522e+00 1.995547612940445914e-02
6.880773271798744872e+00 1.996061624675403781e-02
6.890394297324965223e+00 1.996473480895616381e-02
6.900015322851185573e+00 1.996760805870372718e-02
6.909636348377407700e+00 1.996938393132318204e-02
6.919257373903628050e+00 1.997107739896058012e-02
6.928878399429848400e+00 1.997381844811542753e-02
6.938499424956068751e+00 1.997872297793407831e-02
6.948120450482290877e+00 1.998659347402578779e-02
6.957741476008511228e+00 1.999607547348813269e-02
6.967362501534731578e+00 2.000488461345115501e-02
6.976983527060951928e+00 2.001074961646410674e-02
6.986604552587172279e+00 2.001151446361302058e-02
6.996225578113394405e+00 2.000758090109144155e-02
7.005846603639614756e+00 2.000205842461592540e-02
7.015467629165835106e+00 1.999817692617155210e-02
7.025088654692055457e+00 1.999915125394317178e-02
7.034709680218275807e+00 2.000675448627838027e-02
7.044330705744497934e+00 2.001927083864513471e-02
7.053951731270718284e+00 2.003447075661590748e-02
7.063572756796938634e+00 2.005013383046658562e-02
7.073193782323158985e+00 2.006436628142716991e-02
7.082814807849381111e+00 2.007706446802650160e-02
7.092435833375601462e+00 2.008874715401368430e-02
7.102056858901821812e+00 2.009993163144468270e-02
7.111677884428042162e+00 2.011113325267101237e-02
7.121298909954262513e+00 2.012286556309013721e-02
7.130919935480484639e+00 2.013564038179210466e-02
7.140540961006704990e+00 2.014996783094885266e-02
7.150161986532925340e+00 2.016633720842601896e-02
7.159783012059145690e+00 2.018448434601727987e-02
7.169404037585366041e+00 2.020316299035318161e-02
7.179025063111588167e+00 2.022106178733334633e-02
7.188646088637808518e+00 2.023687398938413956e-02
7.198267114164028868e+00 2.025013674361056046e-02
7.207888139690249218e+00 2.026232327281958512e-02
7.217509165216471345e+00 2.027517497330848933e-02
7.227130190742691696e+00 2.029043003672953427e-02
7.236751216268912046e+00 2.030932694676514799e-02
7.246372241795132396e+00 2.033114735535760872e-02
7.255993267321352747e+00 2.035469889665847756e-02
7.265614292847574873e+00 2.037879875551244432e-02
7.275235318373795224e+00 2.040238631901651264e-02
7.284856343900015574e+00 2.042513860141243268e-02
7.294477369426235924e+00 2.044702008689511935e-02
7.304098394952458051e+00 2.046799154903064175e-02
7.313719420478678401e+00 2.048801010505165235e-02
7.323340446004898752e+00 2.050702973164097304e-02
7.332961471531119102e+00 2.052500151232908646e-02
7.342582497057339452e+00 2.054187362373316797e-02
7.352203522583561579e+00 2.055764035623566799e-02
7.361824548109781929e+00 2.057306845844219384e-02
7.371445573636002280e+00 2.058954290215622013e-02
7.381066599162222630e+00 2.060846971202510633e-02
7.390687624688442980e+00 2.063120574660982226e-02
7.400308650214665107e+00 2.065784507873470732e-02
7.409929675740885457e+00 2.068719259736493885e-02
7.419550701267105808e+00 2.071799292025478315e-02
7.429171726793326158e+00 2.074898823301705650e-02
7.438792752319548285e+00 2.077891821351281892e-02
7.448413777845768635e+00 2.080651980275019172e-02
7.458034803371988986e+00 2.083052682456245155e-02
7.467655828898209336e+00 2.084970902494445721e-02
7.477276854424429686e+00 2.086469196558007194e-02
7.486897879950651813e+00 2.087872758490195643e-02
7.496518905476872163e+00 2.089528112951703764e-02
7.506139931003092514e+00 2.091778835666468356e-02
7.515760956529312864e+00 2.094716999618175327e-02
7.525381982055533214e+00 2.098049011184166188e-02
7.535003007581755341e+00 2.101447797289233629e-02
7.544624033107975691e+00 2.104588751455819043e-02
7.554245058634196042e+00 2.107346386973919794e-02
7.563866084160416392e+00 2.109907799201284767e-02
7.573487109686638519e+00 2.112487591203401904e-02
7.583108135212858869e+00 2.115298652607414814e-02
7.592729160739079219e+00 2.118437631213725830e-02
7.602350186265299570e+00 2.121824015926798007e-02
7.611971211791519920e+00 2.125362349606110118e-02
7.621592237317742047e+00 2.128957480340149672e-02
7.631213262843962397e+00 2.132533126591702397e-02
7.640834288370182747e+00 2.136039707729366077e-02
7.650455313896403098e+00 2.139429955298306069e-02
7.660076339422623448e+00 2.142658799109579959e-02
7.669697364948845575e+00 2.145745683691781258e-02
7.679318390475065925e+00 2.148788701508033347e-02
7.688939416001286276e+00 2.151890516114075141e-02
7.698560441527506626e+00 2.155150707790309123e-02
7.708181467053728753e+00 2.158600444101092461e-02
7.717802492579949103e+00 2.162201243390183061e-02
7.727423518106169453e+00 2.165911414685496930e-02
7.737044543632389804e+00 2.169689181437416473e-02
7.746665569158610154e+00 2.173492674281838136e-02
7.756286594684832281e+00 2.177279922182597319e-02
7.765907620211052631e+00 2.181008842341376416e-02
7.775528645737272981e+00 2.184648624706259437e-02
7.785149671263493332e+00 2.188290102903962808e-02
7.794770696789715458e+00 2.192098372396776226e-02
7.804391722315935809e+00 2.196240402267446781e-02
7.814012747842156159e+00 2.200823015978864081e-02
7.823633773368376509e+00 2.205528617157284307e-02
7.833254798894596860e+00 2.209858169100765643e-02
7.842875824420818986e+00 2.213311580755912555e-02
7.852496849947039337e+00 2.215594555581594516e-02
7.862117875473259687e+00 2.217332720730820841e-02
7.871738900999480038e+00 2.219407908292176171e-02
7.881359926525700388e+00 2.222700382195200858e-02
7.890980952051922515e+00 2.227654801900877390e-02
7.900601977578142865e+00 2.233523393356959610e-02
7.910223003104363215e+00 2.239358368048900705e-02
7.919844028630583566e+00 2.244222857354533432e-02
7.929465054156805692e+00 2.247752743392463295e-02
7.939086079683026043e+00 2.250529254436093446e-02
7.948707105209246393e+00 2.253221317107802907e-02
7.958328130735466743e+00 2.256477586006083030e-02
7.967949156261687094e+00 2.260510830378545735e-02
7.977570181787909220e+00 2.265107308054809324e-02
7.987191207314129571e+00 2.270036126146116398e-02
7.996812232840349921e+00 2.275079338109024449e-02
8.006433258366570271e+00 2.280132752165369911e-02
8.016054283892790622e+00 2.285154614770824530e-02
8.025675309419012748e+00 2.290103698467572599e-02
8.035296334945233099e+00 2.294938667070255470e-02
8.044917360471453449e+00 2.299618094613813807e-02
8.054538385997673799e+00 2.304100480739449189e-02
8.064159411523895926e+00 2.308344262611222719e-02
8.073780437050116277e+00 2.312307823445762869e-02
8.083401462576336627e+00 2.315949497728011022e-02
8.093022488102556977e+00 2.319227573176777316e-02
8.102643513628777328e+00 2.322111755660652768e-02
8.112264539154999454e+00 2.324867640836696461e-02
8.121885564681219805e+00 2.328075826633017875e-02
8.131506590207440155e+00 2.332332187251863823e-02
8.141127615733660505e+00 2.338112633744087940e-02
8.150748641259882632e+00 2.344882910420093350e-02
8.160369666786102982e+00 2.351602533379936258e-02
8.169990692312323333e+00 2.357227161439289648e-02
8.179611717838543683e+00 2.361092535459385217e-02
8.189232743364764033e+00 2.363806140242651066e-02
8.198853768890986160e+00 2.366241843835952333e-02
8.208474794417206510e+00 2.369264844817479607e-02
8.218095819943426861e+00 2.373312169711946917e-02
8.227716845469647211e+00 2.378227713631581031e-02
8.237337870995867561e+00 2.383811517128709909e-02
8.246958896522089688e+00 2.389855994156901697e-02
8.256579922048310038e+00 2.396080002559855884e-02
8.266200947574530389e+00 2.402160496498138842e-02
8.275821973100750739e+00 2.407774758890050132e-02
8.285442998626972866e+00 2.412708100674538017e-02
8.295064024153193216e+00 2.417108889692102039e-02
8.304685049679413567e+00 2.421201893936524366e-02
8.314306075205633917e+00 2.425211644075613363e-02
8.323927100731854267e+00 2.429362497434597867e-02
8.333548126258076394e+00 2.433878636099716039e-02
8.343169151784296744e+00 2.438983999873404682e-02
8.352790177310517095e+00 2.444837043158199288e-02
8.362411202836737445e+00 2.451110581467908292e-02
8.372032228362957795e+00 2.457258989150667983e-02
8.381653253889179922e+00 2.462737939424161290e-02
8.391274279415400272e+00 2.467333640803032885e-02
8.400895304941620623e+00 2.471588052572330080e-02
8.410516330467840973e+00 2.476148155448096300e-02
8.420137355994063100e+00 2.481616305353058841e-02
8.429758381520283450e+00 2.487931998892948041e-02
8.439379407046503800e+00 2.494524299612771098e-02
8.449000432572724151e+00 2.500810844386750637e-02
8.458621458098944501e+00 2.506354374591507339e-02
8.468242483625166628e+00 2.511254982722188611e-02
8.477863509151386978e+00 2.515737817264053489e-02
8.487484534677607328e+00 2.520027597851290380e-02
8.497105560203827679e+00 2.524348864983146784e-02
8.506726585730048029e+00 2.528926106355442599e-02
8.516347611256270156e+00 2.533983762074027909e-02
8.525968636782490506e+00 2.539670694575803245e-02
8.535589662308710857e+00 2.545741331298180532e-02
8.545210687834931207e+00 2.551821882981766820e-02
8.554831713361153334e+00 2.557543613360872478e-02
8.564452738887373684e+00 2.562751525985363862e-02
8.574073764413594034e+00 2.567585145117576989e-02
8.583694789939814385e+00 2.572205397284355044e-02
8.593315815466034735e+00 2.576773147927252997e-02
8.602936840992256862e+00 2.581449226525885793e-02
8.612557866518477212e+00 2.586394415096236396e-02
8.622178892044697562e+00 2.591767170474203533e-02
8.631799917570917913e+00 2.597607489521625707e-02
8.641420943097140039e+00 2.603780379940422857e-02
8.651041968623360390e+00 2.610136918033380965e-02
8.660662994149580740e+00 2.616526598521262681e-02
8.670284019675801090e+00 2.622787967677376805e-02
8.679905045202021441e+00 2.628755382415521799e-02
8.689526070728243567e+00 2.634266638660554688e-02
8.699147096254463918e+00 2.639311413595793118e-02
8.708768121780684268e+00 2.644087688341626580e-02
8.718389147306904619e+00 2.648808452176800929e-02
8.728010172833124969e+00 2.653658201718046838e-02
8.737631198359347096e+00 2.658674373077554720e-02
8.747252223885567446e+00 2.663847163814313940e-02
8.756873249411787796e+00 2.669167646577215447e-02
8.766494274938009923e+00 2.674648869973971638e-02
8.776115300464230273e+00 2.680328614436339532e-02
8.785736325990450624e+00 2.686246655511178097e-02
8.795357351516670974e+00 2.692412273716875831e-02
8.804978377042891324e+00 2.698717723585228323e-02
8.814599402569113451e+00 2.705027559390534714e-02
8.824220428095333801e+00 2.711212524671763324e-02
8.833841453621554152e+00 2.717239383658085275e-02
8.843462479147774502e+00 2.723149779330925543e-02
8.853083504673996629e+00 2.728987398821677152e-02
8.862704530200216979e+00 2.734796028354666980e-02
8.872325555726437329e+00 2.740619552992978880e-02
8.881946581252657680e+00 2.746501921864541104e-02
8.891567606778878030e+00 2.752472224612529522e-02
8.901188632305100157e+00 2.758442548225566518e-02
8.910809657831320507e+00 2.764269627392290304e-02
8.920430683357540858e+00 2.769813303674185587e-02
8.930051708883761208e+00 2.775073363084850156e-02
8.939672734409981558e+00 2.780235585436607176e-02
8.949293759936203685e+00 2.785498837977525705e-02
8.958914785462424035e+00 2.791036385753771498e-02
8.968535810988644386e+00 2.796924398663385575e-02
8.978156836514864736e+00 2.803216697999415946e-02
8.987777862041086863e+00 2.809945448807084356e-02
8.997398887567307213e+00 2.816867375588289618e-02
9.007019913093527563e+00 2.823554292738807842e-02
9.016640938619747914e+00 2.829579530769005952e-02
9.026261964145968264e+00 2.834837541415103843e-02
9.035882989672190391e+00 2.839766784844304989e-02
9.045504015198410741e+00 2.844858545610111020e-02
9.055125040724631091e+00 2.850513261027514192e-02
9.064746066250851442e+00 2.856719506228839675e-02
9.074367091777071792e+00 2.863349442483475310e-02
9.083988117303293919e+00 2.870275384667243454e-02
9.093609142829514269e+00 2.877372694364675049e-02
9.103230168355734619e+00 2.884518961762397651e-02
9.112851193881954970e+00 2.891591926852832978e-02
9.122472219408177097e+00 2.898469426870913662e-02
9.132093244934397447e+00 2.905029352339879786e-02
9.141714270460617797e+00 2.911149566845145156e-02
9.151335295986838148e+00 2.916786848197557361e-02
9.160956321513058498e+00 2.922204979371176986e-02
9.170577347039280625e+00 2.927742449863513993e-02
9.180198372565500975e+00 2.933686533824531387e-02
9.189819398091721325e+00 2.939822586604312268e-02
9.199440423617941676e+00 2.945652480425400843e-02
9.209061449144162026e+00 2.950696883382562460e-02
9.218682474670384153e+00 2.955184589856151012e-02
9.228303500196604503e+00 2.960185861598019566e-02
9.237924525722824853e+00 2.966818115115949298e-02
9.247545551249045204e+00 2.975469324848516173e-02
9.257166576775267330e+00 2.984721278545896320e-02
9.266787602301487681e+00 2.992881266236005131e-02
9.276408627827708031e+00 2.998630352755174769e-02
9.286029653353928381e+00 3.002648953525302589e-02
9.295650678880148732e+00 3.006283970639480121e-02
9.305271704406370858e+00 3.010799056515349112e-02
9.314892729932591209e+00 3.016439541505556987e-02
9.324513755458811559e+00 3.022772030704486482e-02
9.334134780985031909e+00 3.029356097120258773e-02
9.343755806511254036e+00 3.035936156584492784e-02
9.353376832037474387e+00 3.042486585978040545e-02
9.362997857563694737e+00 3.048996340940350255e-02
9.372618883089915087e+00 3.055454723203213097e-02
9.382239908616135438e+00 3.061851356176685870e-02
9.391860934142357564e+00 3.068175982243079650e-02
9.401481959668577915e+00 3.074423110144867965e-02
9.411102985194798265e+00 3.080608742628926019e-02
9.420724010721018615e+00 3.086755197828556715e-02
9.430345036247238966e+00 3.092884734283171677e-02
9.439966061773461092e+00 3.099017710862330549e-02
9.449587087299681443e+00 3.105174396950174595e-02
9.459208112825901793e+00 3.111379361931771587e-02
9.468829138352122143e+00 3.117707463711058211e-02
9.478450163878344270e+00 3.124274475064397691e-02
9.488071189404564620e+00 3.131194127927389159e-02
9.497692214930784971e+00 3.138439695902083687e-02
9.507313240457005321e+00 3.145794886413750407e-02
9.516934265983225671e+00 3.153029959591366338e-02
9.526555291509447798e+00 3.159915134076939081e-02
9.536176317035668148e+00 3.166220616904139723e-02
9.545797342561888499e+00 3.171716642142242276e-02
9.555418368088108849e+00 3.176354159856634163e-02
9.565039393614329200e+00 3.180712780403161660e-02
9.574660419140551326e+00 3.185508940422343560e-02
9.584281444666771677e+00 3.191333896233289336e-02
9.593902470192992027e+00 3.198084454040931585e-02
9.603523495719212377e+00 3.205418132141949622e-02
9.613144521245434504e+00 3.212992301875106788e-02
9.622765546771654854e+00 3.220464445609553389e-02
9.632386572297875205e+00 3.227492006328820662e-02
9.642007597824095555e+00 3.233761852863577257e-02
9.651628623350315905e+00 3.239384827339376188e-02
9.661249648876538032e+00 3.244788555970842814e-02
9.670870674402758382e+00 3.250396932145282330e-02
9.680491699928978733e+00 3.256328884367898358e-02
9.690112725455199083e+00 3.262387105105476331e-02
9.699733750981419433e+00 3.268362608639235889e-02
9.709354776507641560e+00 3.274228243039976199e-02
9.718975802033861910e+00 3.280215646576294802e-02
9.728596827560082261e+00 3.286578246756960420e-02
9.738217853086302611e+00 3.293381841653941072e-02
9.747838878612524738e+00 3.300341766080580608e-02
9.757459904138745088e+00 3.307138331612454601e-02
9.767080929664965439e+00 3.313571989905425563e-02
9.776701955191185789e+00 3.319732030606572376e-02
9.786322980717406139e+00 3.325754735546129076e-02
9.795944006243628266e+00 3.331755510406004400e-02
9.805565031769848616e+00 3.337770282461923615e-02
9.815186057296068967e+00 3.343818776354680333e-02
9.824807082822289317e+00 3.349922539946290079e-02
9.834428108348511444e+00 3.356108228209392363e-02
9.844049133874731794e+00 3.362403879086504899e-02
9.853670159400952144e+00 3.368838537716813131e-02
9.863291184927172495e+00 3.375442459819533170e-02
9.872912210453392845e+00 3.382246445709845978e-02
9.882533235979614972e+00 3.389275287925179458e-02
9.892154261505835322e+00 3.396523200240206958e-02
9.901775287032055672e+00 3.403975619296949889e-02
9.911396312558276023e+00 3.411582216500872594e-02
9.921017338084496373e+00 3.419036150760566134e-02
9.930638363610718500e+00 3.425923972304882603e-02
9.940259389136938850e+00 3.431917714442961342e-02
9.949880414663159200e+00 3.437342880174424492e-02
9.959501440189379551e+00 3.442826949104890039e-02
9.969122465715601678e+00 3.448913049072185183e-02
9.978743491241822028e+00 3.455420271686736322e-02
9.988364516768042378e+00 3.461803619137941018e-02
9.997985542294262729e+00 3.467600202588205088e-02
1.000760656782048308e+01 3.473107485892907437e-02
1.001722759334670521e+01 3.479032203441888293e-02
1.002684861887292556e+01 3.485989990179067660e-02
1.003646964439914591e+01 3.493677577649510063e-02
1.004609066992536626e+01 3.501276608151623199e-02
1.005571169545158661e+01 3.508038510557072442e-02
1.006533272097780873e+01 3.513950936372696454e-02
1.007495374650402908e+01 3.519420971952819110e-02
1.008457477203024943e+01 3.524860965480178243e-02
1.009419579755646978e+01 3.530683498882886823e-02
1.010381682308269191e+01 3.537300191672187316e-02
1.011343784860891226e+01 3.545020302998166950e-02
1.012305887413513261e+01 3.553218329241079193e-02
1.013267989966135296e+01 3.560765101301811841e-02
1.014230092518757331e+01 3.566685130364687789e-02
1.015192195071379544e+01 3.571329447234858345e-02
1.016154297624001579e+01 3.575735963842179704e-02
1.017116400176623614e+01 3.580861300203483366e-02
1.018078502729245649e+01 3.586952599099799133e-02
1.019040605281867862e+01 3.593918748812011815e-02
1.020002707834489897e+01 3.601596822055191938e-02
1.020964810387111932e+01 3.609294943048706183e-02
1.021926912939733967e+01 3.616089992576918682e-02
1.022889015492356002e+01 3.621291352092405325e-02
1.023851118044978215e+01 3.625650484907447929e-02
1.024813220597600250e+01 3.630467783102751117e-02
1.025775323150222285e+01 3.636731613757916703e-02
1.026737425702844320e+01 3.643794734499132548e-02
1.027699528255466355e+01 3.650478170732636418e-02
1.028661630808088567e+01 3.655884160132502614e-02
1.029623733360710602e+01 3.660331559438934068e-02
1.030585835913332637e+01 3.664469307780814089e-02
1.031547938465954672e+01 3.668946075084768971e-02
1.032510041018576885e+01 3.674410553439452776e-02
1.033472143571198920e+01 3.681510519408930787e-02
1.034434246123820955e+01 3.690358392644940699e-02
1.035396348676442990e+01 3.699561754709732725e-02
1.036358451229065025e+01 3.707471441849525401e-02
1.037320553781687238e+01 3.713400657123112208e-02
1.038282656334309273e+01 3.718784091337189179e-02
1.039244758886931308e+01 3.725325651789323372e-02
1.040206861439553343e+01 3.733589422839526245e-02
1.041168963992175378e+01 3.742192623649395061e-02
1.042131066544797591e+01 3.749587300878708812e-02
1.043093169097419626e+01 3.755186977625689371e-02
1.044055271650041661e+01 3.759659903478438508e-02
1.045017374202663696e+01 3.763758974162392107e-02
1.045979476755285908e+01 3.768238038984795396e-02
1.046941579307907944e+01 3.773852184150507799e-02
1.047903681860529979e+01 3.781266179477540262e-02
1.048865784413152014e+01 3.789897055806052545e-02
1.049827886965774049e+01 3.798256825342548326e-02
1.050789989518396261e+01 3.804984527340742051e-02
1.051752092071018296e+01 3.810035104716658072e-02
1.052714194623640331e+01 3.814051511724243781e-02
1.053676297176262366e+01 3.817689635141651577e-02
1.054638399728884401e+01 3.821611565440062586e-02
1.055600502281506614e+01 3.826480682531712557e-02
1.056562604834128649e+01 3.832721848333198178e-02
1.057524707386750684e+01 3.839876517683282059e-02
1.058486809939372719e+01 3.847290195290627157e-02
1.059448912491994932e+01 3.854455137561264150e-02
1.060411015044616967e+01 3.861196989449871414e-02
1.061373117597239002e+01 3.867393593369393423e-02
1.062335220149861037e+01 3.873077155537834465e-02
1.063297322702483072e+01 3.878522936335961069e-02
1.064259425255105285e+01 3.884026407310437606e-02
1.065221527807727320e+01 3.889861110812537631e-02
1.066183630360349355e+01 3.896277801715402472e-02
1.067145732912971390e+01 3.903481503037366934e-02
1.068107835465593602e+01 3.911122760717862523e-02
1.069069938018215637e+01 3.918476195259449485e-02
1.070032040570837673e+01 3.924913712161887808e-02
1.070994143123459708e+01 3.930521655306435519e-02
1.071956245676081743e+01 3.935686013241162379e-02
1.072918348228703955e+01 3.940762164829941100e-02
1.073880450781325990e+01 3.945981045346914906e-02
1.074842553333948025e+01 3.951543184438473244e-02
1.075804655886570060e+01 3.957649233937184097e-02
1.076766758439192095e+01 3.964499928570739545e-02
1.077728860991814308e+01 3.972278701301980991e-02
1.078690963544436343e+01 3.980468293571513827e-02
1.079653066097058378e+01 3.987625138638443284e-02
1.080615168649680413e+01 3.992362309559812500e-02
1.081577271202302626e+01 3.995118491272076078e-02
1.082539373754924661e+01 3.997749178039110979e-02
1.083501476307546696e+01 4.001975312866238449e-02
1.084463578860168731e+01 4.008268715430026580e-02
1.085425681412790766e+01 4.016553177088904442e-02
1.086387783965412979e+01 4.026373842116393736e-02
1.087349886518035014e+01 4.035887863219086991e-02
1.088311989070657049e+01 4.042945039360325288e-02
1.089274091623279084e+01 4.046797812773137576e-02
1.090236194175901119e+01 4.049414078755077945e-02
1.091198296728523331e+01 4.053011321337308265e-02
1.092160399281145367e+01 4.058267878373263138e-02
1.093122501833767402e+01 4.064253936253841432e-02
1.094084604386389437e+01 4.070045437141358441e-02
1.095046706939011649e+01 4.075456183029786683e-02
1.096008809491633684e+01 4.080708601205908920e-02
1.096970912044255719e+01 4.086028404102478445e-02
1.097933014596877754e+01 4.091640644970438723e-02
1.098895117149499789e+01 4.097768296431975044e-02
1.099857219702122002e+01 4.104367806555961340e-02
1.100819322254744037e+01 4.110830943765411000e-02
1.101781424807366072e+01 4.116505365798656113e-02
1.102743527359988107e+01 4.121431184803409087e-02
1.103705629912610142e+01 4.126386558019178030e-02
1.104667732465232355e+01 4.132107674943328451e-02
1.105629835017854390e+01 4.138652569274403614e-02
1.106591937570476425e+01 4.145734663936257586e-02
1.107554040123098460e+01 4.153018111487474101e-02
1.108516142675720673e+01 4.159940245906021405e-02
1.109478245228342708e+01 4.165889724459981985e-02
1.110440347780964743e+01 4.170704171242906738e-02
1.111402450333586778e+01 4.175004667844339074e-02
1.112364552886208813e+01 4.179478197419841945e-02
1.113326655438831025e+01 4.184448092165963390e-02
1.114288757991453060e+01 4.189931560919473580e-02
1.115250860544075096e+01 4.195906769363621364e-02
1.116212963096697131e+01 4.202162190236675976e-02
1.117175065649319343e+01 4.208413863115204739e-02
1.118137168201941378e+01 4.214376937488215069e-02
1.119099270754563413e+01 4.219766354468570957e-02
1.120061373307185448e+01 4.224317247812069132e-02
1.121023475859807483e+01 4.228313819392898881e-02
1.121985578412429696e+01 4.232645703137108417e-02
1.122947680965051731e+01 4.238083638238695355e-02
1.123909783517673766e+01 4.244170522341758622e-02
1.124871886070295801e+01 4.249854856727508512e-02
1.125833988622917836e+01 4.254481437554263196e-02
1.126796091175540049e+01 4.258625147783953735e-02
1.127758193728162084e+01 4.263084688334725647e-02
1.128720296280784119e+01 4.268240149067315664e-02
1.129682398833406154e+01 4.273942554092934748e-02
1.130644501386028367e+01 4.280009318339447061e-02
1.131606603938650402e+01 4.286258336263446683e-02
1.132568706491272437e+01 4.292508016018429379e-02
1.133530809043894472e+01 4.298659925509180912e-02
1.134492911596516507e+01 4.304882777011673212e-02
1.135455014149138719e+01 4.311392131686578311e-02
1.136417116701760754e+01 4.318175825392593647e-02
1.137379219254382789e+01 4.324935980571502359e-02
1.138341321807004825e+01 4.331357460347823318e-02
1.139303424359626860e+01 4.337126176629290536e-02
1.140265526912249072e+01 4.341929020500627512e-02
1.141227629464871107e+01 4.345683133309881374e-02
1.142189732017493142e+01 4.348970597765949159e-02
1.143151834570115177e+01 4.352484391019736248e-02
1.144113937122737390e+01 4.356699558712810033e-02
1.145076039675359425e+01 4.361855481395630896e-02
1.146038142227981460e+01 4.368013379380368544e-02
1.147000244780603495e+01 4.374109017357795393e-02
1.147962347333225530e+01 4.378619702664907076e-02
1.148924449885847743e+01 4.381082516334252469e-02
1.149886552438469778e+01 4.383420913034624666e-02
1.150848654991091813e+01 4.387779262512594980e-02
1.151810757543713848e+01 4.394310540922898717e-02
1.152772860096336061e+01 4.401523954607204636e-02
1.153734962648958096e+01 4.408107283554063560e-02
1.154697065201580131e+01 4.413762006921574665e-02
1.155659167754202166e+01 4.418482735416154328e-02
1.156621270306824201e+01 4.422435856852136721e-02
1.157583372859446413e+01 4.426041264484861099e-02
1.158545475412068448e+01 4.429738944603335560e-02
1.159507577964690483e+01 4.433968727174657926e-02
1.160469680517312518e+01 4.439169536953301021e-02
1.161431783069934554e+01 4.445363943354085218e-02
1.162393885622556766e+01 4.451452206845676191e-02
1.163355988175178801e+01 4.456238208246221522e-02
1.164318090727800836e+01 4.460292938214192870e-02
1.165280193280422871e+01 4.465796071182172311e-02
1.166242295833045084e+01 4.474133952021083077e-02
1.167204398385667119e+01 4.482669230727572701e-02
1.168166500938289154e+01 4.487641490852090076e-02
1.169128603490911189e+01 4.488335700251128157e-02
1.170090706043533224e+01 4.488432023375461821e-02
1.171052808596155437e+01 4.491475504155500315e-02
1.172014911148777472e+01 4.497237159136321244e-02
1.172977013701399507e+01 4.503703457536064464e-02
1.173939116254021542e+01 4.509524874333004779e-02
1.174901218806643577e+01 4.514833438917837533e-02
1.175863321359265790e+01 4.519944971815839652e-02
1.176825423911887825e+01 4.525002388113406881e-02
1.177787526464509860e+01 4.530027528392331637e-02
1.178749629017131895e+01 4.535039561711076000e-02
1.179711731569754107e+01 4.540057496878560639e-02
1.180673834122376142e+01 4.545100173563716706e-02
1.181635936674998177e+01 4.550186203871897650e-02
1.182598039227620212e+01 4.555333864979951852e-02
1.183560141780242247e+01 4.560491087172087454e-02
1.184522244332864460e+01 4.565293217819992727e-02
1.185484346885486495e+01 4.569300921179117458e-02
1.186446449438108530e+01 4.572466755922029863e-02
1.187408551990730565e+01 4.575231144523016907e-02
1.188370654543352600e+01 4.578050513611180150e-02
1.189332757095974813e+01 4.581297593152561243e-02
1.190294859648596848e+01 4.585307499847721818e-02
1.191256962201218883e+01 4.590022712326800175e-02
1.192219064753840918e+01 4.594783407371183515e-02
1.193181167306463131e+01 4.598986688480082713e-02
1.194143269859085166e+01 4.602798911583359104e-02
1.195105372411707201e+01 4.606724917490687826e-02
1.196067474964329236e+01 4.611062413843305258e-02
1.197029577516951271e+01 4.615731003099190349e-02
1.197991680069573484e+01 4.620610067336618221e-02
1.198953782622195519e+01 4.625578724474971315e-02
1.199915885174817554e+01 4.630516728250180097e-02
1.200877987727439589e+01 4.635394526124973075e-02
1.201840090280061801e+01 4.640365692463718772e-02
1.202802192832683836e+01 4.645551792237805067e-02
1.203764295385305871e+01 4.650548658920757028e-02
1.204726397937927906e+01 4.654665959642018819e-02
1.205688500490549941e+01 4.657748441623540264e-02
1.206650603043172154e+01 4.660776295291055998e-02
1.207612705595794189e+01 4.664768289175602600e-02
1.208574808148416224e+01 4.669712156814764120e-02
1.209536910701038259e+01 4.675017214803452864e-02
1.210499013253660294e+01 4.680086305361182836e-02
1.211461115806282507e+01 4.684322177243355895e-02
1.212423218358904542e+01 4.687222268497043959e-02
1.213385320911526577e+01 4.689163088425339632e-02
1.214347423464148612e+01 4.690995518972081169e-02
1.215309526016770825e+01 4.693301556890833864e-02
1.216271628569392860e+01 4.696124186721045701e-02
1.217233731122014895e+01 4.699443418264950822e-02
1.218195833674636930e+01 4.703239494565206874e-02
1.219157936227258965e+01 4.707492985039803818e-02
1.220120038779881178e+01 4.712184812198771944e-02
1.221082141332503213e+01 4.717296211315270132e-02
1.222044243885125248e+01 4.722772076079022330e-02
1.223006346437747283e+01 4.728298922254069170e-02
1.223968448990369318e+01 4.733452419243113635e-02
1.224930551542991530e+01 4.737862071793201568e-02
1.225892654095613565e+01 4.741240154798387341e-02
1.226854756648235600e+01 4.743456179860981725e-02
1.227816859200857635e+01 4.745225718190228259e-02
1.228778961753479848e+01 4.747544484365887052e-02
1.229741064306101883e+01 4.750835278792680388e-02
1.230703166858723918e+01 4.754826677750299130e-02
1.231665269411345953e+01 4.759203060685818915e-02
1.232627371963967988e+01 4.763641974885737818e-02
1.233589474516590201e+01 4.767832134550984563e-02
1.234551577069212236e+01 4.771688895871441932e-02
1.235513679621834271e+01 4.775338113587938166e-02
1.236475782174456306e+01 4.778913541784501201e-02
1.237437884727078341e+01 4.782548616699251048e-02
1.238399987279700554e+01 4.786370747014871696e-02
1.239362089832322589e+01 4.790436528074112910e-02
1.240324192384944624e+01 4.794752837562141906e-02
1.241286294937566659e+01 4.799045864101800923e-02
1.242248397490188871e+01 4.802436331391234797e-02
1.243210500042810907e+01 4.804218105717476123e-02
1.244172602595432942e+01 4.805649656926613139e-02
1.245134705148054977e+01 4.808887974294007855e-02
1.246096807700677012e+01 4.814395841346551935e-02
1.247058910253299224e+01 4.820143156032640624e-02
1.248021012805921259e+01 4.824302069433287349e-02
1.248983115358543294e+01 4.827005468053256754e-02
1.249945217911165329e+01 4.828990297945998100e-02
1.250907320463787542e+01 4.831072040795500455e-02
1.251869423016409577e+01 4.834137912337398146e-02
1.252831525569031612e+01 4.838646582685305481e-02
1.253793628121653647e+01 4.843799808542098573e-02
1.254755730674275682e+01 4.848572895428835544e-02
1.255717833226897895e+01 4.851943342293781741e-02
1.256679935779519930e+01 4.852910171146147117e-02
1.257642038332141965e+01 4.852140309609114660e-02
1.258604140884764000e+01 4.853165103000133679e-02
1.259566243437386035e+01 4.858813508752823918e-02
1.260528345990008248e+01 4.866535072964632558e-02
1.261490448542630283e+01 4.872100640631114865e-02
1.262452551095252318e+01 4.874523352480818195e-02
1.263414653647874353e+01 4.876027157212688146e-02
1.264376756200496565e+01 4.878201348253156933e-02
1.265338858753118600e+01 4.880444388455815879e-02
1.266300961305740636e+01 4.881913451317507896e-02
1.267263063858362671e+01 4.883036438524900047e-02
1.268225166410984706e+01 4.884917117460326613e-02
1.269187268963606918e+01 4.887841884738244880e-02
1.270149371516228953e+01 4.890863294613934792e-02
1.271111474068850988e+01 4.893184118074952321e-02
1.272073576621473023e+01 4.895099235099276830e-02
1.273035679174095058e+01 4.897200890507618504e-02
1.273997781726717271e+01 4.900081031367138629e-02
1.274959884279339306e+01 4.904326223700989501e-02
1.275921986831961341e+01 4.909775154569482464e-02
1.276884089384583376e+01 4.914734878525341133e-02
1.277846191937205589e+01 4.917731836131764012e-02
1.278808294489827624e+01 4.919727153605461117e-02
1.279770397042449659e+01 4.922516967906346436e-02
1.280732499595071694e+01 4.926399794869885940e-02
1.281694602147693729e+01 4.930203364499317897e-02
1.282656704700315942e+01 4.933127314936593816e-02
1.283618807252937977e+01 4.935481587363601402e-02
1.284580909805560012e+01 4.937751333280725186e-02
1.285543012358182047e+01 4.940421751427015451e-02
1.286505114910804259e+01 4.943948027377689791e-02
1.287467217463426294e+01 4.947914747242025679e-02
1.288429320016048329e+01 4.950922660708614170e-02
1.289391422568670365e+01 4.952104711844223378e-02
1.290353525121292400e+01 4.952283193438525993e-02
1.291315627673914612e+01 4.952583522104197361e-02
1.292277730226536647e+01 4.954131265417937441e-02
1.293239832779158682e+01 4.957993394996297598e-02
1.294201935331780717e+01 4.963372533979316242e-02
1.295164037884402752e+01 4.967268729690255818e-02
1.296126140437024965e+01 4.967921288602199226e-02
1.297088242989647000e+01 4.967569446191624077e-02
1.298050345542269035e+01 4.968844781413200851e-02
1.299012448094891070e+01 4.971716122858153841e-02
1.299974550647513283e+01 4.974910105967032120e-02
1.300936653200135318e+01 4.977892117519696485e-02
1.301898755752757353e+01 4.980965501818597485e-02
1.302860858305379388e+01 4.984255297201570928e-02
1.303822960858001423e+01 4.987294481158133230e-02
1.304785063410623636e+01 4.989604086457967436e-02
1.305747165963245671e+01 4.991279434794009678e-02
1.306709268515867706e+01 4.992651678208199356e-02
1.307671371068489741e+01 4.993932931008501774e-02
1.308633473621111776e+01 4.995219175501326020e-02
1.309595576173733988e+01 4.996602884953803975e-02
1.310557678726356023e+01 4.998178220369155905e-02
1.311519781278978058e+01 5.000086514231725371e-02
1.312481883831600094e+01 5.002718978083552093e-02
1.313443986384222306e+01 5.006466724115857247e-02
1.314406088936844341e+01 5.010490288592484714e-02
1.315368191489466376e+01 5.013034455227203395e-02
1.316330294042088411e+01 5.013706431327547008e-02
1.317292396594710446e+01 5.014412256383444372e-02
1.318254499147332659e+01 5.016396154779296374e-02
1.319216601699954694e+01 5.017529225284496353e-02
1.320178704252576729e+01 5.015458203180837155e-02
1.321140806805198764e+01 5.013313295226524968e-02
1.322102909357820799e+01 5.017038216437631065e-02
1.323065011910443012e+01 5.026743338245594911e-02
1.324027114463065047e+01 5.035752034499496599e-02
1.324989217015687082e+01 5.039391951088029176e-02
1.325951319568309117e+01 5.038873283380575913e-02
1.326913422120931330e+01 5.036298580456884805e-02
1.327875524673553365e+01 5.033771002087591984e-02
1.328837627226175400e+01 5.033279610105419882e-02
1.329799729778797435e+01 5.035193214508477261e-02
1.330761832331419470e+01 5.038663388514684482e-02
1.331723934884041682e+01 5.041760762991164685e-02
1.332686037436663717e+01 5.040971247306853115e-02
1.333648139989285752e+01 5.035313286882170392e-02
1.334610242541907787e+01 5.032193110968157662e-02
1.335572345094530000e+01 5.038986620610415995e-02
1.336534447647152035e+01 5.051396344538278127e-02
1.337496550199774070e+01 5.060499872489538503e-02
1.338458652752396105e+01 5.063228018008428949e-02
1.339420755305018140e+01 5.061519054846617266e-02
1.340382857857640353e+01 5.057775691812555624e-02
1.341344960410262388e+01 5.054906028694076264e-02
1.342307062962884423e+01 5.055032024770947374e-02
1.343269165515506458e+01 5.057460917080822127e-02
1.344231268068128493e+01 5.060906544575151378e-02
1.345193370620750706e+01 5.064082721630734640e-02
1.346155473173372741e+01 5.065756722576142401e-02
1.347117575725994776e+01 5.065614891624966448e-02
1.348079678278616811e+01 5.064127347077472530e-02
1.349041780831239024e+01 5.062481345757691154e-02
1.350003883383861059e+01 5.062954105801941579e-02
1.350965985936483094e+01 5.066609118241921506e-02
1.351928088489105129e+01 5.070517948989513440e-02
1.352890191041727164e+01 5.071564957499131304e-02
1.353852293594349376e+01 5.070137496436005753e-02
1.354814396146971411e+01 5.067951412468047617e-02
1.355776498699593446e+01 5.066725071770802197e-02
1.356738601252215481e+01 5.068135838571626722e-02
1.357700703804837516e+01 5.072310110754561785e-02
1.358662806357459729e+01 5.077385428128339956e-02
1.359624908910081764e+01 5.081865974105233275e-02
1.360587011462703799e+01 5.085420453444972066e-02
1.361549114015325834e+01 5.087884038157593908e-02
1.362511216567948047e+01 5.089091812513026752e-02
1.363473319120570082e+01 5.088878743925396436e-02
1.364435421673192117e+01 5.087079641710563760e-02
1.365397524225814152e+01 5.083643622073660828e-02
1.366359626778436187e+01 5.080737799704682783e-02
1.367321729331058400e+01 5.082469040797364668e-02
1.368283831883680435e+01 5.088768385597156052e-02
1.369245934436302470e+01 5.092930409644071121e-02
1.370208036988924505e+01 5.090903819391546375e-02
1.371170139541546540e+01 5.087553587692181245e-02
1.372132242094168753e+01 5.087882492765161829e-02
1.373094344646790788e+01 5.089911521957039831e-02
1.374056447199412823e+01 5.089899198356175741e-02
1.375018549752034858e+01 5.088005764023734168e-02
1.375980652304657070e+01 5.086464995531769784e-02
1.376942754857279105e+01 5.086196767517731782e-02
1.377904857409901140e+01 5.086886536820473675e-02
1.378866959962523175e+01 5.088172230706084626e-02
1.379829062515145210e+01 5.089690714650364073e-02
1.380791165067767423e+01 5.091078251865063797e-02
1.381753267620389458e+01 5.091970896414765857e-02
1.382715370173011493e+01 5.092154230000915660e-02
1.383677472725633528e+01 5.092071346551345357e-02
1.384639575278255741e+01 5.092348605916403870e-02
1.385601677830877776e+01 5.093614500784036242e-02
1.386563780383499811e+01 5.096347531641728934e-02
1.387525882936121846e+01 5.098880815229539509e-02
1.388487985488743881e+01 5.098064488134349675e-02
1.389450088041366094e+01 5.094525135253896025e-02
1.390412190593988129e+01 5.093366554179828282e-02
1.391374293146610164e+01 5.096770367733405305e-02
1.392336395699232199e+01 5.100980979291013656e-02
1.393298498251854234e+01 5.102752407727428191e-02
1.394260600804476447e+01 5.102312031305797357e-02
1.395222703357098482e+01 5.100535645910739962e-02
1.396184805909720517e+01 5.098299902960092694e-02
1.397146908462342552e+01 5.096482264665889300e-02
1.398109011014964764e+01 5.095959282448781630e-02
1.399071113567586799e+01 5.097428085978935458e-02
1.400033216120208834e+01 5.099085414151931228e-02
1.400995318672830869e+01 5.097432225055435057e-02
1.401957421225452904e+01 5.093237176025417617e-02
1.402919523778075117e+01 5.092027358568794460e-02
1.403881626330697152e+01 5.095579294597891995e-02
1.404843728883319187e+01 5.098988097204398828e-02
1.405805831435941222e+01 5.099035708696293689e-02
1.406767933988563257e+01 5.098326629002299798e-02
1.407730036541185470e+01 5.099338689359055737e-02
1.408692139093807505e+01 5.100574124811649984e-02
1.409654241646429540e+01 5.099974961605744511e-02
1.410616344199051575e+01 5.097870194618923240e-02
1.411578446751673788e+01 5.095468430259800924e-02
1.412540549304295823e+01 5.093979665960458869e-02
1.413502651856917858e+01 5.094487838724126583e-02
1.414464754409539893e+01 5.096141904560470837e-02
1.415426856962161928e+01 5.096625397344062280e-02
1.416388959514784140e+01 5.095013905174276825e-02
1.417351062067406176e+01 5.091981955713460739e-02
1.418313164620028211e+01 5.088446571521947764e-02
1.419275267172650246e+01 5.085562285182078368e-02
1.420237369725272458e+01 5.084106627615761487e-02
1.421199472277894493e+01 5.083979004649984146e-02
1.422161574830516528e+01 5.084962142772943283e-02
1.423123677383138563e+01 5.086836922797752236e-02
1.424085779935760598e+01 5.089275187317555960e-02
1.425047882488382811e+01 5.091484207177520566e-02
1.426009985041004846e+01 5.092698400253110186e-02
1.426972087593626881e+01 5.093079247193400133e-02
1.427934190146248916e+01 5.093150751996027709e-02
1.428896292698870951e+01 5.093438216776816768e-02
1.429858395251493164e+01 5.094306556482057491e-02
1.430820497804115199e+01 5.093842151805939855e-02
1.431782600356737234e+01 5.088719804706105104e-02
1.432744702909359269e+01 5.081589478309858632e-02
1.433706805461981482e+01 5.080793059766060965e-02
1.434668908014603517e+01 5.086357577385341305e-02
1.435631010567225552e+01 5.087298279868274209e-02
1.436593113119847587e+01 5.079347394282356098e-02
1.437555215672469622e+01 5.070931872640748600e-02
1.438517318225091834e+01 5.068235245873467520e-02
1.439479420777713869e+01 5.069622654423155961e-02
1.440441523330335905e+01 5.072398867853295662e-02
1.441403625882957940e+01 5.073876736143827226e-02
1.442365728435579975e+01 5.072247686132069083e-02
1.443327830988202187e+01 5.069117495138995844e-02
1.444289933540824222e+01 5.066924723979212425e-02
1.445252036093446257e+01 5.068108747862667962e-02
1.446214138646068292e+01 5.074193126236016538e-02
1.447176241198690505e+01 5.080513949689588471e-02
1.448138343751312540e+01 5.080678336112581100e-02
1.449100446303934575e+01 5.075670342530370222e-02
1.450062548856556610e+01 5.070142411489978601e-02
1.451024651409178645e+01 5.066240043277444455e-02
1.451986753961800858e+01 5.064392488217475674e-02
1.452948856514422893e+01 5.064239785024385321e-02
1.453910959067044928e+01 5.064806142286541746e-02
1.454873061619666963e+01 5.065098237491750394e-02
1.455835164172288998e+01 5.064152579944736915e-02
1.456797266724911211e+01 5.061980947008228038e-02
1.457759369277533246e+01 5.059750942760428416e-02
1.458721471830155281e+01 5.058137641102763288e-02
1.459683574382777316e+01 5.057006656791913218e-02
1.460645676935399528e+01 5.056160479573827693e-02
1.461607779488021563e+01 5.055401493013999409e-02
1.462569882040643598e+01 5.054532007774916597e-02
1.463531984593265634e+01 5.053355458777366443e-02
1.464494087145887669e+01 5.052082421152864766e-02
1.465456189698509881e+01 5.051926207619107656e-02
1.466418292251131916e+01 5.053314569344007773e-02
1.467380394803753951e+01 5.053930980351625801e-02
1.468342497356375986e+01 5.051783042081033070e-02
1.469304599908998199e+01 5.047729232542438188e-02
1.470266702461620234e+01 5.043245748614220980e-02
1.471228805014242269e+01 5.039810435787776127e-02
1.472190907566864304e+01 5.038618087592544592e-02
1.473153010119486339e+01 5.039524564957600233e-02
1.474115112672108552e+01 5.041876951135217111e-02
1.475077215224730587e+01 5.044380583793951073e-02
1.476039317777352622e+01 5.045520571666248233e-02
1.477001420329974657e+01 5.043782170284737132e-02
1.477963522882596692e+01 5.038164309825621939e-02
1.478925625435218905e+01 5.031432294185719800e-02
1.479887727987840940e+01 5.027453835116249548e-02
1.480849830540462975e+01 5.025313747437613193e-02
1.481811933093085010e+01 5.022028887539155273e-02
1.482774035645707222e+01 5.017352126293589398e-02
1.483736138198329257e+01 5.012533735352970449e-02
1.484698240750951292e+01 5.008836319498290862e-02
1.485660343303573327e+01 5.007521974786938862e-02
1.486622445856195363e+01 5.009853857318125048e-02
1.487584548408817575e+01 5.016796820370381105e-02
1.488546650961439610e+01 5.025333317566446634e-02
1.489508753514061645e+01 5.029898728621363946e-02
1.490470856066683680e+01 5.028975649048444269e-02
1.491432958619305715e+01 5.024175012055590028e-02
1.492395061171927928e+01 5.017185762035499680e-02
1.493357163724549963e+01 5.009697073260357264e-02
1.494319266277171998e+01 5.003398624125393601e-02
1.495281368829794033e+01 4.999889205275876575e-02
1.496243471382416246e+01 4.999011214838162270e-02
1.497205573935038281e+01 4.999017351969892858e-02
1.498167676487660316e+01 4.998036056535923310e-02
1.499129779040282351e+01 4.994290625499352154e-02
1.500091881592904386e+01 4.989516304899755533e-02
1.501053984145526599e+01 4.988641305738193005e-02
1.502016086698148634e+01 4.991051628280767510e-02
1.502978189250770669e+01 4.990597114380716792e-02
1.503940291803392704e+01 4.985438853097950984e-02
1.504902394356014739e+01 4.978395893810000361e-02
1.505864496908636951e+01 4.971514409433185760e-02
1.506826599461258986e+01 4.965808802759414525e-02
1.507788702013881021e+01 4.962246822270929142e-02
1.508750804566503056e+01 4.961752969361257065e-02
1.509712907119125269e+01 4.964129046311450272e-02
1.510675009671747304e+01 4.967987521514014015e-02
1.511637112224369339e+01 4.971781120219133376e-02
1.512599214776991374e+01 4.973886757446716045e-02
1.513561317329613409e+01 4.973515250957884909e-02
1.514523419882235622e+01 4.970781752398923531e-02
1.515485522434857657e+01 4.966604380486509124e-02
1.516447624987479692e+01 4.962640563511323127e-02
1.517409727540101727e+01 4.959609350557364627e-02
1.518371830092723940e+01 4.957255333309934509e-02
1.519333932645345975e+01 4.955280399382409884e-02
1.520296035197968010e+01 4.953392593737361571e-02
1.521258137750590045e+01 4.951428653814499842e-02
1.522220240303212080e+01 4.949345657655251224e-02
1.523182342855834293e+01 4.947105551523684613e-02
1.524144445408456328e+01 4.944670417070481938e-02
1.525106547961078363e+01 4.942002186536573194e-02
1.526068650513700398e+01 4.939113448987211830e-02
1.527030753066322433e+01 4.936833771795075265e-02
1.527992855618944645e+01 4.936396429155117532e-02
1.528954958171566680e+01 4.935372658345379970e-02
1.529917060724188715e+01 4.929295279496920257e-02
1.530879163276810750e+01 4.923257886714606235e-02
1.531841265829432963e+01 4.927665861182439072e-02
1.532803368382054998e+01 4.936023157581117399e-02
1.533765470934677033e+01 4.932544624497546548e-02
1.534727573487299068e+01 4.920070599303819764e-02
1.535689676039921103e+01 4.911571000214846189e-02
1.536651778592543316e+01 4.909488636166666614e-02
1.537613881145165351e+01 4.910428182615322185e-02
1.538575983697787386e+01 4.910942424733627520e-02
1.539538086250409421e+01 4.908281899098342060e-02
1.540500188803031456e+01 4.904680603839783881e-02
1.541462291355653669e+01 4.903675022694880398e-02
1.542424393908275704e+01 4.903076019473533165e-02
1.543386496460897739e+01 4.899317399860354111e-02
1.544348599013519774e+01 4.893728181525203863e-02
1.545310701566141987e+01 4.888918708818600772e-02
1.546272804118764022e+01 4.885460590332792175e-02
1.547234906671386057e+01 4.883308458527781115e-02
1.548197009224008092e+01 4.882417773234301595e-02
1.549159111776630127e+01 4.882353699394875735e-02
1.550121214329252339e+01 4.881298573842519917e-02
1.551083316881874374e+01 4.877900397916897640e-02
1.552045419434496409e+01 4.873147293490763532e-02
1.553007521987118444e+01 4.868470037716214616e-02
1.553969624539740657e+01 4.865300395866916511e-02
1.554931727092362692e+01 4.865075540544583355e-02
1.555893829644984727e+01 4.869205121222883875e-02
1.556855932197606762e+01 4.875543406984677447e-02
1.557818034750228797e+01 4.875337242899763224e-02
1.558780137302851010e+01 4.865791864194924515e-02
1.559742239855473045e+01 4.854702025619125894e-02
1.560704342408095080e+01 4.846994726053862473e-02
1.561666444960717115e+01 4.842467202626069001e-02
1.562628547513339150e+01 4.840556598646388042e-02
1.563590650065961363e+01 4.840673084098644219e-02
1.564552752618583398e+01 4.841674780706427261e-02
1.565514855171205433e+01 4.841975291080406751e-02
1.566476957723827468e+01 4.841093052650853601e-02
1.567439060276449680e+01 4.839422435499653175e-02
1.568401162829071716e+01 4.837380860452032000e-02
1.569363265381693751e+01 4.835385263911615161e-02
1.570325367934315786e+01 4.833851353917995031e-02
1.571287470486937821e+01 4.833000120855284604e-02
1.572249573039560033e+01 4.831736172534405876e-02
1.573211675592182068e+01 4.828420738626430786e-02
1.574173778144804103e+01 4.821414382512983349e-02
1.575135880697426138e+01 4.810671701502127612e-02
1.576097983250048173e+01 4.802839154573568248e-02
1.577060085802670386e+01 4.803299397851100438e-02
1.578022188355292421e+01 4.807643152488763616e-02
1.578984290907914456e+01 4.810804038738482336e-02
1.579946393460536491e+01 4.810975084619786846e-02
1.580908496013158704e+01 4.807867315522047075e-02
1.581870598565780739e+01 4.803178095716314350e-02
1.582832701118402774e+01 4.798832987913471959e-02
1.583794803671024809e+01 4.796668297253042085e-02
1.584756906223646844e+01 4.795735877174765044e-02
1.585719008776269057e+01 4.792033281941073669e-02
1.586681111328891092e+01 4.785859781260162760e-02
1.587643213881513127e+01 4.781393536744837913e-02
1.588605316434135162e+01 4.779737701438285802e-02
1.589567418986757197e+01 4.779702819219520948e-02
1.590529521539379409e+01 4.780050043903739249e-02
1.591491624092001445e+01 4.779540584075277210e-02
1.592453726644623480e+01 4.776936028499710607e-02
1.593415829197245515e+01 4.771661218261559478e-02
1.594377931749867727e+01 4.766320834413113189e-02
1.595340034302489762e+01 4.763400396650841612e-02
1.596302136855111797e+01 4.761661213544166743e-02
1.597264239407733832e+01 4.759056530976470134e-02
1.598226341960355867e+01 4.753562780596483350e-02
1.599188444512978080e+01 4.745720192401422372e-02
1.600150547065599937e+01 4.740753128258018423e-02
1.601112649618222150e+01 4.740981398785710371e-02
1.602074752170844008e+01 4.744036175928698085e-02
1.603036854723466220e+01 4.747208491272156272e-02
1.603998957276088433e+01 4.747930246427286421e-02
1.604961059828710290e+01 4.745583278902359980e-02
1.605923162381332503e+01 4.740989493547725919e-02
1.606885264933954360e+01 4.735004044715151322e-02
1.607847367486576573e+01 4.728481750662236194e-02
1.608809470039198786e+01 4.722277264309587136e-02
1.609771572591820643e+01 4.717086725485094417e-02
1.610733675144442856e+01 4.712936513652166148e-02
1.611695777697064713e+01 4.709676034200636213e-02
1.612657880249686926e+01 4.707154644564629647e-02
1.613619982802309138e+01 4.705221672700084234e-02
1.614582085354930996e+01 4.703726426675711864e-02
1.615544187907553209e+01 4.702518196398283029e-02
1.616506290460175421e+01 4.701447641735008454e-02
1.617468393012797279e+01 4.700397496300318112e-02
1.618430495565419491e+01 4.699280971466607282e-02
1.619392598118041349e+01 4.697991634760487895e-02
1.620354700670663561e+01 4.696408422890346879e-02
1.621316803223285774e+01 4.694410130616311766e-02
1.622278905775907631e+01 4.691875549703902748e-02
1.623241008328529844e+01 4.688683156471489671e-02
1.624203110881151702e+01 4.684754643275700070e-02
1.625165213433773914e+01 4.680162621895963410e-02
1.626127315986396127e+01 4.675013689550562568e-02
1.627089418539017984e+01 4.669434294405918479e-02
1.628051521091640197e+01 4.664629255670739438e-02
1.629013623644262054e+01 4.663305111811624076e-02
1.629975726196884267e+01 4.664704835526651411e-02
1.630937828749506480e+01 4.664606971457254531e-02
1.631899931302128337e+01 4.662202231316356360e-02
1.632862033854750550e+01 4.659057432551705347e-02
1.633824136407372407e+01 4.655691322196439663e-02
1.634786238959994620e+01 4.652108740571651857e-02
1.635748341512616832e+01 4.648311469347769093e-02
1.636710444065238690e+01 4.644349878163179374e-02
1.637672546617860903e+01 4.640420779252468764e-02
1.638634649170482760e+01 4.636748509198419105e-02
1.639596751723104973e+01 4.633557367307682834e-02
1.640558854275727185e+01 4.631071591463819387e-02
1.641520956828349043e+01 4.629515329315595645e-02
1.642483059380971255e+01 4.629112604504969503e-02
1.643445161933593468e+01 4.629832476053070967e-02
1.644407264486215325e+01 4.629308313678030112e-02
1.645369367038837538e+01 4.624940142810993887e-02
1.646331469591459395e+01 4.619645412670757290e-02
1.647293572144081608e+01 4.616868431811904649e-02
1.648255674696703821e+01 4.615661456692995296e-02
1.649217777249325678e+01 4.614178091667581194e-02
1.650179879801947891e+01 4.610626143291499807e-02
1.651141982354569748e+01 4.605256912100558903e-02
1.652104084907191961e+01 4.600823488733121747e-02
1.653066187459814174e+01 4.598261874246342001e-02
1.654028290012436031e+01 4.596879792297910161e-02
1.654990392565058244e+01 4.595935068778751048e-02
1.655952495117680101e+01 4.594686711093012854e-02
1.656914597670302314e+01 4.592396954817033750e-02
1.657876700222924526e+01 4.588657085202717256e-02
1.658838802775546384e+01 4.584002628138512947e-02
1.659800905328168596e+01 4.579137628918938246e-02
1.660763007880790454e+01 4.574750952622873290e-02
1.661725110433412667e+01 4.571141743750226083e-02
1.662687212986034879e+01 4.568190423461337274e-02
1.663649315538656737e+01 4.565756806976471738e-02
1.664611418091278949e+01 4.563700757194688595e-02
1.665573520643901162e+01 4.561882183397294316e-02
1.666535623196523019e+01 4.560161030229679252e-02
1.667497725749145232e+01 4.558397256867221387e-02
1.668459828301767089e+01 4.556450806271700876e-02
1.669421930854389302e+01 4.554181564460970527e-02
1.670384033407011515e+01 4.551449309747198496e-02
1.671346135959633372e+01 4.548113651947621044e-02
1.672308238512255585e+01 4.544033961637115177e-02
1.673270341064877442e+01 4.539196521869128670e-02
1.674232443617499655e+01 4.534518444289799277e-02
1.675194546170121868e+01 4.531331703913655390e-02
1.676156648722743725e+01 4.530958081744618920e-02
1.677118751275365938e+01 4.532493729282849326e-02
1.678080853827987795e+01 4.530238196286680286e-02
1.679042956380610008e+01 4.523141935568456007e-02
1.680005058933231865e+01 4.516762570624539147e-02
1.680967161485854078e+01 4.513290303929734515e-02
1.681929264038476290e+01 4.511996362701584801e-02
1.682891366591098148e+01 4.512075251403097065e-02
1.683853469143720361e+01 4.512720004258952144e-02
1.684815571696342218e+01 4.513123778600972719e-02
1.685777674248964431e+01 4.512480631699189448e-02
1.686739776801586643e+01 4.510013500236013939e-02
1.687701879354208501e+01 4.505833270538676938e-02
1.688663981906830713e+01 4.501098984867431263e-02
1.689626084459452571e+01 4.497030199145008594e-02
1.690588187012074783e+01 4.494629896985622569e-02
1.691550289564696996e+01 4.493586116448133883e-02
1.692512392117318853e+01 4.493093811716459413e-02
1.693474494669941066e+01 4.492351027210569198e-02
1.694436597222563279e+01 4.490879741533172070e-02
1.695398699775185136e+01 4.488755924597581659e-02
1.696360802327807349e+01 4.486109903116991537e-02
1.697322904880429206e+01 4.483072127737251084e-02
1.698285007433051419e+01 4.479773185449422573e-02
1.699247109985673632e+01 4.476343790600328248e-02
1.700209212538295489e+01 4.472914754470017767e-02
1.701171315090917702e+01 4.469616933410835297e-02
1.702133417643539559e+01 4.466578142276774605e-02
1.703095520196161772e+01 4.463817402117476602e-02
1.704057622748783984e+01 4.461217145231063941e-02
1.705019725301405842e+01 4.458651128892685694e-02
1.705981827854028055e+01 4.455993182821321036e-02
1.706943930406649912e+01 4.453117281238177377e-02
1.707906032959272125e+01 4.449941535641591117e-02
1.708868135511894337e+01 4.446513451913770149e-02
1.709830238064516195e+01 4.442904134916161873e-02
1.710792340617138407e+01 4.439184662980404095e-02
1.711754443169760265e+01 4.435426100179428593e-02
1.712716545722382477e+01 4.431699506344086159e-02
1.713678648275004690e+01 4.428075944816756149e-02
1.714640750827626547e+01 4.424626487937125680e-02
1.715602853380248760e+01 4.421421345818338927e-02
1.716564955932870618e+01 4.418457759147082636e-02
1.717527058485492830e+01 4.415606137766969752e-02
1.718489161038115043e+01 4.412723931055089616e-02
1.719451263590736900e+01 4.409700407027281055e-02
1.720413366143359113e+01 4.406684302293129712e-02
1.721375468695981326e+01 4.403950078933737550e-02
1.722337571248603183e+01 4.401775415563626698e-02
1.723299673801225396e+01 4.400439212005761991e-02
1.724261776353847253e+01 4.400218505368258537e-02
1.725223878906469466e+01 4.401383512090242117e-02
1.726185981459091678e+01 4.403861592154657140e-02
1.727148084011713536e+01 4.404925601765701665e-02
1.728110186564335748e+01 4.401931722746036529e-02
1.729072289116957606e+01 4.397144534538355992e-02
1.730034391669579819e+01 4.392833258078462921e-02
1.730996494222202031e+01 4.389168813307665895e-02
1.731958596774823889e+01 4.386094320511472328e-02
1.732920699327446101e+01 4.383546976249137056e-02
1.733882801880067959e+01 4.381460223684238015e-02
1.734844904432690171e+01 4.379765558348108073e-02
1.735807006985312384e+01 4.378393976001374033e-02
1.736769109537934241e+01 4.377277065891207325e-02
1.737731212090556454e+01 4.376347750022224758e-02
1.738693314643178311e+01 4.375540667050666077e-02
1.739655417195800524e+01 4.374794523521249867e-02
1.740617519748422737e+01 4.374064084577464900e-02
1.741579622301044594e+01 4.373309932645064180e-02
1.742541724853666807e+01 4.372492327632780673e-02
1.743503827406289020e+01 4.371571236928720183e-02
1.744465929958910877e+01 4.370506377832018147e-02
1.745428032511533090e+01 4.369257256973101827e-02
1.746390135064154947e+01 4.367783206717110178e-02
1.747352237616777160e+01 4.366043418538034099e-02
1.748314340169399372e+01 4.363996973345418001e-02
1.749276442722021230e+01 4.361602868740618866e-02
1.750238545274643442e+01 4.358820043176097475e-02
1.751200647827265300e+01 4.355607396988706026e-02
1.752162750379887513e+01 4.351923810276717153e-02
1.753124852932509725e+01 4.347728157590222825e-02
1.754086955485131583e+01 4.342979319405747968e-02
1.755049058037753795e+01 4.337636190358296062e-02
1.756011160590375653e+01 4.331674416630927615e-02
1.756973263142997865e+01 4.325340885341694835e-02
1.757935365695620078e+01 4.319102545733256859e-02
1.758897468248241935e+01 4.313432793013959043e-02
1.759859570800864148e+01 4.308805100327234988e-02
1.760821673353486005e+01 4.305681312077241224e-02
1.761783775906108218e+01 4.304147359777262677e-02
1.762745878458730431e+01 4.303841475461596400e-02
1.763707981011352288e+01 4.304375702089810463e-02
1.764670083563974501e+01 4.305363905776041222e-02
1.765632186116596358e+01 4.306427085904074303e-02
1.766594288669218571e+01 4.307188002289431827e-02
1.767556391221840784e+01 4.307287877471777798e-02
1.768518493774462641e+01 4.306651740525794386e-02
1.769480596327084854e+01 4.305427175671908135e-02
1.770442698879707066e+01 4.303767718404830078e-02
1.771404801432328924e+01 4.301826914460298024e-02
1.772366903984951136e+01 4.299758339988585948e-02
1.773329006537572994e+01 4.297715614802409545e-02
1.774291109090195206e+01 4.295837013169499785e-02
1.775253211642817419e+01 4.294138710305363260e-02
1.776215314195439277e+01 4.292578692402745227e-02
1.777177416748061489e+01 4.291114581797202815e-02
1.778139519300683347e+01 4.289703994491838451e-02
1.779101621853305559e+01 4.288304540500734174e-02
1.780063724405927772e+01 4.286873824027397084e-02
1.781025826958549629e+01 4.285369443481183704e-02
1.781987929511171842e+01 4.283748991334566936e-02
1.782950032063793699e+01 4.281970053824023237e-02
1.783912134616415912e+01 4.279990210497364167e-02
1.784874237169038125e+01 4.277767033610514052e-02
1.785836339721659982e+01 4.275258087376967303e-02
1.786798442274282195e+01 4.272421118648953020e-02
1.787760544826904052e+01 4.269244531003277277e-02
1.788722647379526265e+01 4.265780810594101136e-02
1.789684749932148478e+01 4.262090493971622956e-02
1.790646852484770335e+01 4.258234134733351189e-02
1.791608955037392548e+01 4.254272304302651742e-02
1.792571057590014760e+01 4.250265592144394228e-02
1.793533160142636618e+01 4.246274605426166027e-02
1.794495262695258830e+01 4.242359968133536940e-02
1.795457365247880688e+01 4.238582319647443003e-02
1.796419467800502900e+01 4.235002312790651924e-02
1.797381570353125113e+01 4.231680611348886262e-02
1.798343672905746971e+01 4.228677887070076552e-02
1.799305775458369183e+01 4.226054816142814363e-02
1.800267878010991041e+01 4.223872075152085986e-02
1.801229980563613253e+01 4.222190336506883440e-02
1.802192083116235466e+01 4.221070263330388428e-02
1.803154185668857323e+01 4.220572503798849379e-02
1.804116288221479536e+01 4.220757684910170227e-02
1.805078390774101393e+01 4.221651146961211132e-02
1.806040493326723606e+01 4.222967049653736371e-02
1.807002595879345819e+01 4.224257547228902482e-02
1.807964698431967676e+01 4.225080658546574025e-02
1.808926800984589889e+01 4.225266655625460610e-02
1.809888903537211746e+01 4.224994203425403577e-02
1.810851006089833959e+01 4.224464820049865510e-02
1.811813108642456172e+01 4.223838319286298687e-02
1.812775211195078029e+01 4.223139309079340653e-02
1.813737313747700242e+01 4.222365123322985303e-02
1.814699416300322099e+01 4.221513078383375833e-02
1.815661518852944312e+01 4.220580475345010046e-02
1.816623621405566524e+01 4.219564601716663255e-02
1.817585723958188382e+01 4.218462732606006321e-02
1.818547826510810594e+01 4.217272131369766142e-02
1.819509929063432807e+01 4.215990049744982454e-02
1.820472031616054664e+01 4.214613729419752763e-02
1.821434134168676877e+01 4.213142694514662029e-02
1.822396236721298735e+01 4.211583191227646211e-02
1.823358339273920947e+01 4.209942694059454898e-02
1.824320441826543160e+01 4.208228680221792750e-02
1.825282544379165017e+01 4.206448630001258238e-02
1.826244646931787230e+01 4.204610027082771734e-02
1.827206749484409087e+01 4.202720358832416625e-02
1.828168852037031300e+01 4.200787116539777405e-02
1.829130954589653513e+01 4.198817795619882304e-02
1.830093057142275370e+01 4.196819895774968334e-02
1.831055159694897583e+01 4.194800921116324105e-02
1.832017262247519440e+01 4.192768380246511550e-02
1.832979364800141653e+01 4.190729786302322540e-02
1.833941467352763866e+01 4.188692656958860339e-02
1.834903569905385723e+01 4.186664514395129627e-02
1.835865672458007936e+01 4.184652885221550739e-02
1.836827775010629793e+01 4.182665300369857453e-02
1.837789877563252006e+01 4.180709294945721827e-02
1.838751980115874218e+01 4.178792408044567502e-02
1.839714082668496076e+01 4.176922182530926758e-02
1.840676185221118288e+01 4.175106164781672291e-02
1.841638287773740501e+01 4.173351904393450551e-02
1.842600390326362358e+01 4.171666953854574061e-02
1.843562492878984571e+01 4.170058868181560768e-02
1.844524595431606429e+01 4.168535204520482096e-02
1.845486697984228641e+01 4.167103521713162728e-02
1.846448800536850854e+01 4.165771379828249465e-02
1.847410903089472711e+01 4.164546365661744853e-02
1.848373005642094924e+01 4.163448673615566947e-02
1.849335108194716781e+01 4.162531319081064218e-02
1.850297210747338994e+01 4.161852545176875084e-02
1.851259313299961207e+01 4.161456148586032550e-02
1.852221415852583064e+01 4.161303908295836684e-02
1.853183518405205277e+01 4.161328614544672344e-02
1.854145620957827134e+01 4.161463066448818637e-02
1.855107723510449347e+01 4.161640117768295594e-02
1.856069826063071559e+01 4.161792683519824343e-02
1.857031928615693417e+01 4.161854379847137325e-02
1.857994031168315630e+01 4.161787964841429099e-02
1.858956133720937487e+01 4.161596661350738108e-02
1.859918236273559700e+01 4.161286670364473805e-02
1.860880338826181912e+01 4.160864181897663133e-02
1.861842441378803770e+01 4.160335376094004278e-02
1.862804543931425982e+01 4.159706424245420558e-02
1.863766646484047840e+01 4.158983489726947314e-02
1.864728749036670052e+01 4.158172728845851290e-02
1.865690851589292265e+01 4.157280291604049244e-02
1.866652954141914122e+01 4.156312322373040269e-02
1.867615056694536335e+01 4.155274960480571239e-02
1.868577159247158548e+01 4.154174340708460811e-02
1.869539261799780405e+01 4.153016593701040760e-02
1.870501364352402618e+01 4.151807846283726150e-02
1.871463466905024475e+01 4.150554221691366008e-02
1.872425569457646688e+01 4.149261839706015753e-02
1.873387672010268901e+01 4.147936816703835794e-02
1.874349774562890758e+01 4.146585265610887305e-02
1.875311877115512971e+01 4.145213295767560119e-02
1.876273979668134828e+01 4.143827012701450929e-02
1.877236082220757041e+01 4.142432517808452425e-02
1.878198184773379253e+01 4.141035907941848643e-02
1.879160287326001111e+01 4.139643274909152876e-02
1.880122389878623324e+01 4.138260704876442486e-02
1.881084492431245181e+01 4.136894277679870752e-02
1.882046594983867394e+01 4.135550066043966466e-02
1.883008697536489606e+01 4.134234134706341740e-02
1.883970800089111464e+01 4.132952539448260521e-02
1.884932902641733676e+01 4.131711326030504394e-02
1.885895005194355534e+01 4.130516529033844558e-02
1.886857107746977746e+01 4.129374170603333782e-02
1.887819210299599959e+01 4.128290259095492021e-02
1.888781312852221816e+01 4.127270787627346227e-02
1.889743415404844029e+01 4.126321732526135044e-02
1.890705517957466242e+01 4.125449051678334311e-02
1.891667620510088099e+01 4.124658682776475432e-02
1.892629723062710312e+01 4.123956250901848058e-02
1.893591825615332169e+01 4.123333556135954509e-02
1.894553928167954382e+01 4.122762917470124827e-02
1.895516030720576595e+01 4.122215335072053344e-02
1.896478133273198452e+01 4.121669841634236636e-02
1.897440235825820665e+01 4.121124057309013405e-02
1.898402338378442522e+01 4.120578251683849891e-02
1.899364440931064735e+01 4.120032686799048049e-02
1.900326543483686947e+01 4.119487617463202939e-02
1.901288646036308805e+01 4.118943291562247866e-02
1.902250748588931017e+01 4.118399950361975592e-02
1.903212851141552875e+01 4.117857828803932196e-02
1.904174953694175088e+01 4.117317155794533029e-02
1.905137056246797300e+01 4.116778154487329977e-02
1.906099158799419158e+01 4.116241042558344693e-02
1.907061261352041370e+01 4.115706032474316517e-02
1.908023363904663228e+01 4.115173331753824160e-02
1.908985466457285440e+01 4.114643143221162480e-02
1.909947569009907653e+01 4.114115665252922327e-02
1.910909671562529510e+01 4.113591092017163109e-02
1.911871774115151723e+01 4.113069613705109401e-02
1.912833876667773936e+01 4.112551416755339667e-02
1.913795979220395793e+01 4.112036684070335957e-02
1.914758081773018006e+01 4.111525595225391100e-02
1.915720184325639863e+01 4.111018326669775569e-02
1.916682286878262076e+01 4.110515051920144575e-02
1.917644389430884289e+01 4.110015941746077844e-02
1.918606491983506146e+01 4.109521164347788164e-02
1.919568594536128359e+01 4.109030885525858517e-02
1.920530697088750216e+01 4.108545268843050852e-02
1.921492799641372429e+01 4.108064475778083063e-02
1.922454902193994641e+01 4.107588665871398509e-02
1.923417004746616499e+01 4.107117996862830883e-02
1.924379107299238711e+01 4.106652624821195002e-02
1.925341209851860569e+01 4.106192704265738264e-02
1.926303312404482782e+01 4.105738388279445150e-02
1.927265414957104994e+01 4.105289828614167025e-02
1.928227517509726852e+01 4.104847175787555702e-02
1.929189620062349064e+01 4.104410579171791085e-02
1.930151722614970922e+01 4.103980187074082048e-02
1.931113825167593134e+01 4.103556146808924610e-02
1.932075927720215347e+01 4.103138604762107677e-02
1.933038030272837204e+01 4.102727706446463590e-02
1.934000132825459417e+01 4.102323596549341950e-02
1.934962235378081274e+01 4.101926418971793553e-02
1.935924337930703487e+01 4.101536316859494963e-02
1.936886440483325700e+01 4.101153432625366524e-02
1.937848543035947557e+01 4.100777907963886609e-02
1.938810645588569770e+01 4.100409883857137477e-02
1.939772748141191983e+01 4.100049500572512662e-02
1.940734850693813840e+01 4.099696897652156669e-02
1.941696953246436053e+01 4.099352213894075225e-02
1.942659055799057910e+01 4.099015587324948695e-02
1.943621158351680123e+01 4.098687155164644491e-02
1.944583260904302335e+01 4.098367053782400737e-02
1.945545363456924193e+01 4.098055418644723502e-02
1.946507466009546405e+01 4.097752384254951807e-02
1.947469568562168263e+01 4.097458084084527191e-02
1.948431671114790475e+01 4.097172650495917168e-02
1.949393773667412688e+01 4.096896214657259200e-02
1.950355876220034546e+01 4.096628906448646079e-02
1.951317978772656758e+01 4.096370854360090186e-02
1.952280081325278616e+01 4.096122185381177727e-02
1.953242183877900828e+01 4.095883024882331080e-02
1.954204286430523041e+01 4.095653496487778461e-02
1.955166388983144898e+01 4.095433721940112265e-02
1.956128491535767111e+01 4.095223820956508248e-02
1.957090594088388968e+01 4.095023911076548645e-02
1.958052696641011181e+01 4.094834107501634651e-02
1.959014799193633394e+01 4.094654522926002155e-02
1.959976901746255251e+01 4.094485267359285890e-02
1.960939004298877464e+01 4.094326447940627861e-02
1.961901106851499677e+01 4.094178168744307816e-02
1.962863209404121534e+01 4.094040530576863179e-02
1.963825311956743747e+01 4.093913630765670664e-02
1.964787414509365604e+01 4.093797562938963908e-02
1.965749517061987817e+01 4.093692416797237166e-02
1.966711619614610029e+01 4.093598277876023955e-02
1.967673722167231887e+01 4.093515227299976411e-02
1.968635824719854099e+01 4.093443341528223839e-02
1.969597927272475957e+01 4.093382692090965363e-02
1.970560029825098169e+01 4.093333345317222427e-02
1.971522132377720382e+01 4.093295362053715747e-02
1.972484234930342240e+01 4.093268797374794571e-02
1.973446337482964452e+01 4.093253700283386309e-02
1.974408440035586310e+01 4.093250113402830542e-02
1.975370542588208522e+01 4.093258072659611974e-02
1.976332645140830735e+01 4.093277606956845227e-02
1.977294747693452592e+01 4.093308737838457362e-02
1.978256850246074805e+01 4.093351479144005656e-02
1.979218952798696662e+01 4.093405836653981472e-02
