7.618010371223582489e-01 2.587475956298059265e-01
7.714220626485789323e-01 2.631179794740385325e-01
7.810430881747997267e-01 2.674308288125568644e-01
7.906641137010204101e-01 2.716857936978523957e-01
8.002851392272412046e-01 2.758825239020736286e-01
8.099061647534618880e-01 2.800206688875088723e-01
8.195271902796826824e-01 2.840998777769995209e-01
8.291482158059033658e-01 2.881197993242873290e-01
8.387692413321241602e-01 2.920800818842897995e-01
8.483902668583448436e-01 2.959803733833084038e-01
8.580112923845655271e-01 2.998203212891659697e-01
8.676323179107863215e-01 3.035995725812730139e-01
8.772533434370071159e-01 3.073177737206183591e-01
8.868743689632277993e-01 3.109745706196888615e-01
8.964953944894484827e-01 3.145696086123054291e-01
9.061164200156692772e-01 3.181025324233830442e-01
9.157374455418899606e-01 3.215729861386031896e-01
9.253584710681107550e-01 3.249806131739992332e-01
9.349794965943314384e-01 3.283250562454453347e-01
9.446005221205522329e-01 3.316059573380498726e-01
9.542215476467729163e-01 3.348229576754394032e-01
9.638425731729935997e-01 3.379756976889299880e-01
9.734635986992143941e-01 3.410638169865796709e-01
9.830846242254351885e-01 3.440869543221050653e-01
9.927056497516558720e-01 3.470447475636584400e-01
1.002326675277876555e+00 3.499368336624528175e-01
1.011947700804097350e+00 3.527628486212149306e-01
1.021568726330317922e+00 3.555224274624609881e-01
1.031189751856538717e+00 3.582152041965686040e-01
1.040810777382759511e+00 3.608408117896366729e-01
1.050431802908980305e+00 3.633988821311022188e-01
1.060052828435201100e+00 3.658890460011013923e-01
1.069673853961421672e+00 3.683109330375417545e-01
1.079294879487642467e+00 3.706641717028654193e-01
1.088915905013863261e+00 3.729483892504666387e-01
1.098536930540083834e+00 3.751632116907352987e-01
1.108157956066304628e+00 3.773082637566901876e-01
1.117778981592525422e+00 3.793831688691602366e-01
1.127400007118746217e+00 3.813875491014728225e-01
1.137021032644966789e+00 3.833210251436017235e-01
1.146642058171187584e+00 3.851832162657262137e-01
1.156263083697408378e+00 3.869737402811426197e-01
1.165884109223628951e+00 3.886922135084724395e-01
1.175505134749849745e+00 3.903382507331022988e-01
1.185126160276070539e+00 3.919114651677836902e-01
1.194747185802291334e+00 3.934114684123233840e-01
1.204368211328512128e+00 3.948378704122785243e-01
1.213989236854732701e+00 3.961902794165748087e-01
1.223610262380953495e+00 3.974683019339544376e-01
1.233231287907174067e+00 3.986715426881549673e-01
1.242852313433394862e+00 3.997996045717154279e-01
1.252473338959615656e+00 4.008520885982977955e-01
1.262094364485836451e+00 4.018285938534049695e-01
1.271715390012057245e+00 4.027287174433720196e-01
1.281336415538277818e+00 4.035520544424948675e-01
1.290957441064498612e+00 4.042981978381609554e-01
1.300578466590719184e+00 4.049667384738323550e-01
1.310199492116939979e+00 4.055572649897297155e-01
1.319820517643160773e+00 4.060693637781729870e-01
1.329441543169381568e+00 4.065030447815392578e-01
1.339062568695602362e+00 4.068598468531178791e-01
1.348683594221823157e+00 4.071416494757570947e-01
1.358304619748043729e+00 4.073503285891584835e-01
1.367925645274264523e+00 4.074877568039674824e-01
1.377546670800485096e+00 4.075558036106064486e-01
1.387167696326705890e+00 4.075563355828723533e-01
1.396788721852926685e+00 4.074912165763174277e-01
1.406409747379147479e+00 4.073623079214236942e-01
1.416030772905368273e+00 4.071714686115797122e-01
1.425651798431588846e+00 4.069205554858603691e-01
1.435272823957809640e+00 4.066114234066053879e-01
1.444893849484030213e+00 4.062459254317876134e-01
1.454514875010251007e+00 4.058259129821543132e-01
1.464135900536471802e+00 4.053532360031217308e-01
1.473756926062692596e+00 4.048297431213946918e-01
1.483377951588913390e+00 4.042572817962783449e-01
1.492998977115133963e+00 4.036376984656408484e-01
1.502620002641354757e+00 4.029728386864868117e-01
1.512241028167575330e+00 4.022645472700791536e-01
1.521862053693796124e+00 4.015146684115606379e-01
1.531483079220016918e+00 4.007249238717036643e-01
1.541104104746237713e+00 3.998961868095696759e-01
1.550725130272458507e+00 3.990289696681041387e-01
1.560346155798679302e+00 3.981237832565940327e-01
1.569967181324899874e+00 3.971811380913856104e-01
1.579588206851120669e+00 3.962015444194255109e-01
1.589209232377341241e+00 3.951855122408551857e-01
1.598830257903562035e+00 3.941335513306229443e-01
1.608451283429782830e+00 3.930461712590935242e-01
1.618072308956003624e+00 3.919238814116217662e-01
1.627693334482224419e+00 3.907671910070643073e-01
1.637314360008444991e+00 3.895766091151993682e-01
1.646935385534665786e+00 3.883526446730246051e-01
1.656556411060886358e+00 3.870958064999014403e-01
1.666177436587107152e+00 3.858066033115192806e-01
1.675798462113327947e+00 3.844855437326437642e-01
1.685419487639548741e+00 3.831331363086248887e-01
1.695040513165769536e+00 3.817498895156281047e-01
1.704661538691990108e+00 3.803363117423596562e-01
1.714282564218210902e+00 3.788928923676136429e-01
1.723903589744431475e+00 3.774200684916696469e-01
1.733524615270652269e+00 3.759182679699580865e-01
1.743145640796873064e+00 3.743879182875821665e-01
1.752766666323093858e+00 3.728294465888257747e-01
1.762387691849314653e+00 3.712432797067218293e-01
1.772008717375535225e+00 3.696298441926680334e-01
1.781629742901756019e+00 3.679895663460691635e-01
1.791250768427976814e+00 3.663228722439875185e-01
1.800871793954197386e+00 3.646301877707789352e-01
1.810492819480418181e+00 3.629119386476853393e-01
1.820113845006638975e+00 3.611685504623576848e-01
1.829734870532859770e+00 3.594004486982730895e-01
1.839355896059080342e+00 3.576080587640130259e-01
1.848976921585301136e+00 3.557918060223602685e-01
1.858597947111521931e+00 3.539521158191726857e-01
1.868218972637742725e+00 3.520894150295600933e-01
1.877839998163963298e+00 3.502043617160656153e-01
1.887461023690184092e+00 3.482980914797239591e-01
1.897082049216404886e+00 3.463717999031697969e-01
1.906703074742625459e+00 3.444266836795414344e-01
1.916324100268846253e+00 3.424639406471664538e-01
1.925945125795067048e+00 3.404847698222664976e-01
1.935566151321287842e+00 3.384903714296784716e-01
1.945187176847508415e+00 3.364819469315897815e-01
1.954808202373729209e+00 3.344606990542866587e-01
1.964429227899950003e+00 3.324278318129105791e-01
1.974050253426170798e+00 3.303845505342188904e-01
1.983671278952391370e+00 3.283320618773445387e-01
1.993292304478612165e+00 3.262715738525494014e-01
2.002913330004832737e+00 3.242042958379638962e-01
2.012534355531053532e+00 3.221314385943063741e-01
2.022155381057274326e+00 3.200542142775731347e-01
2.031776406583495120e+00 3.179738364496914049e-01
2.041397432109715915e+00 3.158915200871240669e-01
2.051018457635936265e+00 3.138084815874180866e-01
2.060639483162157504e+00 3.117259387736814324e-01
2.070260508688377854e+00 3.096451108969828225e-01
2.079881534214599093e+00 3.075672186366540384e-01
2.089502559740819443e+00 3.054934840984907529e-01
2.099123585267040237e+00 3.034251308108272260e-01
2.108744610793261032e+00 3.013633837184813702e-01
2.118365636319481382e+00 2.993094691745475378e-01
2.127986661845702621e+00 2.972646149300227081e-01
2.137607687371922971e+00 2.952300501212541395e-01
2.147228712898144209e+00 2.932070052551851713e-01
2.156849738424364560e+00 2.911967071672073026e-01
2.166470763950585354e+00 2.891995783382034779e-01
2.176091789476806149e+00 2.872143570226460274e-01
2.185712815003026943e+00 2.852395685694347205e-01
2.195333840529247738e+00 2.832737366150047120e-01
2.204954866055468088e+00 2.813153831261421267e-01
2.214575891581689326e+00 2.793630284385939522e-01
2.224196917107909677e+00 2.774151912913314644e-01
2.233817942634130471e+00 2.754703888563088121e-01
2.243438968160351266e+00 2.735271367635537798e-01
2.253059993686572060e+00 2.715839491214148138e-01
2.262681019212792854e+00 2.696393385317770730e-01
2.272302044739013205e+00 2.676918161000523821e-01
2.281923070265234443e+00 2.657398914397369194e-01
2.291544095791454794e+00 2.637822422638662623e-01
2.301165121317675588e+00 2.618197366689095640e-01
2.310786146843896383e+00 2.598547701497612716e-01
2.320407172370117177e+00 2.578897721021273237e-01
2.330028197896337971e+00 2.559271748851475459e-01
2.339649223422558322e+00 2.539694138161262549e-01
2.349270248948779560e+00 2.520189271557817801e-01
2.358891274474999911e+00 2.500781560839802631e-01
2.368512300001220705e+00 2.481495446659176540e-01
2.378133325527441500e+00 2.462355398087209546e-01
2.387754351053662294e+00 2.443385912084303224e-01
2.397375376579883088e+00 2.424611512873316721e-01
2.406996402106103439e+00 2.406056751216036071e-01
2.416617427632324677e+00 2.387743310099942340e-01
2.426238453158545028e+00 2.369670713620729285e-01
2.435859478684765822e+00 2.351828215737625793e-01
2.445480504210986616e+00 2.334204992875279217e-01
2.455101529737207411e+00 2.316790199533445282e-01
2.464722555263428205e+00 2.299572967923128874e-01
2.474343580789648556e+00 2.282542407148787367e-01
2.483964606315869794e+00 2.265687601910847115e-01
2.493585631842090145e+00 2.248997610702718752e-01
2.503206657368311383e+00 2.232461463476806962e-01
2.512827682894531733e+00 2.216068158754891382e-01
2.522448708420752528e+00 2.199806660159515093e-01
2.532069733946973322e+00 2.183665642782347815e-01
2.541690759473193673e+00 2.167629485674966439e-01
2.551311784999414911e+00 2.151678995980094433e-01
2.560932810525635261e+00 2.135794893067569367e-01
2.570553836051856500e+00 2.119957926521408853e-01
2.580174861578076850e+00 2.104148880922749876e-01
2.589795887104297645e+00 2.088348578019185164e-01
2.599416912630518439e+00 2.072537876123234368e-01
2.609037938156739234e+00 2.056697666581915329e-01
2.618658963682960028e+00 2.040808867157282436e-01
2.628279989209180378e+00 2.024852412153858028e-01
2.637901014735401617e+00 2.008809239122910373e-01
2.647522040261621967e+00 1.992667799042920629e-01
2.657143065787842762e+00 1.976458481936579359e-01
2.666764091314063556e+00 1.960226198957776000e-01
2.676385116840284351e+00 1.944015876670031617e-01
2.686006142366505145e+00 1.927872458621602836e-01
2.695627167892725495e+00 1.911840916953381486e-01
2.705248193418946734e+00 1.895966259593765135e-01
2.714869218945167084e+00 1.880293532763318010e-01
2.724490244471387879e+00 1.864867818501959318e-01
2.734111269997608673e+00 1.849734226920956015e-01
2.743732295523829467e+00 1.834937882871029435e-01
2.753353321050050262e+00 1.820518931469206625e-01
2.762974346576271056e+00 1.806464278222606468e-01
2.772595372102491407e+00 1.792728527477358003e-01
2.782216397628712201e+00 1.779265790929804580e-01
2.791837423154932996e+00 1.766030153539114023e-01
2.801458448681153790e+00 1.752975686107472175e-01
2.811079474207374584e+00 1.740056455800059743e-01
2.820700499733595379e+00 1.727226534467954377e-01
2.830321525259816173e+00 1.714440004630269909e-01
2.839942550786036524e+00 1.701650962965831626e-01
2.849563576312257318e+00 1.688813521159752695e-01
2.859184601838478113e+00 1.675890284730937041e-01
2.868805627364698907e+00 1.662887963259391255e-01
2.878426652890919701e+00 1.649827555992200157e-01
2.888047678417140496e+00 1.636730072401378910e-01
2.897668703943361290e+00 1.623616525919567566e-01
2.907289729469582085e+00 1.610507934892072834e-01
2.916910754995802435e+00 1.597425323384281948e-01
2.926531780522023229e+00 1.584389721835048059e-01
2.936152806048244024e+00 1.571422167546624171e-01
2.945773831574464818e+00 1.558543705001551871e-01
2.955394857100685613e+00 1.545775385996875639e-01
2.965015882626906407e+00 1.533138269585848923e-01
2.974636908153127202e+00 1.520653421817131368e-01
2.984257933679347552e+00 1.508341915261200428e-01
2.993878959205568346e+00 1.496224828313400257e-01
3.003499984731789141e+00 1.484323244262622798e-01
3.013121010258009935e+00 1.472658250114117495e-01
3.022742035784230730e+00 1.461250935154305430e-01
3.032363061310451524e+00 1.450122389244723475e-01
3.041984086836672319e+00 1.439293700831296152e-01
3.051605112362892669e+00 1.428784806761072557e-01
3.061226137889113463e+00 1.418583054925838804e-01
3.070847163415334258e+00 1.408639350597572226e-01
3.080468188941555052e+00 1.398902679537512295e-01
3.090089214467775847e+00 1.389322034000909922e-01
3.099710239993996641e+00 1.379846414374622798e-01
3.109331265520217435e+00 1.370424828532147699e-01
3.118952291046438230e+00 1.361006288780584050e-01
3.128573316572658580e+00 1.351539806269984323e-01
3.138194342098879375e+00 1.341974382733155668e-01
3.147815367625100169e+00 1.332264544940362783e-01
3.157436393151320964e+00 1.322420171341506523e-01
3.167057418677541758e+00 1.312482957563646524e-01
3.176678444203762552e+00 1.302494969788426382e-01
3.186299469729983347e+00 1.292498276203678798e-01
3.195920495256203697e+00 1.282534954244833603e-01
3.205541520782424492e+00 1.272647092845297923e-01
3.215162546308645286e+00 1.262876789413356626e-01
3.224783571834866081e+00 1.253266141252369625e-01
3.234404597361086875e+00 1.243857053033247256e-01
3.244025622887307669e+00 1.234668652887506990e-01
3.253646648413528464e+00 1.225675213730995083e-01
3.263267673939748814e+00 1.216845765998451762e-01
3.272888699465969609e+00 1.208149358720406186e-01
3.282509724992190403e+00 1.199555072303243458e-01
3.292130750518411197e+00 1.191032027011563327e-01
3.301751776044631992e+00 1.182549386944699715e-01
3.311372801570852786e+00 1.174076359300904593e-01
3.320993827097073581e+00 1.165582189249169814e-01
3.330614852623293931e+00 1.157046046423958752e-01
3.340235878149514726e+00 1.148482304699588313e-01
3.349856903675735520e+00 1.139913133944356893e-01
3.359477929201956314e+00 1.131360680550502623e-01
3.369098954728177109e+00 1.122847074248389809e-01
3.378719980254397903e+00 1.114394432522014255e-01
3.388341005780618698e+00 1.106024862504842721e-01
3.397962031306839492e+00 1.097760460227283907e-01
3.407583056833059842e+00 1.089623305270790293e-01
3.417204082359280637e+00 1.081629706075096092e-01
3.426825107885501431e+00 1.073777448643375432e-01
3.436446133411722226e+00 1.066060587061791742e-01
3.446067158937943020e+00 1.058473156086745665e-01
3.455688184464163815e+00 1.051009169972407647e-01
3.465309209990384609e+00 1.043662621243427180e-01
3.474930235516604959e+00 1.036427479412681402e-01
3.484551261042825754e+00 1.029297689643925706e-01
3.494172286569046548e+00 1.022267133510840614e-01
3.503793312095267343e+00 1.015327317416475916e-01
3.513414337621488137e+00 1.008466075376848459e-01
3.523035363147708932e+00 1.001670982564791673e-01
3.532656388673929726e+00 9.949296896962231407e-02
3.542277414200150076e+00 9.882299288419839345e-02
3.551898439726370871e+00 9.815595158492849970e-02
3.561519465252591665e+00 9.749063492459206226e-02
3.571140490778812460e+00 9.682584054997879497e-02
3.580761516305033254e+00 9.616050889081785569e-02
3.590382541831254049e+00 9.549462330087536699e-02
3.600003567357474843e+00 9.482864561302288553e-02
3.609624592883695637e+00 9.416303797346915749e-02
3.619245618409915988e+00 9.349826034944640207e-02
3.628866643936136782e+00 9.283477061906346417e-02
3.638487669462357577e+00 9.217302466028592933e-02
3.648108694988578371e+00 9.151347643914996277e-02
3.657729720514799165e+00 9.085657809731206846e-02
3.667350746041019960e+00 9.020278003903371700e-02
3.676971771567240754e+00 8.955253101769548862e-02
3.686592797093461105e+00 8.890627822192997964e-02
3.696213822619681899e+00 8.826446736146002781e-02
3.705834848145902694e+00 8.762754275272162385e-02
3.715455873672123488e+00 8.699594740434725415e-02
3.725076899198344282e+00 8.637012310257767556e-02
3.734697924724565077e+00 8.575050820617249880e-02
3.744318950250785871e+00 8.513732132972433309e-02
3.753939975777006222e+00 8.453038493583835133e-02
3.763561001303227016e+00 8.392948200554389837e-02
3.773182026829447810e+00 8.333439832781967815e-02
3.782803052355668605e+00 8.274492190113816315e-02
3.792424077881889399e+00 8.216084131764503362e-02
3.802045103408110194e+00 8.158194307725312455e-02
3.811666128934330988e+00 8.100800751149188350e-02
3.821287154460551783e+00 8.043877942803270842e-02
3.830908179986772133e+00 7.987394977973311105e-02
3.840529205512992927e+00 7.931320323152446505e-02
3.850150231039213722e+00 7.875622728879391743e-02
3.859771256565434516e+00 7.820271567441118565e-02
3.869392282091655311e+00 7.765237088190411752e-02
3.879013307617876105e+00 7.710490586424895154e-02
3.888634333144096900e+00 7.656006075672659728e-02
3.898255358670317250e+00 7.601809160797988463e-02
3.907876384196538044e+00 7.547985538670134997e-02
3.917497409722758839e+00 7.494624243712742773e-02
3.927118435248979633e+00 7.441814188766548988e-02
3.936739460775200428e+00 7.389644173664304538e-02
3.946360486301421222e+00 7.338202892743887762e-02
3.955981511827642016e+00 7.287578941232293606e-02
3.965602537353862367e+00 7.237848678464336993e-02
3.975223562880083161e+00 7.188980818772851278e-02
3.984844588406303956e+00 7.140887861065212117e-02
3.994465613932524750e+00 7.093481817110307286e-02
4.004086639458745545e+00 7.046674699741216352e-02
4.013707664984966783e+00 7.000378521225909811e-02
4.023328690511187133e+00 6.954505291179771675e-02
4.032949716037407484e+00 6.908967014000030882e-02
4.042570741563627834e+00 6.863675685802347881e-02
4.052191767089849073e+00 6.818543290839819415e-02
4.061812792616070311e+00 6.773481797385218217e-02
4.071433818142290662e+00 6.728403153057682662e-02
4.081054843668511012e+00 6.683219279576112226e-02
4.090675869194732250e+00 6.637842066922600148e-02
4.100296894720953489e+00 6.592183366900696007e-02
4.109917920247173839e+00 6.546181214385660141e-02
4.119538945773394190e+00 6.499981395854746713e-02
4.129159971299614540e+00 6.453828553104239141e-02
4.138780996825835778e+00 6.407967912304388114e-02
4.148402022352057017e+00 6.362644695342678514e-02
4.158023047878277367e+00 6.318104131096045906e-02
4.167644073404497718e+00 6.274591462412426601e-02
4.177265098930718068e+00 6.232344173396330012e-02
4.186886124456939307e+00 6.191411381347677878e-02
4.196507149983160545e+00 6.151648326480979589e-02
4.206128175509380895e+00 6.112901309834110897e-02
4.215749201035601246e+00 6.075016557477103119e-02
4.225370226561822484e+00 6.037840215935701832e-02
4.234991252088043723e+00 6.001218345311085806e-02
4.244612277614264073e+00 5.964996910029483901e-02
4.254233303140484423e+00 5.929021767163842466e-02
4.263854328666704774e+00 5.893138652281910972e-02
4.273475354192926012e+00 5.857193162791497765e-02
4.283096379719147251e+00 5.821030738774603253e-02
4.292717405245367601e+00 5.784496641327820099e-02
4.302338430771587952e+00 5.747435928457146626e-02
4.311959456297809190e+00 5.709694800104420792e-02
4.321580481824029540e+00 5.671261764300433716e-02
4.331201507350250779e+00 5.632390399933579622e-02
4.340822532876471129e+00 5.593363425686116025e-02
4.350443558402691480e+00 5.554463894676701236e-02
4.360064583928912718e+00 5.515975235593677251e-02
4.369685609455133957e+00 5.478181281322101748e-02
4.379306634981354307e+00 5.441363465332774846e-02
4.388927660507574657e+00 5.405618520202654792e-02
4.398548686033795008e+00 5.370747209831446684e-02
4.408169711560016246e+00 5.336524280330112030e-02
4.417790737086237485e+00 5.302725023971989471e-02
4.427411762612457835e+00 5.269125116656097479e-02
4.437032788138678185e+00 5.235500396090614350e-02
4.446653813664899424e+00 5.201634861544954247e-02
4.456274839191120662e+00 5.167521003089936560e-02
4.465895864717341013e+00 5.133370361638225909e-02
4.475516890243561363e+00 5.099404544905544734e-02
4.485137915769781713e+00 5.065845099049645639e-02
4.494758941296002952e+00 5.032913483416218831e-02
4.504379966822224191e+00 5.000830680626350278e-02
4.514000992348444541e+00 4.969783676422067503e-02
4.523622017874664891e+00 4.939663307758740407e-02
4.533243043400885242e+00 4.910204903716904046e-02
4.542864068927106480e+00 4.881144087277256710e-02
4.552485094453327719e+00 4.852218743648633453e-02
4.562106119979548069e+00 4.823169024216653750e-02
4.571727145505768419e+00 4.793736851988134734e-02
4.581348171031989658e+00 4.763768191299094790e-02
4.590969196558210896e+00 4.733419688862441910e-02
4.600590222084431247e+00 4.702905115362376876e-02
4.610211247610651597e+00 4.672437819140364684e-02
4.619832273136871947e+00 4.642231300708703906e-02
4.629453298663093186e+00 4.612499282656577076e-02
4.639074324189314424e+00 4.583445551650078276e-02
4.648695349715534775e+00 4.555088440603313749e-02
4.658316375241755125e+00 4.527280390143288702e-02
4.667937400767975475e+00 4.499868272283580328e-02
4.677558426294196714e+00 4.472699785663836192e-02
4.687179451820417952e+00 4.445623762572639692e-02
4.696800477346638303e+00 4.418490246231521201e-02
4.706421502872858653e+00 4.391197922463263570e-02
4.716042528399079892e+00 4.363797270806268891e-02
4.725663553925301130e+00 4.336368397413129655e-02
4.735284579451521481e+00 4.308991023712948482e-02
4.744905604977741831e+00 4.281744600980239707e-02
4.754526630503962181e+00 4.254708401678067298e-02
4.764147656030184308e+00 4.227961586576375885e-02
4.773768681556404658e+00 4.201583246599337185e-02
4.783389707082625009e+00 4.175652418313201969e-02
4.793010732608845359e+00 4.150248071929998200e-02
4.802631758135065709e+00 4.125449070672457946e-02
4.812252783661287836e+00 4.101334100323404674e-02
4.821873809187508186e+00 4.077978822798243586e-02
4.831494834713728537e+00 4.055349756980713288e-02
4.841115860239948887e+00 4.033270909829495682e-02
4.850736885766169237e+00 4.011557094232055809e-02
4.860357911292391364e+00 3.990023706455381181e-02
4.869978936818611714e+00 3.968486736431325879e-02
4.879599962344832065e+00 3.946762981539134879e-02
4.889220987871052415e+00 3.924762421486597402e-02
4.898842013397274542e+00 3.902616912758561513e-02
4.908463038923494892e+00 3.880490374411203064e-02
4.918084064449715243e+00 3.858546441079836048e-02
4.927705089975935593e+00 3.836948482788686554e-02
4.937326115502155943e+00 3.815859462266813634e-02
4.946947141028378070e+00 3.795365614870761101e-02
4.956568166554598420e+00 3.775274676925080564e-02
4.966189192080818771e+00 3.755331581641997707e-02
4.975810217607039121e+00 3.735282424343058794e-02
4.985431243133259471e+00 3.714874396880450680e-02
4.995052268659481598e+00 3.693855364135328195e-02
5.004673294185701948e+00 3.672064587699008092e-02
5.014294319711922299e+00 3.649757199054912138e-02
5.023915345238142649e+00 3.627306375377131048e-02
5.033536370764364776e+00 3.605085586522148444e-02
5.043157396290585126e+00 3.583468965587514876e-02
5.052778421816805476e+00 3.562831161788794498e-02
5.062399447343025827e+00 3.543443771380529184e-02
5.072020472869246177e+00 3.525105068652436419e-02
5.081641498395468304e+00 3.507477541346247507e-02
5.091262523921688654e+00 3.490224204279582243e-02
5.100883549447909004e+00 3.473008965130865849e-02
5.110504574974129355e+00 3.455496559059603040e-02
5.120125600500351482e+00 3.437455339950341165e-02
5.129746626026571832e+00 3.419043485751884631e-02
5.139367651552792182e+00 3.400510884478356866e-02
5.148988677079012533e+00 3.382107447930623317e-02
5.158609702605232883e+00 3.364083336092374421e-02
5.168230728131455010e+00 3.346688665154830961e-02
5.177851753657675360e+00 3.330075629362296702e-02
5.187472779183895710e+00 3.314144505402366603e-02
5.197093804710116061e+00 3.298755496212725513e-02
5.206714830236336411e+00 3.283768911981210792e-02
5.216335855762558538e+00 3.269045374650511593e-02
5.225956881288778888e+00 3.254445942055050195e-02
5.235577906814999238e+00 3.239832149022928848e-02
5.245198932341219589e+00 3.225065962887262855e-02
5.254819957867441715e+00 3.210009650807043452e-02
5.264440983393662066e+00 3.194525556083326057e-02
5.274062008919882416e+00 3.178475780255675398e-02
5.283683034446102766e+00 3.161738622039134139e-02
5.293304059972323117e+00 3.144444390352514607e-02
5.302925085498545243e+00 3.126918429046269404e-02
5.312546111024765594e+00 3.109492053034404110e-02
5.322167136550985944e+00 3.092497855975329113e-02
5.331788162077206294e+00 3.076269527086451447e-02
5.341409187603426645e+00 3.061062059555662643e-02
5.351030213129648772e+00 3.046720456196535046e-02
5.360651238655869122e+00 3.032956984081743024e-02
5.370272264182089472e+00 3.019483914302833680e-02
5.379893289708309823e+00 3.006013976563591192e-02
5.389514315234531949e+00 2.992262341908919973e-02
5.399135340760752300e+00 2.978120989864075502e-02
5.408756366286972650e+00 2.963791976767483904e-02
5.418377391813193000e+00 2.949508754764926244e-02
5.427998417339413351e+00 2.935505100147587851e-02
5.437619442865635477e+00 2.922015276201484282e-02
5.447240468391855828e+00 2.909244927921240259e-02
5.456861493918076178e+00 2.897116103881377039e-02
5.466482519444296528e+00 2.885390316142890516e-02
5.476103544970518655e+00 2.873827115170387442e-02
5.485724570496739005e+00 2.862185996873985866e-02
5.495345596022959356e+00 2.850226923418096650e-02
5.504966621549179706e+00 2.837825040843613630e-02
5.514587647075400056e+00 2.825113426290017798e-02
5.524208672601622183e+00 2.812260236418931067e-02
5.533829698127842533e+00 2.799433790591832061e-02
5.543450723654062884e+00 2.786802629451168994e-02
5.553071749180283234e+00 2.774521479967056309e-02
5.562692774706503585e+00 2.762616615204374626e-02
5.572313800232725711e+00 2.751045287162242822e-02
5.581934825758946062e+00 2.739764030440822520e-02
5.591555851285166412e+00 2.728729329741205745e-02
5.601176876811386762e+00 2.717897822506249589e-02
5.610797902337608889e+00 2.707238843697006361e-02
5.620418927863829239e+00 2.696742036278210186e-02
5.630039953390049590e+00 2.686398846034267207e-02
5.639660978916269940e+00 2.676200701287720016e-02
5.649282004442490290e+00 2.666139012076201159e-02
5.658903029968712417e+00 2.656205168657407856e-02
5.668524055494932767e+00 2.646390539339293219e-02
5.678145081021153118e+00 2.636686467636187303e-02
5.687766106547373468e+00 2.627084268756632937e-02
5.697387132073593818e+00 2.617575225435301439e-02
5.707008157599815945e+00 2.608148179009185663e-02
5.716629183126036295e+00 2.598761670820940936e-02
5.726250208652256646e+00 2.589353526378904494e-02
5.735871234178476996e+00 2.579861133359291972e-02
5.745492259704699123e+00 2.570221838016861077e-02
5.755113285230919473e+00 2.560374854107931239e-02
5.764734310757139824e+00 2.550344465060995144e-02
5.774355336283360174e+00 2.540272263109927611e-02
5.783976361809580524e+00 2.530308648361894938e-02
5.793597387335802651e+00 2.520604305197731917e-02
5.803218412862023001e+00 2.511310033729841421e-02
5.812839438388243352e+00 2.502518271021903981e-02
5.822460463914463702e+00 2.494173807223962550e-02
5.832081489440684052e+00 2.486198355658888332e-02
5.841702514966906179e+00 2.478513475171430572e-02
5.851323540493126529e+00 2.471040596371087625e-02
5.860944566019346880e+00 2.463709865233844332e-02
5.870565591545567230e+00 2.456488776339093086e-02
5.880186617071789357e+00 2.449354695399359044e-02
5.889807642598009707e+00 2.442284941205287094e-02
5.899428668124230057e+00 2.435256779106565253e-02
5.909049693650450408e+00 2.428247412903637367e-02
5.918670719176670758e+00 2.421233975083983067e-02
5.928291744702892885e+00 2.414193515415629168e-02
5.937912770229113235e+00 2.407102987924251633e-02
5.947533795755333585e+00 2.399939236297156386e-02
5.957154821281553936e+00 2.392686070989473793e-02
5.966775846807776063e+00 2.385387337898233276e-02
5.976396872333996413e+00 2.378117275040277090e-02
5.986017897860216763e+00 2.370950547366875230e-02
5.995638923386437114e+00 2.363962041030526900e-02
6.005259948912657464e+00 2.357220646948453638e-02
6.014880974438879591e+00 2.350733248845582671e-02
6.024501999965099941e+00 2.344471082019892669e-02
6.034123025491320291e+00 2.338405042789224939e-02
6.043744051017540642e+00 2.332506112525465150e-02
6.053365076543760992e+00 2.326745353262378926e-02
6.062986102069983119e+00 2.321093901760951789e-02
6.072607127596203469e+00 2.315522961984982711e-02
6.082228153122423819e+00 2.310003795942321483e-02
6.091849178648644170e+00 2.304507712851044596e-02
6.101470204174866296e+00 2.299008500033953781e-02
6.111091229701086647e+00 2.293502363989263770e-02
6.120712255227306997e+00 2.287997321301797615e-02
6.130333280753527347e+00 2.282501153241147870e-02
6.139954306279747698e+00 2.277021264268639517e-02
6.149575331805969824e+00 2.271570431810300203e-02
6.159196357332190175e+00 2.266203565431752776e-02
6.168817382858410525e+00 2.260994421548309999e-02
6.178438408384630876e+00 2.256016970443028638e-02
6.188059433910851226e+00 2.251345357624518623e-02
6.197680459437073353e+00 2.247022376787723846e-02
6.207301484963293703e+00 2.242926601312736704e-02
6.216922510489514053e+00 2.238883856475865075e-02
6.226543536015734404e+00 2.234720710465179505e-02
6.236164561541956530e+00 2.230264408722851255e-02
6.245785587068176881e+00 2.225415578686705878e-02
6.255406612594397231e+00 2.220320480348101852e-02
6.265027638120617581e+00 2.215176141578277871e-02
6.274648663646837932e+00 2.210178553274224841e-02
6.284269689173060058e+00 2.205521826828229365e-02
6.293890714699280409e+00 2.201311102115033683e-02
6.303511740225500759e+00 2.197476350021279959e-02
6.313132765751721109e+00 2.193928971196531727e-02
6.322753791277941460e+00 2.190583005882186865e-02
6.332374816804163586e+00 2.187355364025120319e-02
6.341995842330383937e+00 2.184185624670460096e-02
6.351616867856604287e+00 2.181036704332544804e-02
6.361237893382824637e+00 2.177871474756100378e-02
6.370858918909046764e+00 2.174651964493719281e-02
6.380479944435267114e+00 2.171343090306512846e-02
6.390100969961487465e+00 2.167948540414652361e-02
6.399721995487707815e+00 2.164494974377663764e-02
6.409343021013928166e+00 2.161009724885501124e-02
6.418964046540150292e+00 2.157520896092912990e-02
6.428585072066370643e+00 2.154057629344129782e-02
6.438206097592590993e+00 2.150650250530081534e-02
6.447827123118811343e+00 2.147330300334245393e-02
6.457448148645033470e+00 2.144130448902698688e-02
6.467069174171253820e+00 2.141084218873291756e-02
6.476690199697474171e+00 2.138219958643751764e-02
6.486311225223694521e+00 2.135555816818975397e-02
6.495932250749914871e+00 2.133107703636685781e-02
6.505553276276136998e+00 2.130890278710138863e-02
6.515174301802357348e+00 2.128913224543344668e-02
6.524795327328577699e+00 2.127142792091275825e-02
6.534416352854798049e+00 2.125518197976404219e-02
6.544037378381018399e+00 2.123979912740981205e-02
6.553658403907240526e+00 2.122470272752422643e-02
6.563279429433460876e+00 2.120935712697333275e-02
6.572900454959681227e+00 2.119331853169704322e-02
6.582521480485901577e+00 2.117615596465162453e-02
6.592142506012123704e+00 2.115743234239028658e-02
6.601763531538344054e+00 2.113672917261528311e-02
6.611384557064564405e+00 2.111429868753140690e-02
6.621005582590784755e+00 2.109114776657931845e-02
6.630626608117005105e+00 2.106831470420396368e-02
6.640247633643227232e+00 2.104682513903285979e-02
6.649868659169447582e+00 2.102759561266231980e-02
6.659489684695667933e+00 2.101103700505401253e-02
6.669110710221888283e+00 2.099741361455155150e-02
6.678731735748108633e+00 2.098702172825755996e-02
6.688352761274330760e+00 2.098017106044886004e-02
6.697973786800551110e+00 2.097634697035484497e-02
6.707594812326771461e+00 2.097384141715996630e-02
6.717215837852991811e+00 2.097083994885048583e-02
6.726836863379213938e+00 2.096551383908734634e-02
6.736457888905434288e+00 2.095634232042540082e-02
6.746078914431654638e+00 2.094367863950153189e-02
6.755699939957874989e+00 2.092856158849562553e-02
6.765320965484095339e+00 2.091203539884170168e-02
6.774941991010317466e+00 2.089514939495771412e-02
6.784563016536537816e+00 2.087895829918756316e-02
6.794184042062758166e+00 2.086452223008732759e-02
6.803805067588978517e+00 2.085290640381455216e-02
6.813426093115200644e+00 2.084518054891705205e-02
6.823047118641420994e+00 2.084206177315239480e-02
6.832668144167641344e+00 2.084268300088904999e-02
6.842289169693861695e+00 2.084572820294838466e-02
6.851910195220082045e+00 2.084987054445324589e-02
6.861531220746304172e+00 2.085380719032031704e-02
6.871152246272524522e+00 2.085688747640206814e-02
6.880773271798744872e+00 2.085904821729336542e-02
6.890394297324965223e+00 2.086026585318440790e-02
6.900015322851185573e+00 2.086053766632670406e-02
6.909636348377407700e+00 2.086012643016016410e-02
6.919257373903628050e+00 2.085990463244643406e-02
6.928878399429848400e+00 2.086082167384281649e-02
6.938499424956068751e+00 2.086381306013830941e-02
6.948120450482290877e+00 2.086952623153127268e-02
6.957741476008511228e+00 2.087663476918463767e-02
6.967362501534731578e+00 2.088296392861927961e-02
6.976983527060951928e+00 2.088635409713144805e-02
6.986604552587172279e+00 2.088475919835622308e-02
6.996225578113394405e+00 2.087861754762143293e-02
7.005846603639614756e+00 2.087099564898484139e-02
7.015467629165835106e+00 2.086507537377089300e-02
7.025088654692055457e+00 2.086402264747565585e-02
7.034709680218275807e+00 2.086957922736788068e-02
7.044330705744497934e+00 2.088004355671629203e-02
7.053951731270718284e+00 2.089320801120509233e-02
7.063572756796938634e+00 2.090687549084123756e-02
7.073193782323158985e+00 2.091917372420063967e-02
7.082814807849381111e+00 2.093000265685475078e-02
7.092435833375601462e+00 2.093987794852545520e-02
7.102056858901821812e+00 2.094931354568742993e-02
7.111677884428042162e+00 2.095882125819243172e-02
7.121298909954262513e+00 2.096891091951496103e-02
7.130919935480484639e+00 2.098009048483343367e-02
7.140540961006704990e+00 2.099286606803325850e-02
7.150161986532925340e+00 2.100772241913231517e-02
7.159783012059145690e+00 2.102437523729099034e-02
7.169404037585366041e+00 2.104153805513865952e-02
7.179025063111588167e+00 2.105785821321257828e-02
7.188646088637808518e+00 2.107198802948230879e-02
7.198267114164028868e+00 2.108344526712615033e-02
7.207888139690249218e+00 2.109373270525843197e-02
7.217509165216471345e+00 2.110462795439623992e-02
7.227130190742691696e+00 2.111790521447834759e-02
7.236751216268912046e+00 2.113484332676759600e-02
7.246372241795132396e+00 2.115478209340689378e-02
7.255993267321352747e+00 2.117659150902810941e-02
7.265614292847574873e+00 2.119915092197008008e-02
7.275235318373795224e+00 2.122144956745502381e-02
7.284856343900015574e+00 2.124313579033015528e-02
7.294477369426235924e+00 2.126411456163628672e-02
7.304098394952458051e+00 2.128428738504510240e-02
7.313719420478678401e+00 2.130355237463783802e-02
7.323340446004898752e+00 2.132180476147659681e-02
7.332961471531119102e+00 2.133893717758216652e-02
7.342582497057339452e+00 2.135483972399131528e-02
7.352203522583561579e+00 2.136945519763559440e-02
7.361824548109781929e+00 2.138359478062119845e-02
7.371445573636002280e+00 2.139876310878679674e-02
7.381066599162222630e+00 2.141648664886189324e-02
7.390687624688442980e+00 2.143823708255146107e-02
7.400308650214665107e+00 2.146412075524759683e-02
7.409929675740885457e+00 2.149285161517677442e-02
7.419550701267105808e+00 2.152307923725561498e-02
7.429171726793326158e+00 2.155345122207539404e-02
7.438792752319548285e+00 2.158261309014596063e-02
7.448413777845768635e+00 2.160920808054963768e-02
7.458034803371988986e+00 2.163187685576345096e-02
7.467655828898209336e+00 2.164930041815345263e-02
7.477276854424429686e+00 2.166219158686664634e-02
7.486897879950651813e+00 2.167413591898320613e-02
7.496518905476872163e+00 2.168894937187300365e-02
7.506139931003092514e+00 2.171041252838796717e-02
7.515760956529312864e+00 2.173952968612612863e-02
7.525381982055533214e+00 2.177305147785512859e-02
7.535003007581755341e+00 2.180736119794170549e-02
7.544624033107975691e+00 2.183887052941752352e-02
7.554245058634196042e+00 2.186616507189154124e-02
7.563866084160416392e+00 2.189124058599483183e-02
7.573487109686638519e+00 2.191639132668666071e-02
7.583108135212858869e+00 2.194389138805247913e-02
7.592729160739079219e+00 2.197477782412797856e-02
7.602350186265299570e+00 2.200820514323933302e-02
7.611971211791519920e+00 2.204317023845268203e-02
7.621592237317742047e+00 2.207867504651886414e-02
7.631213262843962397e+00 2.211394653067888169e-02
7.640834288370182747e+00 2.214852845656513358e-02
7.650455313896403098e+00 2.218199153533922940e-02
7.660076339422623448e+00 2.221392764818878179e-02
7.669697364948845575e+00 2.224454708988234455e-02
7.679318390475065925e+00 2.227481343159567334e-02
7.688939416001286276e+00 2.230573308623104087e-02
7.698560441527506626e+00 2.233828071783968555e-02
7.708181467053728753e+00 2.237274313157847083e-02
7.717802492579949103e+00 2.240870767417615581e-02
7.727423518106169453e+00 2.244573002827754751e-02
7.737044543632389804e+00 2.248336565865289086e-02
7.746665569158610154e+00 2.252116982514670851e-02
7.756286594684832281e+00 2.255869760181858016e-02
7.765907620211052631e+00 2.259550390291059641e-02
7.775528645737272981e+00 2.263126939659790282e-02
7.785149671263493332e+00 2.266701879696346456e-02
7.794770696789715458e+00 2.270459412475876737e-02
7.804391722315935809e+00 2.274585428335646267e-02
7.814012747842156159e+00 2.279201243602300975e-02
7.823633773368376509e+00 2.283974290014954139e-02
7.833254798894596860e+00 2.288378208310806392e-02
7.842875824420818986e+00 2.291885688548785799e-02
7.852496849947039337e+00 2.294181445312699560e-02
7.862117875473259687e+00 2.295897577955778937e-02
7.871738900999480038e+00 2.297930075900486355e-02
7.881359926525700388e+00 2.301173389676358649e-02
7.890980952051922515e+00 2.306084929227904257e-02
7.900601977578142865e+00 2.311925702866734003e-02
7.910223003104363215e+00 2.317755849207911792e-02
7.919844028630583566e+00 2.322646201692304957e-02
7.929465054156805692e+00 2.326231518568754736e-02
7.939086079683026043e+00 2.329077379253219685e-02
7.948707105209246393e+00 2.331835774737879216e-02
7.958328130735466743e+00 2.335139135588376949e-02
7.967949156261687094e+00 2.339198439073400179e-02
7.977570181787909220e+00 2.343812207568240699e-02
7.987191207314129571e+00 2.348762310140459220e-02
7.996812232840349921e+00 2.353842404450101969e-02
8.006433258366570271e+00 2.358950070615896746e-02
8.016054283892790622e+00 2.364039946232303693e-02
8.025675309419012748e+00 2.369067154061905642e-02
8.035296334945233099e+00 2.373986720504499270e-02
8.044917360471453449e+00 2.378753591917556753e-02
8.054538385997673799e+00 2.383322648124671164e-02
8.064159411523895926e+00 2.387648713192115635e-02
8.073780437050116277e+00 2.391686563544541053e-02
8.083401462576336627e+00 2.395390933482465998e-02
8.093022488102556977e+00 2.398716518156326222e-02
8.102643513628777328e+00 2.401629920167362708e-02
8.112264539154999454e+00 2.404406025328454863e-02
8.121885564681219805e+00 2.407647886803166923e-02
8.131506590207440155e+00 2.411974439458793723e-02
8.141127615733660505e+00 2.417879594848849553e-02
8.150748641259882632e+00 2.424804692712386953e-02
8.160369666786102982e+00 2.431663630586367378e-02
8.169990692312323333e+00 2.437366358364408472e-02
8.179611717838543683e+00 2.441223533554002026e-02
8.189232743364764033e+00 2.443886096725212884e-02
8.198853768890986160e+00 2.446285466510664253e-02
8.208474794417206510e+00 2.449343248876154067e-02
8.218095819943426861e+00 2.453513249113812439e-02
8.227716845469647211e+00 2.458601618323784377e-02
8.237337870995867561e+00 2.464366764805639085e-02
8.246958896522089688e+00 2.470562820036249080e-02
8.256579922048310038e+00 2.476903893596359499e-02
8.266200947574530389e+00 2.483081631220157917e-02
8.275821973100750739e+00 2.488788374120633196e-02
8.285442998626972866e+00 2.493821091989915917e-02
8.295064024153193216e+00 2.498328013056396943e-02
8.304685049679413567e+00 2.502531219449072308e-02
8.314306075205633917e+00 2.506652561743692720e-02
8.323927100731854267e+00 2.510913756051333726e-02
8.333548126258076394e+00 2.515536369464267674e-02
8.343169151784296744e+00 2.520741695662928605e-02
8.352790177310517095e+00 2.526686661882246790e-02
8.362411202836737445e+00 2.533051766400200300e-02
8.372032228362957795e+00 2.539303513755853184e-02
8.381653253889179922e+00 2.544910005465503625e-02
8.391274279415400272e+00 2.549660294822766321e-02
8.400895304941620623e+00 2.554076989004968462e-02
8.410516330467840973e+00 2.558784765565034341e-02
8.420137355994063100e+00 2.564365465574015152e-02
8.429758381520283450e+00 2.570761327902896035e-02
8.439379407046503800e+00 2.577421938090268538e-02
8.449000432572724151e+00 2.583785882489603170e-02
8.458621458098944501e+00 2.589432215197867704e-02
8.468242483625166628e+00 2.594459838024117809e-02
8.477863509151386978e+00 2.599088612225909992e-02
8.487484534677607328e+00 2.603537992570178344e-02
8.497105560203827679e+00 2.608027288489438503e-02
8.506726585730048029e+00 2.612775792422869156e-02
8.516347611256270156e+00 2.618002777769296366e-02
8.525968636782490506e+00 2.623853028989885788e-02
8.535589662308710857e+00 2.630082510871734752e-02
8.545210687834931207e+00 2.636320784458045727e-02
8.554831713361153334e+00 2.642202416713861080e-02
8.564452738887373684e+00 2.647573911236614230e-02
8.574073764413594034e+00 2.652573812842881976e-02
8.583694789939814385e+00 2.657361893675013950e-02
8.593315815466034735e+00 2.662097874322244193e-02
8.602936840992256862e+00 2.666941455911874329e-02
8.612557866518477212e+00 2.672052319450995972e-02
8.622178892044697562e+00 2.677587892977734141e-02
8.631799917570917913e+00 2.683588794716188983e-02
8.641420943097140039e+00 2.689922993002944601e-02
8.651041968623360390e+00 2.696444612844875466e-02
8.660662994149580740e+00 2.703005456890739122e-02
8.670284019675801090e+00 2.709442436018504041e-02
8.679905045202021441e+00 2.715586858693794930e-02
8.689526070728243567e+00 2.721273659105956366e-02
8.699147096254463918e+00 2.726495466768258727e-02
8.708768121780684268e+00 2.731461134067975083e-02
8.718389147306904619e+00 2.736395054591353806e-02
8.728010172833124969e+00 2.741487721533948305e-02
8.737631198359347096e+00 2.746754558926089648e-02
8.747252223885567446e+00 2.752154796730136785e-02
8.756873249411787796e+00 2.757649738068644954e-02
8.766494274938009923e+00 2.763254557197916336e-02
8.776115300464230273e+00 2.769044456342018012e-02
8.785736325990450624e+00 2.775098513910937564e-02
8.795357351516670974e+00 2.781453362654032549e-02
8.804978377042891324e+00 2.787983646732769202e-02
8.814599402569113451e+00 2.794525775723076186e-02
8.824220428095333801e+00 2.800923698705400783e-02
8.833841453621554152e+00 2.807137528633733836e-02
8.843462479147774502e+00 2.813217927000605939e-02
8.853083504673996629e+00 2.819218004370758687e-02
8.862704530200216979e+00 2.825190973560727861e-02
8.872325555726437329e+00 2.831190157849357639e-02
8.881946581252657680e+00 2.837268960223118461e-02
8.891567606778878030e+00 2.843463287148234250e-02
8.901188632305100157e+00 2.849671166608017114e-02
8.910809657831320507e+00 2.855725372819613306e-02
8.920430683357540858e+00 2.861462387800057031e-02
8.930051708883761208e+00 2.866885228442537376e-02
8.939672734409981558e+00 2.872218058749814035e-02
8.949293759936203685e+00 2.877700372562087480e-02
8.958914785462424035e+00 2.883529798814205708e-02
8.968535810988644386e+00 2.889745448121323543e-02
8.978156836514864736e+00 2.896349657313720613e-02
8.987777862041086863e+00 2.903327380816701775e-02
8.997398887567307213e+00 2.910440176243619254e-02
9.007019913093527563e+00 2.917299859990963098e-02
9.016640938619747914e+00 2.923520408891341210e-02
9.026261964145968264e+00 2.929015701670153668e-02
9.035882989672190391e+00 2.934207569321621578e-02
9.045504015198410741e+00 2.939567467170548648e-02
9.055125040724631091e+00 2.945479718225327628e-02
9.064746066250851442e+00 2.951931704381231467e-02
9.074367091777071792e+00 2.958798436291593462e-02
9.083988117303293919e+00 2.965955046938550249e-02
9.093609142829514269e+00 2.973280049304115671e-02
9.103230168355734619e+00 2.980654421227883766e-02
9.112851193881954970e+00 2.987959289400833954e-02
9.122472219408177097e+00 2.995075860157536338e-02
9.132093244934397447e+00 3.001885360615827447e-02
9.141714270460617797e+00 3.008268940462958604e-02
9.151335295986838148e+00 3.014184783346211122e-02
9.160956321513058498e+00 3.019891041027294304e-02
9.170577347039280625e+00 3.025719006840732819e-02
9.180198372565500975e+00 3.031948015970725371e-02
9.189819398091721325e+00 3.038346790953377896e-02
9.199440423617941676e+00 3.044395542868989432e-02
9.209061449144162026e+00 3.049594460015678937e-02
9.218682474670384153e+00 3.054194167136101840e-02
9.228303500196604503e+00 3.059337134160812835e-02
9.237924525722824853e+00 3.066215872138074866e-02
9.247545551249045204e+00 3.075251107503429102e-02
9.257166576775267330e+00 3.084952583752397642e-02
9.266787602301487681e+00 3.093539657046583125e-02
9.276408627827708031e+00 3.099621111006263530e-02
9.286029653353928381e+00 3.103888086664536097e-02
9.295650678880148732e+00 3.107725794165318994e-02
9.305271704406370858e+00 3.112435023897596603e-02
9.314892729932591209e+00 3.118284935553655712e-02
9.324513755458811559e+00 3.124857154825029862e-02
9.334134780985031909e+00 3.131725702315105164e-02
9.343755806511254036e+00 3.138634758098909905e-02
9.353376832037474387e+00 3.145540252198614911e-02
9.362997857563694737e+00 3.152411598996995856e-02
9.372618883089915087e+00 3.159218652923672516e-02
9.382239908616135438e+00 3.165931692039834072e-02
9.391860934142357564e+00 3.172521180026938864e-02
9.401481959668577915e+00 3.178973850641353405e-02
9.411102985194798265e+00 3.185347834227438696e-02
9.420724010721018615e+00 3.191721123395924870e-02
9.430345036247238966e+00 3.198162664885464967e-02
9.439966061773461092e+00 3.204665870791043730e-02
9.449587087299681443e+00 3.211188113597286675e-02
9.459208112825901793e+00 3.217694471832654307e-02
9.468829138352122143e+00 3.224256593256261821e-02
9.478450163878344270e+00 3.231033568867364841e-02
9.488071189404564620e+00 3.238183334214912029e-02
9.497692214930784971e+00 3.245700504951824772e-02
9.507313240457005321e+00 3.253359224638639746e-02
9.516934265983225671e+00 3.260917960953373801e-02
9.526555291509447798e+00 3.268135089959308542e-02
9.536176317035668148e+00 3.274768928841702981e-02
9.545797342561888499e+00 3.280577780518590530e-02
9.555418368088108849e+00 3.285504513481239675e-02
9.565039393614329200e+00 3.290134217525930715e-02
9.574660419140551326e+00 3.295191922696669162e-02
9.584281444666771677e+00 3.301277230406955698e-02
9.593902470192992027e+00 3.308293080098222150e-02
9.603523495719212377e+00 3.315902264819047679e-02
9.613144521245434504e+00 3.323767367044887233e-02
9.622765546771654854e+00 3.331551040529651814e-02
9.632386572297875205e+00 3.338915856939136950e-02
9.642007597824095555e+00 3.345552466124415703e-02
9.651628623350315905e+00 3.351557226393200861e-02
9.661249648876538032e+00 3.357329771302649396e-02
9.670870674402758382e+00 3.363267436095954827e-02
9.680491699928978733e+00 3.369502250866777265e-02
9.690112725455199083e+00 3.375890742719953735e-02
9.699733750981419433e+00 3.382278080384760327e-02
9.709354776507641560e+00 3.388628076323699917e-02
9.718975802033861910e+00 3.395075257525483059e-02
9.728596827560082261e+00 3.401770266597958781e-02
9.738217853086302611e+00 3.408754609103027688e-02
9.747838878612524738e+00 3.415865004346350930e-02
9.757459904138745088e+00 3.422918711582118023e-02
9.767080929664965439e+00 3.429782170745272057e-02
9.776701955191185789e+00 3.436438837684236552e-02
9.786322980717406139e+00 3.442893928932505565e-02
9.795944006243628266e+00 3.449180457008409889e-02
9.805565031769848616e+00 3.455402585408885729e-02
9.815186057296068967e+00 3.461677319275500292e-02
9.824807082822289317e+00 3.468099986249058991e-02
9.834428108348511444e+00 3.474679465519001087e-02
9.844049133874731794e+00 3.481403645929995877e-02
9.853670159400952144e+00 3.488261516429160686e-02
9.863291184927172495e+00 3.495243338194245486e-02
9.872912210453392845e+00 3.502339935947789556e-02
9.882533235979614972e+00 3.509551285048577440e-02
9.892154261505835322e+00 3.516934438827294673e-02
9.901775287032055672e+00 3.524569111951029315e-02
9.911396312558276023e+00 3.532483254042300541e-02
9.921017338084496373e+00 3.540339693228768819e-02
9.930638363610718500e+00 3.547649677626308479e-02
9.940259389136938850e+00 3.554020925331851516e-02
9.949880414663159200e+00 3.559800553892231156e-02
9.959501440189379551e+00 3.565677478424438690e-02
9.969122465715601678e+00 3.572244999468025123e-02
9.978743491241822028e+00 3.579275010317824884e-02
9.988364516768042378e+00 3.586126309230582010e-02
9.997985542294262729e+00 3.592253097212884383e-02
1.000760656782048308e+01 3.597993559372371364e-02
1.001722759334670521e+01 3.604161798234026270e-02
1.002684861887292556e+01 3.611468751234268165e-02
1.003646964439914591e+01 3.619582773466388514e-02
1.004609066992536626e+01 3.627587678267193971e-02
1.005571169545158661e+01 3.634646177806463013e-02
1.006533272097780873e+01 3.640754788715926810e-02
1.007495374650402908e+01 3.646385142012448233e-02
1.008457477203024943e+01 3.652014887437251417e-02
1.009419579755646978e+01 3.658121985103252732e-02
1.010381682308269191e+01 3.665183341316567006e-02
1.011343784860891226e+01 3.673555449524947697e-02
1.012305887413513261e+01 3.682493697790321929e-02
1.013267989966135296e+01 3.690659719484608303e-02
1.014230092518757331e+01 3.696899173868876953e-02
1.015192195071379544e+01 3.701650507270169005e-02
1.016154297624001579e+01 3.706177149503478430e-02
1.017116400176623614e+01 3.711633751359373623e-02
1.018078502729245649e+01 3.718235065414018242e-02
1.019040605281867862e+01 3.725747978070886868e-02
1.020002707834489897e+01 3.733883493577504903e-02
1.020964810387111932e+01 3.741932515014745331e-02
1.021926912939733967e+01 3.749001315225237302e-02
1.022889015492356002e+01 3.754433123836293379e-02
1.023851118044978215e+01 3.759039197213430439e-02
1.024813220597600250e+01 3.764189547868539154e-02
1.025775323150222285e+01 3.770919254848352498e-02
1.026737425702844320e+01 3.778506802629227196e-02
1.027699528255466355e+01 3.785659288266503275e-02
1.028661630808088567e+01 3.791391859768263040e-02
1.029623733360710602e+01 3.796054115585242861e-02
1.030585835913332637e+01 3.800357846714234183e-02
1.031547938465954672e+01 3.805014567369485734e-02
1.032510041018576885e+01 3.810735802715124743e-02
1.033472143571198920e+01 3.818232152677304703e-02
1.034434246123820955e+01 3.827638291314139352e-02
1.035396348676442990e+01 3.837469424454203332e-02
1.036358451229065025e+01 3.845963770563074619e-02
1.037320553781687238e+01 3.852363687906392581e-02
1.038282656334309273e+01 3.858126432486393836e-02
1.039244758886931308e+01 3.864991484787236309e-02
1.040206861439553343e+01 3.873554290568319985e-02
1.041168963992175378e+01 3.882456176860046154e-02
1.042131066544797591e+01 3.890172718939804292e-02
1.043093169097419626e+01 3.896128627485859197e-02
1.044055271650041661e+01 3.900986733565237063e-02
1.045017374202663696e+01 3.905493464043342106e-02
1.045979476755285908e+01 3.910396669720246632e-02
1.046941579307907944e+01 3.916446041559596553e-02
1.047903681860529979e+01 3.924303070275851624e-02
1.048865784413152014e+01 3.933404380490682778e-02
1.049827886965774049e+01 3.942297777347705118e-02
1.050789989518396261e+01 3.949650439755149345e-02
1.051752092071018296e+01 3.955380017806274517e-02
1.052714194623640331e+01 3.960059163919073949e-02
1.053676297176262366e+01 3.964274674382222557e-02
1.054638399728884401e+01 3.968621096305663398e-02
1.055600502281506614e+01 3.973694981945170152e-02
1.056562604834128649e+01 3.979904340794355316e-02
1.057524707386750684e+01 3.986965494325941939e-02
1.058486809939372719e+01 3.994445591073592788e-02
1.059448912491994932e+01 4.001960074048534211e-02
1.060411015044616967e+01 4.009209957700823196e-02
1.061373117597239002e+01 4.015911184038574444e-02
1.062335220149861037e+01 4.022003131050513880e-02
1.063297322702483072e+01 4.027779974480755198e-02
1.064259425255105285e+01 4.033566698823366770e-02
1.065221527807727320e+01 4.039674547980073166e-02
1.066183630360349355e+01 4.046400597711936192e-02
1.067145732912971390e+01 4.053992396278825738e-02
1.068107835465593602e+01 4.062090202052995314e-02
1.069069938018215637e+01 4.069922397839140227e-02
1.070032040570837673e+01 4.076819267148025505e-02
1.070994143123459708e+01 4.082862855156426524e-02
1.071956245676081743e+01 4.088450592476389200e-02
1.072918348228703955e+01 4.093947859912529241e-02
1.073880450781325990e+01 4.099589498945233057e-02
1.074842553333948025e+01 4.105578544913196515e-02
1.075804655886570060e+01 4.112118263667169371e-02
1.076766758439192095e+01 4.119412084304763244e-02
1.077728860991814308e+01 4.127645935051703352e-02
1.078690963544436343e+01 4.136295410815001711e-02
1.079653066097058378e+01 4.143896897187459433e-02
1.080615168649680413e+01 4.149043114618045786e-02
1.081577271202302626e+01 4.152167046134922629e-02
1.082539373754924661e+01 4.155130957975914502e-02
1.083501476307546696e+01 4.159669559917916065e-02
1.084463578860168731e+01 4.166308254559635688e-02
1.085425681412790766e+01 4.175041455852915306e-02
1.086387783965412979e+01 4.185439989415819934e-02
1.087349886518035014e+01 4.195519940494028127e-02
1.088311989070657049e+01 4.202952290374037392e-02
1.089274091623279084e+01 4.206941386351160245e-02
1.090236194175901119e+01 4.209660296896467618e-02
1.091198296728523331e+01 4.213552932088033415e-02
1.092160399281145367e+01 4.219337404364054828e-02
1.093122501833767402e+01 4.225928757647801071e-02
1.094084604386389437e+01 4.232251634920489169e-02
1.095046706939011649e+01 4.238091581350387355e-02
1.096008809491633684e+01 4.243711279628212957e-02
1.096970912044255719e+01 4.249377376974319137e-02
1.097933014596877754e+01 4.255355829015775720e-02
1.098895117149499789e+01 4.261910214941240505e-02
1.099857219702122002e+01 4.268993203464906822e-02
1.100819322254744037e+01 4.275898627084848830e-02
1.101781424807366072e+01 4.281870163100868348e-02
1.102743527359988107e+01 4.286995472379077216e-02
1.103705629912610142e+01 4.292261876338420573e-02
1.104667732465232355e+01 4.298587925973404444e-02
1.105629835017854390e+01 4.305904540791720414e-02
1.106591937570476425e+01 4.313636326977552532e-02
1.107554040123098460e+01 4.321253289019585941e-02
1.108516142675720673e+01 4.328364103206132352e-02
1.109478245228342708e+01 4.334615738690984765e-02
1.110440347780964743e+01 4.339941200640563823e-02
1.111402450333586778e+01 4.344772062614649794e-02
1.112364552886208813e+01 4.349590681923556912e-02
1.113326655438831025e+01 4.354714392401137779e-02
1.114288757991453060e+01 4.360317258266428048e-02
1.115250860544075096e+01 4.366518818070056623e-02
1.116212963096697131e+01 4.373124593446373054e-02
1.117175065649319343e+01 4.379820927731412766e-02
1.118137168201941378e+01 4.386293007964813667e-02
1.119099270754563413e+01 4.392225676588864397e-02
1.120061373307185448e+01 4.397323853539774480e-02
1.121023475859807483e+01 4.401840765901574026e-02
1.121985578412429696e+01 4.406634793237194925e-02
1.122947680965051731e+01 4.412450453642521864e-02
1.123909783517673766e+01 4.418840051355026055e-02
1.124871886070295801e+01 4.424778336025930042e-02
1.125833988622917836e+01 4.429640134378420163e-02
1.126796091175540049e+01 4.434041951536796949e-02
1.127758193728162084e+01 4.438825526253741688e-02
1.128720296280784119e+01 4.444384291856547792e-02
1.129682398833406154e+01 4.450545076334048999e-02
1.130644501386028367e+01 4.457098733118156075e-02
1.131606603938650402e+01 4.463836663266569638e-02
1.132568706491272437e+01 4.470550851766930817e-02
1.133530809043894472e+01 4.477132253692943376e-02
1.134492911596516507e+01 4.483789870358139557e-02
1.135455014149138719e+01 4.490788607195668469e-02
1.136417116701760754e+01 4.498124748575205167e-02
1.137379219254382789e+01 4.505457468709227892e-02
1.138341321807004825e+01 4.512425515931262066e-02
1.139303424359626860e+01 4.518668818223098294e-02
1.140265526912249072e+01 4.523828399332033984e-02
1.141227629464871107e+01 4.527812318124589674e-02
1.142189732017493142e+01 4.531299969067521111e-02
1.143151834570115177e+01 4.535097041455744826e-02
1.144113937122737390e+01 4.539691750849445678e-02
1.145076039675359425e+01 4.545228754270119742e-02
1.146038142227981460e+01 4.551691950809157866e-02
1.147000244780603495e+01 4.558088746874633390e-02
1.147962347333225530e+01 4.563028783049839776e-02
1.148924449885847743e+01 4.566083812371362488e-02
1.149886552438469778e+01 4.568994636231849676e-02
1.150848654991091813e+01 4.573708841391620900e-02
1.151810757543713848e+01 4.580410136957371176e-02
1.152772860096336061e+01 4.587824090099489049e-02
1.153734962648958096e+01 4.594803197352345658e-02
1.154697065201580131e+01 4.600953930311287021e-02
1.155659167754202166e+01 4.606103213268132601e-02
1.156621270306824201e+01 4.610339820766962138e-02
1.157583372859446413e+01 4.614142568570449299e-02
1.158545475412068448e+01 4.618021760830900990e-02
1.159507577964690483e+01 4.622487486658227035e-02
1.160469680517312518e+01 4.628048822467388523e-02
1.161431783069934554e+01 4.634758896978901505e-02
1.162393885622556766e+01 4.641441399170851551e-02
1.163355988175178801e+01 4.646808411435915387e-02
1.164318090727800836e+01 4.651397347184351577e-02
1.165280193280422871e+01 4.657407939032930794e-02
1.166242295833045084e+01 4.666237663625206339e-02
1.167204398385667119e+01 4.675206594964856355e-02
1.168166500938289154e+01 4.680496948030588023e-02
1.169128603490911189e+01 4.681404319569954647e-02
1.170090706043533224e+01 4.681718375406609262e-02
1.171052808596155437e+01 4.685087930547816165e-02
1.172014911148777472e+01 4.691276218489388861e-02
1.172977013701399507e+01 4.698208655670890049e-02
1.173939116254021542e+01 4.704488333262152322e-02
1.174901218806643577e+01 4.710231398217113591e-02
1.175863321359265790e+01 4.715743265004389978e-02
1.176825423911887825e+01 4.721170133959778914e-02
1.177787526464509860e+01 4.726546546819983263e-02
1.178749629017131895e+01 4.731904525437749531e-02
1.179711731569754107e+01 4.737275910337896551e-02
1.180673834122376142e+01 4.742692361518661970e-02
1.181635936674998177e+01 4.748185299105226603e-02
1.182598039227620212e+01 4.753785784504654249e-02
1.183560141780242247e+01 4.759438810337492803e-02
1.184522244332864460e+01 4.764706496003215386e-02
1.185484346885486495e+01 4.769058945848581033e-02
1.186446449438108530e+01 4.772441519002562638e-02
1.187408551990730565e+01 4.775391489905933540e-02
1.188370654543352600e+01 4.778459469713932511e-02
1.189332757095974813e+01 4.782058551706639543e-02
1.190294859648596848e+01 4.786543272057119242e-02
1.191256962201218883e+01 4.791809639614787175e-02
1.192219064753840918e+01 4.797050729391055812e-02
1.193181167306463131e+01 4.801534751534251855e-02
1.194143269859085166e+01 4.805490572904536073e-02
1.195105372411707201e+01 4.809569820659249234e-02
1.196067474964329236e+01 4.814162554903628211e-02
1.197029577516951271e+01 4.819181458317409877e-02
1.197991680069573484e+01 4.824488496770253793e-02
1.198953782622195519e+01 4.829945355412122721e-02
1.199915885174817554e+01 4.835414263530404821e-02
1.200877987727439589e+01 4.840831910049363251e-02
1.201840090280061801e+01 4.846285578716528347e-02
1.202802192832683836e+01 4.851836798594030831e-02
1.203764295385305871e+01 4.857115722386945444e-02
1.204726397937927906e+01 4.861517872905751769e-02
1.205688500490549941e+01 4.864944505527679652e-02
1.206650603043172154e+01 4.868369512063653454e-02
1.207612705595794189e+01 4.872796653440256143e-02
1.208574808148416224e+01 4.878188872512997931e-02
1.209536910701038259e+01 4.883925019292138792e-02
1.210499013253660294e+01 4.889377298121721366e-02
1.211461115806282507e+01 4.893917740575435410e-02
1.212423218358904542e+01 4.897020215579883651e-02
1.213385320911526577e+01 4.899104326726418102e-02
1.214347423464148612e+01 4.901099971491024859e-02
1.215309526016770825e+01 4.903639576194077088e-02
1.216271628569392860e+01 4.906759508047534024e-02
1.217233731122014895e+01 4.910426495665624891e-02
1.218195833674636930e+01 4.914607478178247002e-02
1.219157936227258965e+01 4.919269675453104979e-02
1.220120038779881178e+01 4.924380609188667296e-02
1.221082141332503213e+01 4.929908074265628576e-02
1.222044243885125248e+01 4.935786542802230586e-02
1.223006346437747283e+01 4.941713534553345000e-02
1.223968448990369318e+01 4.947284254317254465e-02
1.224930551542991530e+01 4.952110123193135399e-02
1.225892654095613565e+01 4.955828981491269131e-02
1.226854756648235600e+01 4.958251648284407037e-02
1.227816859200857635e+01 4.960150953432488491e-02
1.228778961753479848e+01 4.962619789347495064e-02
1.229741064306101883e+01 4.966146136925395083e-02
1.230703166858723918e+01 4.970484925135543880e-02
1.231665269411345953e+01 4.975327983445557850e-02
1.232627371963967988e+01 4.980288689901975208e-02
1.233589474516590201e+01 4.984974268088484400e-02
1.234551577069212236e+01 4.989260326566486575e-02
1.235513679621834271e+01 4.993272030789794313e-02
1.236475782174456306e+01 4.997143960655221762e-02
1.237437884727078341e+01 5.001010387358361536e-02
1.238399987279700554e+01 5.005004971891459375e-02
1.239362089832322589e+01 5.009259207142623127e-02
1.240324192384944624e+01 5.013901525944057525e-02
1.241286294937566659e+01 5.018689209219626135e-02
1.242248397490188871e+01 5.022575243860397803e-02
1.243210500042810907e+01 5.024685027568082801e-02
1.244172602595432942e+01 5.026308897451083751e-02
1.245134705148054977e+01 5.029729947065958440e-02
1.246096807700677012e+01 5.035486982549972068e-02
1.247058910253299224e+01 5.041551617942765379e-02
1.248021012805921259e+01 5.046082366952730353e-02
1.248983115358543294e+01 5.049152528877621365e-02
1.249945217911165329e+01 5.051430243396504149e-02
1.250907320463787542e+01 5.053759838425838508e-02
1.251869423016409577e+01 5.057150549882621915e-02
1.252831525569031612e+01 5.062133572527764691e-02
1.253793628121653647e+01 5.067826782708256816e-02
1.254755730674275682e+01 5.073092500255060172e-02
1.255717833226897895e+01 5.076794539564516429e-02
1.256679935779519930e+01 5.077820286044768677e-02
1.257642038332141965e+01 5.076897153258124601e-02
1.258604140884764000e+01 5.077910477558055663e-02
1.259566243437386035e+01 5.083975459086764737e-02
1.260528345990008248e+01 5.092307273864316031e-02
1.261490448542630283e+01 5.098280274119289940e-02
1.262452551095252318e+01 5.100872042567319853e-02
1.263414653647874353e+01 5.102630479714709288e-02
1.264376756200496565e+01 5.105321216929761818e-02
1.265338858753118600e+01 5.108057892305145620e-02
1.266300961305740636e+01 5.109679726294163310e-02
1.267263063858362671e+01 5.110720116149788245e-02
1.268225166410984706e+01 5.112616087291340511e-02
1.269187268963606918e+01 5.115795584402068469e-02
1.270149371516228953e+01 5.119160524701905218e-02
1.271111474068850988e+01 5.121773143454658173e-02
1.272073576621473023e+01 5.123935528566971737e-02
1.273035679174095058e+01 5.126287324158853437e-02
1.273997781726717271e+01 5.129467871033074194e-02
1.274959884279339306e+01 5.134110806298346208e-02
1.275921986831961341e+01 5.140047863119612259e-02
1.276884089384583376e+01 5.145468133318015919e-02
1.277846191937205589e+01 5.148793646808182828e-02
1.278808294489827624e+01 5.151045550753619723e-02
1.279770397042449659e+01 5.154136844071947193e-02
1.280732499595071694e+01 5.158388492431525973e-02
1.281694602147693729e+01 5.162557878851933846e-02
1.282656704700315942e+01 5.165793837702965796e-02
1.283618807252937977e+01 5.168415625740529346e-02
1.284580909805560012e+01 5.170927306999677925e-02
1.285543012358182047e+01 5.173833074947890159e-02
1.286505114910804259e+01 5.177606182762253817e-02
1.287467217463426294e+01 5.181821942429643696e-02
1.288429320016048329e+01 5.185040953573798878e-02
1.289391422568670365e+01 5.186374443960582725e-02
1.290353525121292400e+01 5.186681069796323512e-02
1.291315627673914612e+01 5.187133144559166048e-02
1.292277730226536647e+01 5.188903364199254353e-02
1.293239832779158682e+01 5.193103220477935517e-02
1.294201935331780717e+01 5.198888778763470497e-02
1.295164037884402752e+01 5.203105378728837410e-02
1.296126140437024965e+01 5.203899754165579317e-02
1.297088242989647000e+01 5.203620367733485796e-02
1.298050345542269035e+01 5.205030592195422634e-02
1.299012448094891070e+01 5.208114411997315230e-02
1.299974550647513283e+01 5.211559006092269380e-02
1.300936653200135318e+01 5.214825200440955516e-02
1.301898755752757353e+01 5.218251606988671965e-02
1.302860858305379388e+01 5.221957791120959008e-02
1.303822960858001423e+01 5.225355471418649533e-02
1.304785063410623636e+01 5.227851948603098875e-02
1.305747165963245671e+01 5.229617403141976345e-02
1.306709268515867706e+01 5.231132789446987785e-02
1.307671371068489741e+01 5.232657382995234419e-02
1.308633473621111776e+01 5.234234448469118894e-02
1.309595576173733988e+01 5.235899697015067994e-02
1.310557678726356023e+01 5.237690500601526605e-02
1.311519781278978058e+01 5.239724627615502395e-02
1.312481883831600094e+01 5.242549777366622282e-02
1.313443986384222306e+01 5.246752280040793692e-02
1.314406088936844341e+01 5.251361967222902688e-02
1.315368191489466376e+01 5.254247001176781673e-02
1.316330294042088411e+01 5.254891700603071814e-02
1.317292396594710446e+01 5.255511568053877064e-02
1.318254499147332659e+01 5.257595896452768591e-02
1.319216601699954694e+01 5.258857876935400799e-02
1.320178704252576729e+01 5.256735246851532845e-02
1.321140806805198764e+01 5.254580072866327223e-02
1.322102909357820799e+01 5.258779055190562768e-02
1.323065011910443012e+01 5.269415623733293003e-02
1.324027114463065047e+01 5.279235322027468758e-02
1.324989217015687082e+01 5.283169784665286972e-02
1.325951319568309117e+01 5.282569580884466376e-02
1.326913422120931330e+01 5.279760246160205422e-02
1.327875524673553365e+01 5.277067650056033177e-02
1.328837627226175400e+01 5.276686060421612728e-02
1.329799729778797435e+01 5.278949415257320338e-02
1.330761832331419470e+01 5.282797520443975603e-02
1.331723934884041682e+01 5.286132579634882089e-02
1.332686037436663717e+01 5.285343724677545041e-02
1.333648139989285752e+01 5.279475612322251377e-02
1.334610242541907787e+01 5.276328924906405898e-02
1.335572345094530000e+01 5.283657521051505351e-02
1.336534447647152035e+01 5.296920975275773436e-02
1.337496550199774070e+01 5.306706440824482396e-02
1.338458652752396105e+01 5.309763581279665356e-02
1.339420755305018140e+01 5.308115083196703055e-02
1.340382857857640353e+01 5.304280495775642867e-02
1.341344960410262388e+01 5.301325084917581087e-02
1.342307062962884423e+01 5.301491655561543087e-02
1.343269165515506458e+01 5.304071324541895921e-02
1.344231268068128493e+01 5.307732778198451934e-02
1.345193370620750706e+01 5.311144625463774110e-02
1.346155473173372741e+01 5.313029744694788836e-02
1.347117575725994776e+01 5.313043782437117807e-02
1.348079678278616811e+01 5.311638400083498746e-02
1.349041780831239024e+01 5.310040796410843422e-02
1.350003883383861059e+01 5.310660028473049993e-02
1.350965985936483094e+01 5.314622942634958380e-02
1.351928088489105129e+01 5.318829979640932876e-02
1.352890191041727164e+01 5.319984049360404477e-02
1.353852293594349376e+01 5.318503206978292264e-02
1.354814396146971411e+01 5.316214601236812776e-02
1.355776498699593446e+01 5.314948056669065168e-02
1.356738601252215481e+01 5.316489770343738736e-02
1.357700703804837516e+01 5.320974778008463746e-02
1.358662806357459729e+01 5.326420554554062159e-02
1.359624908910081764e+01 5.331236827141828949e-02
1.360587011462703799e+01 5.335078110568244880e-02
1.361549114015325834e+01 5.337776867813218140e-02
1.362511216567948047e+01 5.339165436608640097e-02
1.363473319120570082e+01 5.339075960163564699e-02
1.364435421673192117e+01 5.337340293459370832e-02
1.365397524225814152e+01 5.333910818636238699e-02
1.366359626778436187e+01 5.331082175474537166e-02
1.367321729331058400e+01 5.333197628550482433e-02
1.368283831883680435e+01 5.340125746562400522e-02
1.369245934436302470e+01 5.344620352823872128e-02
1.370208036988924505e+01 5.342353026273535116e-02
1.371170139541546540e+01 5.338761558081238368e-02
1.372132242094168753e+01 5.339384504268713388e-02
1.373094344646790788e+01 5.341867020536228416e-02
1.374056447199412823e+01 5.341874614929389281e-02
1.375018549752034858e+01 5.339622126453216766e-02
1.375980652304657070e+01 5.337742423528791386e-02
1.376942754857279105e+01 5.337334673083692083e-02
1.377904857409901140e+01 5.338058528908783823e-02
1.378866959962523175e+01 5.339518612675167586e-02
1.379829062515145210e+01 5.341318489382940876e-02
1.380791165067767423e+01 5.343061021366934255e-02
1.381753267620389458e+01 5.344348684361835411e-02
1.382715370173011493e+01 5.344932488285813327e-02
1.383677472725633528e+01 5.345217570433893894e-02
1.384639575278255741e+01 5.345791844469929832e-02
1.385601677830877776e+01 5.347245723666020634e-02
1.386563780383499811e+01 5.350022653255658706e-02
1.387525882936121846e+01 5.352465080566809474e-02
1.388487985488743881e+01 5.351469074221232997e-02
1.389450088041366094e+01 5.347786682895899757e-02
1.390412190593988129e+01 5.346737880061438325e-02
1.391374293146610164e+01 5.350538759787720061e-02
1.392336395699232199e+01 5.355117213071337867e-02
1.393298498251854234e+01 5.356974902453765647e-02
1.394260600804476447e+01 5.356399005726204116e-02
1.395222703357098482e+01 5.354383979272851063e-02
1.396184805909720517e+01 5.351925153192008122e-02
1.397146908462342552e+01 5.350018400776657829e-02
1.398109011014964764e+01 5.349658466213851743e-02
1.399071113567586799e+01 5.351634207741703259e-02
1.400033216120208834e+01 5.353854682775601587e-02
1.400995318672830869e+01 5.352271278774486246e-02
1.401957421225452904e+01 5.347715596273713151e-02
1.402919523778075117e+01 5.346461880786484988e-02
1.403881626330697152e+01 5.350552880147226020e-02
1.404843728883319187e+01 5.354484441123432553e-02
1.405805831435941222e+01 5.354624112139515918e-02
1.406767933988563257e+01 5.353849585970541641e-02
1.407730036541185470e+01 5.354921623024100352e-02
1.408692139093807505e+01 5.356248366347660106e-02
1.409654241646429540e+01 5.355617099328060376e-02
1.410616344199051575e+01 5.353382872478467530e-02
1.411578446751673788e+01 5.350847007641264252e-02
1.412540549304295823e+01 5.349312283882848296e-02
1.413502651856917858e+01 5.349948391442874152e-02
1.414464754409539893e+01 5.351883935051316571e-02
1.415426856962161928e+01 5.352698343971805384e-02
1.416388959514784140e+01 5.351330332639842036e-02
1.417351062067406176e+01 5.348284126733111182e-02
1.418313164620028211e+01 5.344447109801626905e-02
1.419275267172650246e+01 5.341168627615777709e-02
1.420237369725272458e+01 5.339397171414432541e-02
1.421199472277894493e+01 5.339107869242419591e-02
1.422161574830516528e+01 5.340146654508629714e-02
1.423123677383138563e+01 5.342357906581687854e-02
1.424085779935760598e+01 5.345411953816289058e-02
1.425047882488382811e+01 5.348219289232414991e-02
1.426009985041004846e+01 5.349690415596820847e-02
1.426972087593626881e+01 5.350031098029189164e-02
1.427934190146248916e+01 5.349957003045130444e-02
1.428896292698870951e+01 5.350186170319162771e-02
1.429858395251493164e+01 5.351250105349381059e-02
1.430820497804115199e+01 5.351028435476917755e-02
1.431782600356737234e+01 5.345740022544681613e-02
1.432744702909359269e+01 5.338168408826032135e-02
1.433706805461981482e+01 5.337355661986334376e-02
1.434668908014603517e+01 5.343377122059395773e-02
1.435631010567225552e+01 5.344425687740158443e-02
1.436593113119847587e+01 5.335943515768529211e-02
1.437555215672469622e+01 5.327075617635402410e-02
1.438517318225091834e+01 5.324507772968269798e-02
1.439479420777713869e+01 5.326408168897818485e-02
1.440441523330335905e+01 5.329789392243227536e-02
1.441403625882957940e+01 5.331670200818697941e-02
1.442365728435579975e+01 5.330039264521523046e-02
1.443327830988202187e+01 5.326663101477416284e-02
1.444289933540824222e+01 5.324230146835522842e-02
1.445252036093446257e+01 5.325429165414434507e-02
1.446214138646068292e+01 5.331944072579674482e-02
1.447176241198690505e+01 5.338669767279230483e-02
1.448138343751312540e+01 5.338614747077034817e-02
1.449100446303934575e+01 5.332996382424388948e-02
1.450062548856556610e+01 5.327096713542482653e-02
1.451024651409178645e+01 5.323191143369220696e-02
1.451986753961800858e+01 5.321514762511289631e-02
1.452948856514422893e+01 5.321582613890930846e-02
1.453910959067044928e+01 5.322352527186977045e-02
1.454873061619666963e+01 5.322765749735732660e-02
1.455835164172288998e+01 5.321795614599277718e-02
1.456797266724911211e+01 5.319475494154642797e-02
1.457759369277533246e+01 5.317094929455359886e-02
1.458721471830155281e+01 5.315401620781436826e-02
1.459683574382777316e+01 5.314254256348272670e-02
1.460645676935399528e+01 5.313442250516571541e-02
1.461607779488021563e+01 5.312754913222438730e-02
1.462569882040643598e+01 5.311981444489277671e-02
1.463531984593265634e+01 5.310912135664115630e-02
1.464494087145887669e+01 5.309757987842832899e-02
1.465456189698509881e+01 5.309766403901405862e-02
1.466418292251131916e+01 5.311347244087320091e-02
1.467380394803753951e+01 5.311998504395894910e-02
1.468342497356375986e+01 5.309589210768825979e-02
1.469304599908998199e+01 5.305107733530575742e-02
1.470266702461620234e+01 5.300218332921812631e-02
1.471228805014242269e+01 5.296586814854307296e-02
1.472190907566864304e+01 5.295528873573192297e-02
1.473153010119486339e+01 5.296705434539787649e-02
1.474115112672108552e+01 5.299219305918362322e-02
1.475077215224730587e+01 5.301769022511667456e-02
1.476039317777352622e+01 5.302914519234049745e-02
1.477001420329974657e+01 5.301216974890499839e-02
1.477963522882596692e+01 5.295719372660240981e-02
1.478925625435218905e+01 5.289005936514198924e-02
1.479887727987840940e+01 5.284710883011067145e-02
1.480849830540462975e+01 5.282031016419387603e-02
1.481811933093085010e+01 5.278249279298789093e-02
1.482774035645707222e+01 5.273227825988145712e-02
1.483736138198329257e+01 5.268237745540291922e-02
1.484698240750951292e+01 5.264561251510135875e-02
1.485660343303573327e+01 5.263480665516388074e-02
1.486622445856195363e+01 5.266280374318445950e-02
1.487584548408817575e+01 5.273930550043842008e-02
1.488546650961439610e+01 5.283196054644025141e-02
1.489508753514061645e+01 5.288153498256015217e-02
1.490470856066683680e+01 5.287201396111136653e-02
1.491432958619305715e+01 5.282080028902623459e-02
1.492395061171927928e+01 5.274613491485716232e-02
1.493357163724549963e+01 5.266625962647711323e-02
1.494319266277171998e+01 5.259941760228817320e-02
1.495281368829794033e+01 5.256286379270400100e-02
1.496243471382416246e+01 5.255479808181494350e-02
1.497205573935038281e+01 5.255619078371203540e-02
1.498167676487660316e+01 5.254705910448290856e-02
1.499129779040282351e+01 5.250876714810093215e-02
1.500091881592904386e+01 5.245951447790546396e-02
1.501053984145526599e+01 5.245097348843390933e-02
1.502016086698148634e+01 5.247662310814001779e-02
1.502978189250770669e+01 5.247182920003577722e-02
1.503940291803392704e+01 5.241760036963804409e-02
1.504902394356014739e+01 5.234421379953650699e-02
1.505864496908636951e+01 5.227320222463361504e-02
1.506826599461258986e+01 5.221458831356869806e-02
1.507788702013881021e+01 5.217787143318633469e-02
1.508750804566503056e+01 5.217214201906292259e-02
1.509712907119125269e+01 5.219589357509731714e-02
1.510675009671747304e+01 5.223632814801448115e-02
1.511637112224369339e+01 5.227738422014346908e-02
1.512599214776991374e+01 5.230051092897219228e-02
1.513561317329613409e+01 5.229704040819749961e-02
1.514523419882235622e+01 5.226903546600819572e-02
1.515485522434857657e+01 5.222624371454968883e-02
1.516447624987479692e+01 5.218536976822227280e-02
1.517409727540101727e+01 5.215364713171268679e-02
1.518371830092723940e+01 5.212849456807164272e-02
1.519333932645345975e+01 5.210690007553758080e-02
1.520296035197968010e+01 5.208591834211875882e-02
1.521258137750590045e+01 5.206399789071459311e-02
1.522220240303212080e+01 5.204089040546840822e-02
1.523182342855834293e+01 5.201640017099528474e-02
1.524144445408456328e+01 5.199033303681164370e-02
1.525106547961078363e+01 5.196249374319503872e-02
1.526068650513700398e+01 5.193318383439275709e-02
1.527030753066322433e+01 5.191070922250302228e-02
1.527992855618944645e+01 5.190720000341893237e-02
1.528954958171566680e+01 5.189702961049253577e-02
1.529917060724188715e+01 5.183369150947200049e-02
1.530879163276810750e+01 5.177094493107832485e-02
1.531841265829432963e+01 5.181831196387934324e-02
1.532803368382054998e+01 5.190870895689699005e-02
1.533765470934677033e+01 5.187768353813219935e-02
1.534727573487299068e+01 5.175234278757809975e-02
1.535689676039921103e+01 5.166436620607651325e-02
1.536651778592543316e+01 5.163943148181129178e-02
1.537613881145165351e+01 5.164432799098855192e-02
1.538575983697787386e+01 5.164533832813215236e-02
1.539538086250409421e+01 5.161580159158422887e-02
1.540500188803031456e+01 5.157917600204432046e-02
1.541462291355653669e+01 5.157145086864162176e-02
1.542424393908275704e+01 5.156747028952029382e-02
1.543386496460897739e+01 5.152785474566437540e-02
1.544348599013519774e+01 5.146822676326325008e-02
1.545310701566141987e+01 5.141829603657483566e-02
1.546272804118764022e+01 5.138335944329811000e-02
1.547234906671386057e+01 5.136132502042261433e-02
1.548197009224008092e+01 5.135010903934283943e-02
1.549159111776630127e+01 5.134457435426669630e-02
1.550121214329252339e+01 5.132885945744893041e-02
1.551083316881874374e+01 5.129176032415846270e-02
1.552045419434496409e+01 5.124323530651410386e-02
1.553007521987118444e+01 5.119723075567109843e-02
1.553969624539740657e+01 5.116770764474667249e-02
1.554931727092362692e+01 5.116869039242147310e-02
1.555893829644984727e+01 5.121392228015853032e-02
1.556855932197606762e+01 5.128056649427864544e-02
1.557818034750228797e+01 5.127783774974420394e-02
1.558780137302851010e+01 5.117720609194690434e-02
1.559742239855473045e+01 5.106056325437555166e-02
1.560704342408095080e+01 5.097959865939991758e-02
1.561666444960717115e+01 5.093211279931098706e-02
1.562628547513339150e+01 5.091212398716728899e-02
1.563590650065961363e+01 5.091336645335521605e-02
1.564552752618583398e+01 5.092376204767944115e-02
1.565514855171205433e+01 5.092656610583538856e-02
1.566476957723827468e+01 5.091686613513413812e-02
1.567439060276449680e+01 5.089912733900073954e-02
1.568401162829071716e+01 5.087806140411004624e-02
1.569363265381693751e+01 5.085837440993933034e-02
1.570325367934315786e+01 5.084475971281926521e-02
1.571287470486937821e+01 5.083963472016826690e-02
1.572249573039560033e+01 5.083000025243215869e-02
1.573211675592182068e+01 5.079647962583807436e-02
1.574173778144804103e+01 5.071969022806867289e-02
1.575135880697426138e+01 5.059875090495850880e-02
1.576097983250048173e+01 5.051025276291462585e-02
1.577060085802670386e+01 5.051613970641399137e-02
1.578022188355292421e+01 5.056528931955294598e-02
1.578984290907914456e+01 5.059973744517711619e-02
1.579946393460536491e+01 5.060109036225769047e-02
1.580908496013158704e+01 5.056752584604538164e-02
1.581870598565780739e+01 5.051768682538677196e-02
1.582832701118402774e+01 5.047256359058176906e-02
1.583794803671024809e+01 5.045214987748285196e-02
1.584756906223646844e+01 5.044533380778894877e-02
1.585719008776269057e+01 5.040687904659862245e-02
1.586681111328891092e+01 5.033990010003971949e-02
1.587643213881513127e+01 5.029113626116903796e-02
1.588605316434135162e+01 5.027318246301556992e-02
1.589567418986757197e+01 5.027317097663662471e-02
1.590529521539379409e+01 5.027768704427988677e-02
1.591491624092001445e+01 5.027331473288559893e-02
1.592453726644623480e+01 5.024663976241576513e-02
1.593415829197245515e+01 5.019140004554065865e-02
1.594377931749867727e+01 5.013562754626008089e-02
1.595340034302489762e+01 5.010595826330698638e-02
1.596302136855111797e+01 5.008848031302459702e-02
1.597264239407733832e+01 5.006048232528504532e-02
1.598226341960355867e+01 4.999951627368484641e-02
1.599188444512978080e+01 4.991181467365971014e-02
1.600150547065599937e+01 4.985596203903629869e-02
1.601112649618222150e+01 4.985816216451961075e-02
1.602074752170844008e+01 4.989238801100338849e-02
1.603036854723466220e+01 4.992882688573992839e-02
1.603998957276088433e+01 4.993919059907851732e-02
1.604961059828710290e+01 4.991649616903465897e-02
1.605923162381332503e+01 4.986950645412378813e-02
1.606885264933954360e+01 4.980735195508993046e-02
1.607847367486576573e+01 4.973916162275741210e-02
1.608809470039198786e+01 4.967406325254947186e-02
1.609771572591820643e+01 4.961950058413557019e-02
1.610733675144442856e+01 4.957580236744017765e-02
1.611695777697064713e+01 4.954141719844086522e-02
1.612657880249686926e+01 4.951479303516786307e-02
1.613619982802309138e+01 4.949437747719742653e-02
1.614582085354930996e+01 4.947861794228927690e-02
1.615544187907553209e+01 4.946596175110323790e-02
1.616506290460175421e+01 4.945487137281229240e-02
1.617468393012797279e+01 4.944416031462229438e-02
1.618430495565419491e+01 4.943296327517597566e-02
1.619392598118041349e+01 4.942004140890574049e-02
1.620354700670663561e+01 4.940388458515273390e-02
1.621316803223285774e+01 4.938297915619963008e-02
1.622278905775907631e+01 4.935581156308315592e-02
1.623241008328529844e+01 4.932086408274672512e-02
1.624203110881151702e+01 4.927728091442742236e-02
1.625165213433773914e+01 4.922651453248382686e-02
1.626127315986396127e+01 4.917053590167590887e-02
1.627089418539017984e+01 4.911150897091684508e-02
1.628051521091640197e+01 4.906190230502829180e-02
1.629013623644262054e+01 4.904848101006767380e-02
1.629975726196884267e+01 4.906312467938520744e-02
1.630937828749506480e+01 4.906287042787627062e-02
1.631899931302128337e+01 4.903895714850282916e-02
1.632862033854750550e+01 4.900652701975534431e-02
1.633824136407372407e+01 4.897086450776039906e-02
1.634786238959994620e+01 4.893240182399139632e-02
1.635748341512616832e+01 4.889154224479715094e-02
1.636710444065238690e+01 4.884912228793998612e-02
1.637672546617860903e+01 4.880728140166379347e-02
1.638634649170482760e+01 4.876840339666874830e-02
1.639596751723104973e+01 4.873487148630704230e-02
1.640558854275727185e+01 4.870906840113851249e-02
1.641520956828349043e+01 4.869337648609009528e-02
1.642483059380971255e+01 4.869017777881613079e-02
1.643445161933593468e+01 4.869906120294442697e-02
1.644407264486215325e+01 4.869401253075775898e-02
1.645369367038837538e+01 4.864655607816044391e-02
1.646331469591459395e+01 4.858924646972401923e-02
1.647293572144081608e+01 4.856025641686945865e-02
1.648255674696703821e+01 4.854852418494731703e-02
1.649217777249325678e+01 4.853291705553683388e-02
1.650179879801947891e+01 4.849293399039615593e-02
1.651141982354569748e+01 4.843187593183816836e-02
1.652104084907191961e+01 4.838215097437075646e-02
1.653066187459814174e+01 4.835480184525853958e-02
1.654028290012436031e+01 4.834176262789181139e-02
1.654990392565058244e+01 4.833438463403661595e-02
1.655952495117680101e+01 4.832402797576711151e-02
1.656914597670302314e+01 4.830208346303280914e-02
1.657876700222924526e+01 4.826367575569485285e-02
1.658838802775546384e+01 4.821465361065945671e-02
1.659800905328168596e+01 4.816278148791131725e-02
1.660763007880790454e+01 4.811565731284288272e-02
1.661725110433412667e+01 4.807663378356957090e-02
1.662687212986034879e+01 4.804450402633621969e-02
1.663649315538656737e+01 4.801783681946298482e-02
1.664611418091278949e+01 4.799520161285275588e-02
1.665573520643901162e+01 4.797516861100329516e-02
1.666535623196523019e+01 4.795630870285093328e-02
1.667497725749145232e+01 4.793719323722858000e-02
1.668459828301767089e+01 4.791639364253467287e-02
1.669421930854389302e+01 4.789248088928416830e-02
1.670384033407011515e+01 4.786402479455617587e-02
1.671346135959633372e+01 4.782959316796481231e-02
1.672308238512255585e+01 4.778775079967188810e-02
1.673270341064877442e+01 4.773830284184466671e-02
1.674232443617499655e+01 4.769016028580625594e-02
1.675194546170121868e+01 4.765629603929726760e-02
1.676156648722743725e+01 4.764957739016333765e-02
1.677118751275365938e+01 4.766138265849030609e-02
1.678080853827987795e+01 4.763687339976448859e-02
1.679042956380610008e+01 4.756609171698705091e-02
1.680005058933231865e+01 4.750279129963720648e-02
1.680967161485854078e+01 4.746806938049619173e-02
1.681929264038476290e+01 4.745467146064485248e-02
1.682891366591098148e+01 4.745458122477670682e-02
1.683853469143720361e+01 4.745976439489400095e-02
1.684815571696342218e+01 4.746219231356140628e-02
1.685777674248964431e+01 4.745385244189870982e-02
1.686739776801586643e+01 4.742702857400757366e-02
1.687701879354208501e+01 4.738296797266407234e-02
1.688663981906830713e+01 4.733349668453825515e-02
1.689626084459452571e+01 4.729105313695048524e-02
1.690588187012074783e+01 4.726584636730291056e-02
1.691550289564696996e+01 4.725453075079002335e-02
1.692512392117318853e+01 4.724867645697216484e-02
1.693474494669941066e+01 4.723988677897040384e-02
1.694436597222563279e+01 4.722318778000481748e-02
1.695398699775185136e+01 4.719945751960290953e-02
1.696360802327807349e+01 4.717014831685304582e-02
1.697322904880429206e+01 4.713671370982309289e-02
1.698285007433051419e+01 4.710060842281686005e-02
1.699247109985673632e+01 4.706328817497885952e-02
1.700209212538295489e+01 4.702620933036050221e-02
1.701171315090917702e+01 4.699082838964126901e-02
1.702133417643539559e+01 4.695856723718627723e-02
1.703095520196161772e+01 4.692961711279048515e-02
1.704057622748783984e+01 4.690262438874790579e-02
1.705019725301405842e+01 4.687613742169439990e-02
1.705981827854028055e+01 4.684870536360986187e-02
1.706943930406649912e+01 4.681887895160735669e-02
1.707906032959272125e+01 4.678570673816470626e-02
1.708868135511894337e+01 4.674969669013584461e-02
1.709830238064516195e+01 4.671162300599072253e-02
1.710792340617138407e+01 4.667225960360216197e-02
1.711754443169760265e+01 4.663238020384453258e-02
1.712716545722382477e+01 4.659275840266397656e-02
1.713678648275004690e+01 4.655416773153814303e-02
1.714640750827626547e+01 4.651738170627531255e-02
1.715602853380248760e+01 4.648316586410482926e-02
1.716564955932870618e+01 4.645161809631979249e-02
1.717527058485492830e+01 4.642167589879409029e-02
1.718489161038115043e+01 4.639215773446003083e-02
1.719451263590736900e+01 4.636213651237341277e-02
1.720413366143359113e+01 4.633277979802179897e-02
1.721375468695981326e+01 4.630627630632989239e-02
1.722337571248603183e+01 4.628484801123098485e-02
1.723299673801225396e+01 4.627072910807719652e-02
1.724261776353847253e+01 4.626612989228049561e-02
1.725223878906469466e+01 4.627317915193012582e-02
1.726185981459091678e+01 4.629114421357506670e-02
1.727148084011713536e+01 4.629754712037037478e-02
1.728110186564335748e+01 4.627061715827534422e-02
1.729072289116957606e+01 4.622831238758130790e-02
1.730034391669579819e+01 4.618889232459297972e-02
1.730996494222202031e+01 4.615392322874218439e-02
1.731958596774823889e+01 4.612312638731522890e-02
1.732920699327446101e+01 4.609615597099000345e-02
1.733882801880067959e+01 4.607262340966174208e-02
1.734844904432690171e+01 4.605211772839382794e-02
1.735807006985312384e+01 4.603422189750588922e-02
1.736769109537934241e+01 4.601852522302071063e-02
1.737731212090556454e+01 4.600463178133264164e-02
1.738693314643178311e+01 4.599216488493744481e-02
1.739655417195800524e+01 4.598075781810381096e-02
1.740617519748422737e+01 4.596999299442515452e-02
1.741579622301044594e+01 4.595942651548444446e-02
1.742541724853666807e+01 4.594861090378107166e-02
1.743503827406289020e+01 4.593709558936431847e-02
1.744465929958910877e+01 4.592442731177390214e-02
1.745428032511533090e+01 4.591015049792097208e-02
1.746390135064154947e+01 4.589380761606437487e-02
1.747352237616777160e+01 4.587493950594601078e-02
1.748314340169399372e+01 4.585308568507050903e-02
1.749276442722021230e+01 4.582778463104354716e-02
1.750238545274643442e+01 4.579857403982389580e-02
1.751200647827265300e+01 4.576499105969487197e-02
1.752162750379887513e+01 4.572657250072108964e-02
1.753124852932509725e+01 4.568285501942943166e-02
1.754086955485131583e+01 4.563337527843567415e-02
1.755049058037753795e+01 4.557767008073267817e-02
1.756011160590375653e+01 4.551545257254754895e-02
1.756973263142997865e+01 4.544929063850792345e-02
1.757935365695620078e+01 4.538406852856698842e-02
1.758897468248241935e+01 4.532473877583473310e-02
1.759859570800864148e+01 4.527625505504941777e-02
1.760821673353486005e+01 4.524345027288084742e-02
1.761783775906108218e+01 4.522724971391132998e-02
1.762745878458730431e+01 4.522392466491070157e-02
1.763707981011352288e+01 4.522947402020881247e-02
1.764670083563974501e+01 4.523988562133798158e-02
1.765632186116596358e+01 4.525110418805017298e-02
1.766594288669218571e+01 4.525906388545924974e-02
1.767556391221840784e+01 4.525989734141384890e-02
1.768518493774462641e+01 4.525279311603613852e-02
1.769480596327084854e+01 4.523933644443008106e-02
1.770442698879707066e+01 4.522117681882576595e-02
1.771404801432328924e+01 4.519996375957546775e-02
1.772366903984951136e+01 4.517734683777826360e-02
1.773329006537572994e+01 4.515497569145936890e-02
1.774291109090195206e+01 4.513433520063404175e-02
1.775253211642817419e+01 4.511560264666405334e-02
1.776215314195439277e+01 4.509833232213952825e-02
1.777177416748061489e+01 4.508207472393354481e-02
1.778139519300683347e+01 4.506638037949905334e-02
1.779101621853305559e+01 4.505079984988735742e-02
1.780063724405927772e+01 4.503488373211931434e-02
1.781025826958549629e+01 4.501818266088352533e-02
1.781987929511171842e+01 4.500024730953373214e-02
1.782950032063793699e+01 4.498062839035447957e-02
1.783912134616415912e+01 4.495887665406296529e-02
1.784874237169038125e+01 4.493454288851468637e-02
1.785836339721659982e+01 4.490717791657919400e-02
1.786798442274282195e+01 4.487633463245842280e-02
1.787760544826904052e+01 4.484189238217536899e-02
1.788722647379526265e+01 4.480441263764461252e-02
1.789684749932148478e+01 4.476454242821853446e-02
1.790646852484770335e+01 4.472292880763466955e-02
1.791608955037392548e+01 4.468021885393397286e-02
1.792571057590014760e+01 4.463705966872911352e-02
1.793533160142636618e+01 4.459409837583152431e-02
1.794495262695258830e+01 4.455198211924282087e-02
1.795457365247880688e+01 4.451135806051471216e-02
1.796419467800502900e+01 4.447287337547918551e-02
1.797381570353125113e+01 4.443717525034848737e-02
1.798343672905746971e+01 4.440491087718226315e-02
1.799305775458369183e+01 4.437672744871714453e-02
1.800267878010991041e+01 4.435327215255149141e-02
1.801229980563613253e+01 4.433519216467601137e-02
1.802192083116235466e+01 4.432313464233855055e-02
1.803154185668857323e+01 4.431774671622849132e-02
1.804116288221479536e+01 4.431967548196385359e-02
1.805078390774101393e+01 4.432918491387432408e-02
1.806040493326723606e+01 4.434315813789799915e-02
1.807002595879345819e+01 4.435671739573133349e-02
1.807964698431967676e+01 4.436504893749457223e-02
1.808926800984589889e+01 4.436633303230488878e-02
1.809888903537211746e+01 4.436258155427344474e-02
1.810851006089833959e+01 4.435605750505806910e-02
1.811813108642456172e+01 4.434855341210745816e-02
1.812775211195078029e+01 4.434033862242321711e-02
1.813737313747700242e+01 4.433137536528453798e-02
1.814699416300322099e+01 4.432162575476299854e-02
1.815661518852944312e+01 4.431105180046957664e-02
1.816623621405566524e+01 4.429961541603558151e-02
1.817585723958188382e+01 4.428727842539201265e-02
1.818547826510810594e+01 4.427400256690153246e-02
1.819509929063432807e+01 4.425974949539079883e-02
1.820472031616054664e+01 4.424448080503411845e-02
1.821434134168676877e+01 4.422818491509546840e-02
1.822396236721298735e+01 4.421092909804289622e-02
1.823358339273920947e+01 4.419279502518985714e-02
1.824320441826543160e+01 4.417386438943204235e-02
1.825282544379165017e+01 4.415421890628935114e-02
1.826244646931787230e+01 4.413394031478420215e-02
1.827206749484409087e+01 4.411311037815738439e-02
1.828168852037031300e+01 4.409181088442308549e-02
1.829130954589653513e+01 4.407012364676512334e-02
1.830093057142275370e+01 4.404813050377615058e-02
1.831055159694897583e+01 4.402591331954253118e-02
1.832017262247519440e+01 4.400355398357703313e-02
1.832979364800141653e+01 4.398113441060180068e-02
1.833941467352763866e+01 4.395873654018444404e-02
1.834903569905385723e+01 4.393644233622959194e-02
1.835865672458007936e+01 4.391433378632841195e-02
1.836827775010629793e+01 4.389249290096906841e-02
1.837789877563252006e+01 4.387100171260983894e-02
1.838751980115874218e+01 4.384994227461794930e-02
1.839714082668496076e+01 4.382939666007566043e-02
1.840676185221118288e+01 4.380944696045598052e-02
1.841638287773740501e+01 4.379017528416954963e-02
1.842600390326362358e+01 4.377166375498438289e-02
1.843562492878984571e+01 4.375399451031938142e-02
1.844524595431606429e+01 4.373724969941298474e-02
1.845486697984228641e+01 4.372151148136713822e-02
1.846448800536850854e+01 4.370686202306713758e-02
1.847410903089472711e+01 4.369338373602953823e-02
1.848373005642094924e+01 4.368127492429617342e-02
1.849335108194716781e+01 4.367103554194731729e-02
1.850297210747338994e+01 4.366321345504022011e-02
1.851259313299961207e+01 4.365821602638030735e-02
1.852221415852583064e+01 4.365565387891717081e-02
1.853183518405205277e+01 4.365485615685277959e-02
1.854145620957827134e+01 4.365515226439541097e-02
1.855107723510449347e+01 4.365587236018990402e-02
1.856069826063071559e+01 4.365634744675375711e-02
1.857031928615693417e+01 4.365591573781817808e-02
1.857994031168315630e+01 4.365420562061828047e-02
1.858956133720937487e+01 4.365124816775027561e-02
1.859918236273559700e+01 4.364710403994024462e-02
1.860880338826181912e+01 4.364183374460708226e-02
1.861842441378803770e+01 4.363549765184134704e-02
1.862804543931425982e+01 4.362815600924797171e-02
1.863766646484047840e+01 4.361986895563686739e-02
1.864728749036670052e+01 4.361069653354634340e-02
1.865690851589292265e+01 4.360069870058681102e-02
1.866652954141914122e+01 4.358993533959344691e-02
1.867615056694536335e+01 4.357846626757792829e-02
1.868577159247158548e+01 4.356635124347099652e-02
1.869539261799780405e+01 4.355364997464848675e-02
1.870501364352402618e+01 4.354042212223493968e-02
1.871463466905024475e+01 4.352672730517966743e-02
1.872425569457646688e+01 4.351262510310091591e-02
1.873387672010268901e+01 4.349817505789459193e-02
1.874349774562890758e+01 4.348343667410476537e-02
1.875311877115512971e+01 4.346846941805306008e-02
1.876273979668134828e+01 4.345333271572487249e-02
1.877236082220757041e+01 4.343808594941021145e-02
1.878198184773379253e+01 4.342278845309710533e-02
1.879160287326001111e+01 4.340749950661511314e-02
1.880122389878623324e+01 4.339227832852668443e-02
1.881084492431245181e+01 4.337718406776316926e-02
1.882046594983867394e+01 4.336227579400205728e-02
1.883008697536489606e+01 4.334761248678128953e-02
1.883970800089111464e+01 4.333325302334551515e-02
1.884932902641733676e+01 4.331925616521806188e-02
1.885895005194355534e+01 4.330568054349194507e-02
1.886857107746977746e+01 4.329258464283069346e-02
1.887819210299599959e+01 4.328002678416999205e-02
1.888781312852221816e+01 4.326806510610765183e-02
1.889743415404844029e+01 4.325675754496964565e-02
1.890705517957466242e+01 4.324616181353645866e-02
1.891667620510088099e+01 4.323633537841285734e-02
1.892629723062710312e+01 4.322733285631855799e-02
1.893591825615332169e+01 4.321908608002478919e-02
1.894553928167954382e+01 4.321135411221076889e-02
1.895516030720576595e+01 4.320388464086716285e-02
1.896478133273198452e+01 4.319649521444517137e-02
1.897440235825820665e+01 4.318916435257261210e-02
1.898402338378442522e+01 4.318189348797327881e-02
1.899364440931064735e+01 4.317468396893258537e-02
1.900326543483686947e+01 4.316753706289287035e-02
1.901288646036308805e+01 4.316045395997340772e-02
1.902250748588931017e+01 4.315343577641386763e-02
1.903212851141552875e+01 4.314648355794015872e-02
1.904174953694175088e+01 4.313959828305139604e-02
1.905137056246797300e+01 4.313278086622740481e-02
1.906099158799419158e+01 4.312603216105539289e-02
1.907061261352041370e+01 4.311935296327505662e-02
1.908023363904663228e+01 4.311274401374134285e-02
1.908985466457285440e+01 4.310620600130375679e-02
1.909947569009907653e+01 4.309973956560171626e-02
1.910909671562529510e+01 4.309334529977501549e-02
1.911871774115151723e+01 4.308702375308878091e-02
1.912833876667773936e+01 4.308077543347222510e-02
1.913795979220395793e+01 4.307460080997060209e-02
1.914758081773018006e+01 4.306850031510963545e-02
1.915720184325639863e+01 4.306247434717209305e-02
1.916682286878262076e+01 4.305652327238588400e-02
1.917644389430884289e+01 4.305064742702289365e-02
1.918606491983506146e+01 4.304484711940888275e-02
1.919568594536128359e+01 4.303912263184297288e-02
1.920530697088750216e+01 4.303347422242742581e-02
1.921492799641372429e+01 4.302790212680624587e-02
1.922454902193994641e+01 4.302240655981354883e-02
1.923417004746616499e+01 4.301698771702993501e-02
1.924379107299238711e+01 4.301164577624805307e-02
1.925341209851860569e+01 4.300638089884586263e-02
1.926303312404482782e+01 4.300119323106824792e-02
1.927265414957104994e+01 4.299608290521640674e-02
1.928227517509726852e+01 4.299105004074463970e-02
1.929189620062349064e+01 4.298609474526496332e-02
1.930151722614970922e+01 4.298121711545878354e-02
1.931113825167593134e+01 4.297641723789596968e-02
1.932075927720215347e+01 4.297169518976091951e-02
1.933038030272837204e+01 4.296705103948566390e-02
1.934000132825459417e+01 4.296248484729008055e-02
1.934962235378081274e+01 4.295799666562875874e-02
1.935924337930703487e+01 4.295358653954484823e-02
1.936886440483325700e+01 4.294925450693080210e-02
1.937848543035947557e+01 4.294500059869563180e-02
1.938810645588569770e+01 4.294082483883927132e-02
1.939772748141191983e+01 4.293672724443338418e-02
1.940734850693813840e+01 4.293270782550912684e-02
1.941696953246436053e+01 4.292876658485156316e-02
1.942659055799057910e+01 4.292490351770088947e-02
1.943621158351680123e+01 4.292111861136039402e-02
1.944583260904302335e+01 4.291741184471115078e-02
1.945545363456924193e+01 4.291378318763355848e-02
1.946507466009546405e+01 4.291023260033564879e-02
1.947469568562168263e+01 4.290676003258809407e-02
1.948431671114790475e+01 4.290336542286617150e-02
1.949393773667412688e+01 4.290004869739829502e-02
1.950355876220034546e+01 4.289680976912153137e-02
1.951317978772656758e+01 4.289364853654371867e-02
1.952280081325278616e+01 4.289056488251234006e-02
1.953242183877900828e+01 4.288755867289017337e-02
1.954204286430523041e+01 4.288462975513746694e-02
1.955166388983144898e+01 4.288177795680069015e-02
1.956128491535767111e+01 4.287900308390797666e-02
1.957090594088388968e+01 4.287630491927069826e-02
1.958052696641011181e+01 4.287368322069156495e-02
1.959014799193633394e+01 4.287113771907882093e-02
1.959976901746255251e+01 4.286866811646652953e-02
1.960939004298877464e+01 4.286627408394071137e-02
1.961901106851499677e+01 4.286395525947119672e-02
1.962863209404121534e+01 4.286171124564892160e-02
1.963825311956743747e+01 4.285954160732868834e-02
1.964787414509365604e+01 4.285744586917668297e-02
1.965749517061987817e+01 4.285542351312291581e-02
1.966711619614610029e+01 4.285347397571806494e-02
1.967673722167231887e+01 4.285159664539436863e-02
1.968635824719854099e+01 4.284979085963030315e-02
1.969597927272475957e+01 4.284805590201863634e-02
1.970560029825098169e+01 4.284639099923730904e-02
1.971522132377720382e+01 4.284479531792282497e-02
1.972484234930342240e+01 4.284326796144559413e-02
1.973446337482964452e+01 4.284180796658679929e-02
1.974408440035586310e+01 4.284041430011588381e-02
1.975370542588208522e+01 4.283908585526852858e-02
1.976332645140830735e+01 4.283782144812409848e-02
1.977294747693452592e+01 4.283661981388202367e-02
1.978256850246074805e+01 4.283547960303638741e-02
1.979218952798696662e+01 4.283439937744783904e-02
