7.618010371223582489e-01 2.798400208008999801e-01
7.714220626485789323e-01 2.849590188608638885e-01
7.810430881747997267e-01 2.900244843574618647e-01
7.906641137010204101e-01 2.950355089246687879e-01
8.002851392272412046e-01 2.999911826899502310e-01
8.099061647534618880e-01 3.048905944554082814e-01
8.195271902796826824e-01 3.097328318824989490e-01
8.291482158059033658e-01 3.145169816803051743e-01
8.387692413321241602e-01 3.192421297973340732e-01
8.483902668583448436e-01 3.239073616168204883e-01
8.580112923845655271e-01 3.285117621555017631e-01
8.676323179107863215e-01 3.330544162658332086e-01
8.772533434370071159e-01 3.375344088416044608e-01
8.868743689632277993e-01 3.419508250269229777e-01
8.964953944894484827e-01 3.463027504285124403e-01
9.061164200156692772e-01 3.505892713312880882e-01
9.157374455418899606e-01 3.548094749171511464e-01
9.253584710681107550e-01 3.589624494869518845e-01
9.349794965943314384e-01 3.630472846855567481e-01
9.446005221205522329e-01 3.670630717299657175e-01
9.542215476467729163e-01 3.710089036404023433e-01
9.638425731729935997e-01 3.748838754743097357e-01
9.734635986992143941e-01 3.786870845631800653e-01
9.830846242254351885e-01 3.824176307521258700e-01
9.927056497516558720e-01 3.860746166421171188e-01
1.002326675277876555e+00 3.896571478347906070e-01
1.011947700804097350e+00 3.931643331797306518e-01
1.021568726330317922e+00 3.965952850241276084e-01
1.031189751856538717e+00 3.999491194646994097e-01
1.040810777382759511e+00 4.032249566017719888e-01
1.050431802908980305e+00 4.064219207953905233e-01
1.060052828435201100e+00 4.095391409233464786e-01
1.069673853961421672e+00 4.125757506409817865e-01
1.079294879487642467e+00 4.155308886426400394e-01
1.088915905013863261e+00 4.184036989246138205e-01
1.098536930540083834e+00 4.211933310494424543e-01
1.108157956066304628e+00 4.238989404114023030e-01
1.117778981592525422e+00 4.265196885030214102e-01
1.127400007118746217e+00 4.290547431824481284e-01
1.137021032644966789e+00 4.315032789414929293e-01
1.146642058171187584e+00 4.338644771741570483e-01
1.156263083697408378e+00 4.361375264454470102e-01
1.165884109223628951e+00 4.383216227602751980e-01
1.175505134749849745e+00 4.404159698322316907e-01
1.185126160276070539e+00 4.424197793520026623e-01
1.194747185802291334e+00 4.443322712552098541e-01
1.204368211328512128e+00 4.461526739894263738e-01
1.213989236854732701e+00 4.478802247801215719e-01
1.223610262380953495e+00 4.495141698952792031e-01
1.233231287907174067e+00 4.510537649084164769e-01
1.242852313433394862e+00 4.524982749597327158e-01
1.252473338959615656e+00 4.538469750150970206e-01
1.262094364485836451e+00 4.550991501225833402e-01
1.271715390012057245e+00 4.562540956662478053e-01
1.281336415538277818e+00 4.573111176168351832e-01
1.290957441064498612e+00 4.582695327790948236e-01
1.300578466590719184e+00 4.591286690353772459e-01
1.310199492116939979e+00 4.598878655851753594e-01
1.319820517643160773e+00 4.605464732022870877e-01
1.329441543169381568e+00 4.611044024142315623e-01
1.339062568695602362e+00 4.615635470384907846e-01
1.348683594221823157e+00 4.619262564448026742e-01
1.358304619748043729e+00 4.621948918003024875e-01
1.367925645274264523e+00 4.623718251799109891e-01
1.377546670800485096e+00 4.624594386965735771e-01
1.387167696326705890e+00 4.624601236518242620e-01
1.396788721852926685e+00 4.623762797071144237e-01
1.406409747379147479e+00 4.622103140763058615e-01
1.416030772905368273e+00 4.619646407396971743e-01
1.425651798431588846e+00 4.616416796799123201e-01
1.435272823957809640e+00 4.612438561399461734e-01
1.444893849484030213e+00 4.607735999036321473e-01
1.454514875010251007e+00 4.602333445987532023e-01
1.464135900536471802e+00 4.596255270229973600e-01
1.473756926062692596e+00 4.589525864929142052e-01
1.483377951588913390e+00 4.582169642160071055e-01
1.492998977115133963e+00 4.574211026860554030e-01
1.502620002641354757e+00 4.565674451017440738e-01
1.512241028167575330e+00 4.556584348086269998e-01
1.521862053693796124e+00 4.546965147644482230e-01
1.531483079220016918e+00 4.536839707243476294e-01
1.541104104746237713e+00 4.526220007477994578e-01
1.550725130272458507e+00 4.515113423913705293e-01
1.560346155798679302e+00 4.503527332675271166e-01
1.569967181324899874e+00 4.491469125878563839e-01
1.579588206851120669e+00 4.478946210195295929e-01
1.589209232377341241e+00 4.465966005430431207e-01
1.598830257903562035e+00 4.452535943112277406e-01
1.608451283429782830e+00 4.438663465095318839e-01
1.618072308956003624e+00 4.424356022175727765e-01
1.627693334482224419e+00 4.409621072719525636e-01
1.637314360008444991e+00 4.394466081303319838e-01
1.646935385534665786e+00 4.378898517367554311e-01
1.656556411060886358e+00 4.362925853882156368e-01
1.666177436587107152e+00 4.346555566024528083e-01
1.675798462113327947e+00 4.329795129869717929e-01
1.685419487639548741e+00 4.312652021092706067e-01
1.695040513165769536e+00 4.295133713682637300e-01
1.704661538691990108e+00 4.277247678324848090e-01
1.714282564218210902e+00 4.259001141955083281e-01
1.723903589744431475e+00 4.240400667633747456e-01
1.733524615270652269e+00 4.221452699207538517e-01
1.743145640796873064e+00 4.202163672573193676e-01
1.752766666323093858e+00 4.182540014993926247e-01
1.762387691849314653e+00 4.162588144437284199e-01
1.772008717375535225e+00 4.142314468934166216e-01
1.781629742901756019e+00 4.121725385958661114e-01
1.791250768427976814e+00 4.100827281828363646e-01
1.800871793954197386e+00 4.079626531124813660e-01
1.810492819480418181e+00 4.058129496133557890e-01
1.820113845006638975e+00 4.036342526303427491e-01
1.829734870532859770e+00 4.014271957724469542e-01
1.839355896059080342e+00 3.991924112623999599e-01
1.848976921585301136e+00 3.969305298880150823e-01
1.858597947111521931e+00 3.946421809552285165e-01
1.868218972637742725e+00 3.923279941270239601e-01
1.877839998163963298e+00 3.899888841351787927e-01
1.887461023690184092e+00 3.876263540572527089e-01
1.897082049216404886e+00 3.852419749849261832e-01
1.906703074742625459e+00 3.828373126585267738e-01
1.916324100268846253e+00 3.804139273422359468e-01
1.925945125795067048e+00 3.779733737096516721e-01
1.935566151321287842e+00 3.755172007396243572e-01
1.945187176847508415e+00 3.730469516222826298e-01
1.954808202373729209e+00 3.705641636751608736e-01
1.964429227899950003e+00 3.680703682693398093e-01
1.974050253426170798e+00 3.655670907655044766e-01
1.983671278952391370e+00 3.630558504598255798e-01
1.993292304478612165e+00 3.605381605395672207e-01
2.002913330004832737e+00 3.580155280483209301e-01
2.012534355531053532e+00 3.554894538607643040e-01
2.022155381057274326e+00 3.529614326668435997e-01
2.031776406583495120e+00 3.504329529652760455e-01
2.041397432109715915e+00 3.479054970662669999e-01
2.051018457635936265e+00 3.453805411033397665e-01
2.060639483162157504e+00 3.428595550541676529e-01
2.070260508688377854e+00 3.403440027703111270e-01
2.079881534214599093e+00 3.378353420157453879e-01
2.089502559740819443e+00 3.353350245140841457e-01
2.099123585267040237e+00 3.328444960043835388e-01
2.108744610793261032e+00 3.303651963054360929e-01
2.118365636319481382e+00 3.278985593884410354e-01
2.127986661845702621e+00 3.254460134579562625e-01
2.137607687371922971e+00 3.230089810410333162e-01
2.147228712898144209e+00 3.205888790844320102e-01
2.156849738424364560e+00 3.181871130599268072e-01
2.166470763950585354e+00 3.158041223635342787e-01
2.176091789476806149e+00 3.134383386350352851e-01
2.185712815003026943e+00 3.110879484407552686e-01
2.195333840529247738e+00 3.087511455965962215e-01
2.204954866055468088e+00 3.064261310790550308e-01
2.214575891581689326e+00 3.041111129484868614e-01
2.224196917107909677e+00 3.018043062843285274e-01
2.233817942634130471e+00 2.995039331319829801e-01
2.243438968160351266e+00 2.972082224610593237e-01
2.253059993686572060e+00 2.949154101346541657e-01
2.262681019212792854e+00 2.926237388893474511e-01
2.272302044739013205e+00 2.903314583255787173e-01
2.281923070265234443e+00 2.880368249080610954e-01
2.291544095791454794e+00 2.857383009756325198e-01
2.301165121317675588e+00 2.834369235448359059e-01
2.310786146843896383e+00 2.811355123929483724e-01
2.320407172370117177e+00 2.788369130117137051e-01
2.330028197896337971e+00 2.765439602821357923e-01
2.339649223422558322e+00 2.742594785333106189e-01
2.349270248948779560e+00 2.719862816332818678e-01
2.358891274474999911e+00 2.697271731115997717e-01
2.368512300001220705e+00 2.674849463132693561e-01
2.378133325527441500e+00 2.652623845837878136e-01
2.387754351053662294e+00 2.630622614849670304e-01
2.397375376579883088e+00 2.608873410412569926e-01
2.406996402106103439e+00 2.587403780162892963e-01
2.416617427632324677e+00 2.566237839928300346e-01
2.426238453158545028e+00 2.545374039083023177e-01
2.435859478684765822e+00 2.524799009058313337e-01
2.445480504210986616e+00 2.504499362343982072e-01
2.455101529737207411e+00 2.484461754847345494e-01
2.464722555263428205e+00 2.464672883624406119e-01
2.474343580789648556e+00 2.445119484190503012e-01
2.483964606315869794e+00 2.425788327383874843e-01
2.493585631842090145e+00 2.406666215755631222e-01
2.503206657368311383e+00 2.387739979460144768e-01
2.512827682894531733e+00 2.368996471621055977e-01
2.522448708420752528e+00 2.350422563149715538e-01
2.532069733946973322e+00 2.332004852374807702e-01
2.541690759473193673e+00 2.313725099549597264e-01
2.551311784999414911e+00 2.295561074166730386e-01
2.560932810525635261e+00 2.277490535417578954e-01
2.570553836051856500e+00 2.259491365344182823e-01
2.580174861578076850e+00 2.241541572997235998e-01
2.589795887104297645e+00 2.223619295869622703e-01
2.599416912630518439e+00 2.205702798443601453e-01
2.609037938156739234e+00 2.187770467689990339e-01
2.618658963682960028e+00 2.169800805356762730e-01
2.628279989209180378e+00 2.151772416881792271e-01
2.637901014735401617e+00 2.133663996759862791e-01
2.647522040261621967e+00 2.115462793535109187e-01
2.657143065787842762e+00 2.097203328491968888e-01
2.666764091314063556e+00 2.078936319405829958e-01
2.676385116840284351e+00 2.060712298617352334e-01
2.686006142366505145e+00 2.042581615458371191e-01
2.695627167892725495e+00 2.024594451313187493e-01
2.705248193418946734e+00 2.006800831041568312e-01
2.714869218945167084e+00 1.989250630478074378e-01
2.724490244471387879e+00 1.971993579713574862e-01
2.734111269997608673e+00 1.955079261854570927e-01
2.743732295523829467e+00 1.938557106943855912e-01
2.753353321050050262e+00 1.922470832628812298e-01
2.762974346576271056e+00 1.906804709589850211e-01
2.772595372102491407e+00 1.891507131011573306e-01
2.782216397628712201e+00 1.876526138395820664e-01
2.791837423154932996e+00 1.861809931737199997e-01
2.801458448681153790e+00 1.847306875153324757e-01
2.811079474207374584e+00 1.832965501653480433e-01
2.820700499733595379e+00 1.818734516897536346e-01
2.830321525259816173e+00 1.804562801788576754e-01
2.839942550786036524e+00 1.790399413735773715e-01
2.849563576312257318e+00 1.776193586418680914e-01
2.859184601838478113e+00 1.761904101542395296e-01
2.868805627364698907e+00 1.747538581065186392e-01
2.878426652890919701e+00 1.733120393124163716e-01
2.888047678417140496e+00 1.718672843485903878e-01
2.897668703943361290e+00 1.704219168144039676e-01
2.907289729469582085e+00 1.689782534195376773e-01
2.916910754995802435e+00 1.675386040850743719e-01
2.926531780522023229e+00 1.661052720568901853e-01
2.936152806048244024e+00 1.646805540301950754e-01
2.945773831574464818e+00 1.632667402840624060e-01
2.955394857100685613e+00 1.618661148247938497e-01
2.965015882626906407e+00 1.604809555369573204e-01
2.974636908153127202e+00 1.591135343409269542e-01
2.984257933679347552e+00 1.577661173557353969e-01
2.993878959205568346e+00 1.564409650660238960e-01
3.003499984731789141e+00 1.551403324918381732e-01
3.013121010258009935e+00 1.538664693599685884e-01
3.022742035784230730e+00 1.526216202754727969e-01
3.032363061310451524e+00 1.514080248919385252e-01
3.041984086836672319e+00 1.502279180789470869e-01
3.051605112362892669e+00 1.490834051091484425e-01
3.061226137889113463e+00 1.479730418861275598e-01
3.070847163415334258e+00 1.468914269656896032e-01
3.080468188941555052e+00 1.458329648101410470e-01
3.090089214467775847e+00 1.447920747926787488e-01
3.099710239993996641e+00 1.437631907292707123e-01
3.109331265520217435e+00 1.427407603370074995e-01
3.118952291046438230e+00 1.417192446051116217e-01
3.128573316572658580e+00 1.406931170644560580e-01
3.138194342098879375e+00 1.396568629413303675e-01
3.147815367625100169e+00 1.386055784178859274e-01
3.157436393151320964e+00 1.375403591456023089e-01
3.167057418677541758e+00 1.364657382575241162e-01
3.176678444203762552e+00 1.353862782591628289e-01
3.186299469729983347e+00 1.343065309396299367e-01
3.195920495256203697e+00 1.332310380952835549e-01
3.205541520782424492e+00 1.321643318281635893e-01
3.215162546308645286e+00 1.311109343904128810e-01
3.224783571834866081e+00 1.300753575459079048e-01
3.234404597361086875e+00 1.290620822451470640e-01
3.244025622887307669e+00 1.280731291519491555e-01
3.253646648413528464e+00 1.271056914828875839e-01
3.263267673939748814e+00 1.261564058537545385e-01
3.272888699465969609e+00 1.252219186278767937e-01
3.282509724992190403e+00 1.242988869683784442e-01
3.292130750518411197e+00 1.233839794887312546e-01
3.301751776044631992e+00 1.224738764804957081e-01
3.311372801570852786e+00 1.215652696972846780e-01
3.320993827097073581e+00 1.206548617304173399e-01
3.330614852623293931e+00 1.197404248178733366e-01
3.340235878149514726e+00 1.188235041536673392e-01
3.349856903675735520e+00 1.179064758383331635e-01
3.359477929201956314e+00 1.169917085632910664e-01
3.369098954728177109e+00 1.160815643631049054e-01
3.378719980254397903e+00 1.151783991406863106e-01
3.388341005780618698e+00 1.142845629532294321e-01
3.397962031306839492e+00 1.134024000458969256e-01
3.407583056833059842e+00 1.125342484265800941e-01
3.417204082359280637e+00 1.116818265209812422e-01
3.426825107885501431e+00 1.108448760188089632e-01
3.436446133411722226e+00 1.100227419788764177e-01
3.446067158937943020e+00 1.092147689700588842e-01
3.455688184464163815e+00 1.084203008974306409e-01
3.465309209990384609e+00 1.076386808251679483e-01
3.474930235516604959e+00 1.068692507962120397e-01
3.484551261042825754e+00 1.061113516486891784e-01
3.494172286569046548e+00 1.053643188083515925e-01
3.503793312095267343e+00 1.046272367974170753e-01
3.513414337621488137e+00 1.038988020208312379e-01
3.523035363147708932e+00 1.031776856927951874e-01
3.532656388673929726e+00 1.024625692969948071e-01
3.542277414200150076e+00 1.017521451356963452e-01
3.551898439726370871e+00 1.010451165283023228e-01
3.561519465252591665e+00 1.003401976467000467e-01
3.571140490778812460e+00 9.963611297468533134e-02
3.580761516305033254e+00 9.893174016129195614e-02
3.590382541831254049e+00 9.822706210656007020e-02
3.600003567357474843e+00 9.752256778927884118e-02
3.609624592883695637e+00 9.681874573963164532e-02
3.619245618409915988e+00 9.611608140627828090e-02
3.628866643936136782e+00 9.541505725876690824e-02
3.638487669462357577e+00 9.471615289009653604e-02
3.648108694988578371e+00 9.401984511952025947e-02
3.657729720514799165e+00 9.332660809567706883e-02
3.667350746041019960e+00 9.263691340013713305e-02
3.676971771567240754e+00 9.195123015144260337e-02
3.686592797093461105e+00 9.127002510972155591e-02
3.696213822619681899e+00 9.059376278195056809e-02
3.705834848145902694e+00 8.992290552793641423e-02
3.715455873672123488e+00 8.925791366708303587e-02
3.725076899198344282e+00 8.859924558600525135e-02
3.734697924724565077e+00 8.794735543768796016e-02
3.744318950250785871e+00 8.730246570652520910e-02
3.753939975777006222e+00 8.666438221792319152e-02
3.763561001303227016e+00 8.603286966574402728e-02
3.773182026829447810e+00 8.540769609852019717e-02
3.782803052355668605e+00 8.478863227718377860e-02
3.792424077881889399e+00 8.417544996671523505e-02
3.802045103408110194e+00 8.356791910891707420e-02
3.811666128934330988e+00 8.296580354305861660e-02
3.821287154460551783e+00 8.236883022845138680e-02
3.830908179986772133e+00 8.177667008528109738e-02
3.840529205512992927e+00 8.118898792453829727e-02
3.850150231039213722e+00 8.060545201220338518e-02
3.859771256565434516e+00 8.002573759227718520e-02
3.869392282091655311e+00 7.944952954116084320e-02
3.879013307617876105e+00 7.887652411305369482e-02
3.888634333144096900e+00 7.830644641050853172e-02
3.898255358670317250e+00 7.773956144982073491e-02
3.907876384196538044e+00 7.717676216166799441e-02
3.917497409722758839e+00 7.661897523533535426e-02
3.927118435248979633e+00 7.606712494604560282e-02
3.936739460775200428e+00 7.552213327588076786e-02
3.946360486301421222e+00 7.498492002821438573e-02
3.955981511827642016e+00 7.445640293494744377e-02
3.965602537353862367e+00 7.393737104956316086e-02
3.975223562880083161e+00 7.342748963789028083e-02
3.984844588406303956e+00 7.292583820251384574e-02
3.994465613932524750e+00 7.243149233869033976e-02
4.004086639458745545e+00 7.194352878916418503e-02
4.013707664984966783e+00 7.146102539081386484e-02
4.023328690511187133e+00 7.098306102144048835e-02
4.032949716037407484e+00 7.050871554648446837e-02
4.042570741563627834e+00 7.003706976545762131e-02
4.052191767089849073e+00 6.956720535788080140e-02
4.061812792616070311e+00 6.909820482852366275e-02
4.071433818142290662e+00 6.862915145174941500e-02
4.081054843668511012e+00 6.815912921477999820e-02
4.090675869194732250e+00 6.768722275971025826e-02
4.100296894720953489e+00 6.721251732411658020e-02
4.109917920247173839e+00 6.673437125974787665e-02
4.119538945773394190e+00 6.625430211965437077e-02
4.129159971299614540e+00 6.577485260228795039e-02
4.138780996825835778e+00 6.529856869076715309e-02
4.148402022352057017e+00 6.482799356209854869e-02
4.158023047878277367e+00 6.436566776969226966e-02
4.167644073404497718e+00 6.391412941804709702e-02
4.177265098930718068e+00 6.347583367353998307e-02
4.186886124456939307e+00 6.305128000266035926e-02
4.196507149983160545e+00 6.263895752570598774e-02
4.206128175509380895e+00 6.223726439820973649e-02
4.215749201035601246e+00 6.184459968031565807e-02
4.225370226561822484e+00 6.145936319988992702e-02
4.234991252088043723e+00 6.107995540648809840e-02
4.244612277614264073e+00 6.070477721551089528e-02
4.254233303140484423e+00 6.033222984197222222e-02
4.263854328666704774e+00 5.996071462343694619e-02
4.273475354192926012e+00 5.958863283186184578e-02
4.283096379719147251e+00 5.921438547429939969e-02
4.292717405245367601e+00 5.883637308269862309e-02
4.302338430771587952e+00 5.845299549336599454e-02
4.311959456297809190e+00 5.806266579982655857e-02
4.321580481824029540e+00 5.766526988054401087e-02
4.331201507350250779e+00 5.726343368202260059e-02
4.340822532876471129e+00 5.686008191763894382e-02
4.350443558402691480e+00 5.645814006790855766e-02
4.360064583928912718e+00 5.606053480127799749e-02
4.369685609455133957e+00 5.567019431428414655e-02
4.379306634981354307e+00 5.529001947849267878e-02
4.388927660507574657e+00 5.492100220038008407e-02
4.398548686033795008e+00 5.456107922714704961e-02
4.408169711560016246e+00 5.420792071161135983e-02
4.417790737086237485e+00 5.385920442495861771e-02
4.427411762612457835e+00 5.351261399947795927e-02
4.437032788138678185e+00 5.316583659308010690e-02
4.446653813664899424e+00 5.281664535235770092e-02
4.456274839191120662e+00 5.246496433637378581e-02
4.465895864717341013e+00 5.211297519463308631e-02
4.475516890243561363e+00 5.176296154529137772e-02
4.485137915769781713e+00 5.141720454207583668e-02
4.494758941296002952e+00 5.107798265606263571e-02
4.504379966822224191e+00 5.074756773233458224e-02
4.514000992348444541e+00 5.042787997335419770e-02
4.523622017874664891e+00 5.011778975254987251e-02
4.533243043400885242e+00 4.981456787814386028e-02
4.542864068927106480e+00 4.951549018796917029e-02
4.552485094453327719e+00 4.921785771200638815e-02
4.562106119979548069e+00 4.891899664910964729e-02
4.571727145505768419e+00 4.861625325820920912e-02
4.581348171031989658e+00 4.830804556341962430e-02
4.590969196558210896e+00 4.799598705587702213e-02
4.600590222084431247e+00 4.768227732401255498e-02
4.610211247610651597e+00 4.736911004229384103e-02
4.619832273136871947e+00 4.705867887219915974e-02
4.629453298663093186e+00 4.675317820006667791e-02
4.639074324189314424e+00 4.645469883595317040e-02
4.648695349715534775e+00 4.616342547301379579e-02
4.658316375241755125e+00 4.587783920651715419e-02
4.667937400767975475e+00 4.559636501924260732e-02
4.677558426294196714e+00 4.531743743612932224e-02
4.687179451820417952e+00 4.503950363852390892e-02
4.696800477346638303e+00 4.476102423191530288e-02
4.706421502872858653e+00 4.448095992173974750e-02
4.716042528399079892e+00 4.419982936244010174e-02
4.725663553925301130e+00 4.391845477125752573e-02
4.735284579451521481e+00 4.363765388843552501e-02
4.744905604977741831e+00 4.335824115609843848e-02
4.754526630503962181e+00 4.308102866168658784e-02
4.764147656030184308e+00 4.280682683594118354e-02
4.773768681556404658e+00 4.253644489497925701e-02
4.783389707082625009e+00 4.227069101558352665e-02
4.793010732608845359e+00 4.201037223247084534e-02
4.802631758135065709e+00 4.175629404599402045e-02
4.812252783661287836e+00 4.150925972849000417e-02
4.821873809187508186e+00 4.127004120364671097e-02
4.831494834713728537e+00 4.103829238601935936e-02
4.841115860239948887e+00 4.081220826633558812e-02
4.850736885766169237e+00 4.058989071525347103e-02
4.860357911292391364e+00 4.036944858107039541e-02
4.869978936818611714e+00 4.014899776027000544e-02
4.879599962344832065e+00 3.992666337119431946e-02
4.889220987871052415e+00 3.970152499732459983e-02
4.898842013397274542e+00 3.947493279798212212e-02
4.908463038923494892e+00 3.924856423414047751e-02
4.918084064449715243e+00 3.902409298415260297e-02
4.927705089975935593e+00 3.880318915859854584e-02
4.937326115502155943e+00 3.858751786935216144e-02
4.946947141028378070e+00 3.837795891382503322e-02
4.956568166554598420e+00 3.817254444934249646e-02
4.966189192080818771e+00 3.796866560491253539e-02
4.975810217607039121e+00 3.776372662574142836e-02
4.985431243133259471e+00 3.755514419221199496e-02
4.995052268659481598e+00 3.734034312035927616e-02
5.004673294185701948e+00 3.711768339208564721e-02
5.014294319711922299e+00 3.688977447809643762e-02
5.023915345238142649e+00 3.666043035020882107e-02
5.033536370764364776e+00 3.643346597176563839e-02
5.043157396290585126e+00 3.621270109057410369e-02
5.052778421816805476e+00 3.600195882707627609e-02
5.062399447343025827e+00 3.580400844248381176e-02
5.072020472869246177e+00 3.561678622727910276e-02
5.081641498395468304e+00 3.543684354414123466e-02
5.091262523921688654e+00 3.526073869304120062e-02
5.100883549447909004e+00 3.508504053089825381e-02
5.110504574974129355e+00 3.490632775752602196e-02
5.120125600500351482e+00 3.472223774791307477e-02
5.129746626026571832e+00 3.453438598145408545e-02
5.139367651552792182e+00 3.434532281394621356e-02
5.148988677079012533e+00 3.415759774155631423e-02
5.158609702605232883e+00 3.397376169036378513e-02
5.168230728131455010e+00 3.379636407608911652e-02
5.177851753657675360e+00 3.362695482930603413e-02
5.187472779183895710e+00 3.346451483981729286e-02
5.197093804710116061e+00 3.330761692007527808e-02
5.206714830236336411e+00 3.315483555557732082e-02
5.216335855762558538e+00 3.300474894915342988e-02
5.225956881288778888e+00 3.285594025680484837e-02
5.235577906814999238e+00 3.270699798835785543e-02
5.245198932341219589e+00 3.255651554727775204e-02
5.254819957867441715e+00 3.240308988353985536e-02
5.264440983393662066e+00 3.224531923133258648e-02
5.274062008919882416e+00 3.208179989940859039e-02
5.283683034446102766e+00 3.191129377286821417e-02
5.293304059972323117e+00 3.173513020949612212e-02
5.302925085498545243e+00 3.155662446202261995e-02
5.312546111024765594e+00 3.137915124922364962e-02
5.322167136550985944e+00 3.120609693242724220e-02
5.331788162077206294e+00 3.104085769729692315e-02
5.341409187603426645e+00 3.088602732996517664e-02
5.351030213129648772e+00 3.074002518554783472e-02
5.360651238655869122e+00 3.059992017713266191e-02
5.370272264182089472e+00 3.046278229184830669e-02
5.379893289708309823e+00 3.032568714237000515e-02
5.389514315234531949e+00 3.018573611702994597e-02
5.399135340760752300e+00 3.004183071561671720e-02
5.408756366286972650e+00 2.989602783385475818e-02
5.418377391813193000e+00 2.975070311144619242e-02
5.427998417339413351e+00 2.960823469054977772e-02
5.437619442865635477e+00 2.947100489397648168e-02
5.447240468391855828e+00 2.934110422952016309e-02
5.456861493918076178e+00 2.921773820859593571e-02
5.466482519444296528e+00 2.909847995246113775e-02
5.476103544970518655e+00 2.898088334647399428e-02
5.485724570496739005e+00 2.886250239872588733e-02
5.495345596022959356e+00 2.874089652963511196e-02
5.504966621549179706e+00 2.861479697858102314e-02
5.514587647075400056e+00 2.848555767620073245e-02
5.524208672601622183e+00 2.835488878609237345e-02
5.533829698127842533e+00 2.822450161744475758e-02
5.543450723654062884e+00 2.809610921423251473e-02
5.553071749180283234e+00 2.797128371969235736e-02
5.562692774706503585e+00 2.785029137386910159e-02
5.572313800232725711e+00 2.773269695888970487e-02
5.581934825758946062e+00 2.761805810697542593e-02
5.591555851285166412e+00 2.750593207719359903e-02
5.601176876811386762e+00 2.739587780750301141e-02
5.610797902337608889e+00 2.728758335841981533e-02
5.620418927863829239e+00 2.718094318320090491e-02
5.630039953390049590e+00 2.707587007972062088e-02
5.639660978916269940e+00 2.697227669402956982e-02
5.649282004442490290e+00 2.687007551127855443e-02
5.658903029968712417e+00 2.676917883986238908e-02
5.668524055494932767e+00 2.666949878875821828e-02
5.678145081021153118e+00 2.657094723806832648e-02
5.687766106547373468e+00 2.647343580282883815e-02
5.697387132073593818e+00 2.637687579021268450e-02
5.707008157599815945e+00 2.628115373962092507e-02
5.716629183126036295e+00 2.618584857675136310e-02
5.726250208652256646e+00 2.609032900152219447e-02
5.735871234178476996e+00 2.599395940858065246e-02
5.745492259704699123e+00 2.589610391462379008e-02
5.755113285230919473e+00 2.579614573999779517e-02
5.764734310757139824e+00 2.569433173276191446e-02
5.774355336283360174e+00 2.559209933297398529e-02
5.783976361809580524e+00 2.549097503467148002e-02
5.793597387335802651e+00 2.539248786129561994e-02
5.803218412862023001e+00 2.529816767109127271e-02
5.812839438388243352e+00 2.520895177884291058e-02
5.822460463914463702e+00 2.512427918540904859e-02
5.832081489440684052e+00 2.504335489282739219e-02
5.841702514966906179e+00 2.496538251273590012e-02
5.851323540493126529e+00 2.488956451755338847e-02
5.860944566019346880e+00 2.481519194817631557e-02
5.870565591545567230e+00 2.474193486162064304e-02
5.880186617071789357e+00 2.466956350860305749e-02
5.889807642598009707e+00 2.459784770395384221e-02
5.899428668124230057e+00 2.452655675956313952e-02
5.909049693650450408e+00 2.445545940152878128e-02
5.918670719176670758e+00 2.438432367084053184e-02
5.928291744702892885e+00 2.431291680773695063e-02
5.937912770229113235e+00 2.424100512001029981e-02
5.947533795755333585e+00 2.416835383570763163e-02
5.957154821281553936e+00 2.409479887221207400e-02
5.966775846807776063e+00 2.402078496147871944e-02
5.976396872333996413e+00 2.394706493615280513e-02
5.986017897860216763e+00 2.387439582960573445e-02
5.995638923386437114e+00 2.380353679201127615e-02
6.005259948912657464e+00 2.373518606921496549e-02
6.014880974438879591e+00 2.366941315357550327e-02
6.024501999965099941e+00 2.360592613434459378e-02
6.034123025491320291e+00 2.354442971706673104e-02
6.043744051017540642e+00 2.348462951911588908e-02
6.053365076543760992e+00 2.342623202187680068e-02
6.062986102069983119e+00 2.336894450781244401e-02
6.072607127596203469e+00 2.331247498193646933e-02
6.082228153122423819e+00 2.325653207723664406e-02
6.091849178648644170e+00 2.320082494363560205e-02
6.101470204174866296e+00 2.314508788510940759e-02
6.111091229701086647e+00 2.308928245761143055e-02
6.120712255227306997e+00 2.303348991307805835e-02
6.130333280753527347e+00 2.297778910819637394e-02
6.139954306279747698e+00 2.292225507092378323e-02
6.149575331805969824e+00 2.286701726744230778e-02
6.159196357332190175e+00 2.281263208707299400e-02
6.168817382858410525e+00 2.275984682581702959e-02
6.178438408384630876e+00 2.270941085879914570e-02
6.188059433910851226e+00 2.266207525696850578e-02
6.197680459437073353e+00 2.261827336013940218e-02
6.207301484963293703e+00 2.257677460893361618e-02
6.216922510489514053e+00 2.253581414620628443e-02
6.226543536015734404e+00 2.249363481236303641e-02
6.236164561541956530e+00 2.244848648269312172e-02
6.245785587068176881e+00 2.239936265378596192e-02
6.255406612594397231e+00 2.234774536881164661e-02
6.265027638120617581e+00 2.229563080479175785e-02
6.274648663646837932e+00 2.224500439721852421e-02
6.284269689173060058e+00 2.219783231266415566e-02
6.293890714699280409e+00 2.215517928147501397e-02
6.303511740225500759e+00 2.211633562539584708e-02
6.313132765751721109e+00 2.208040365965211263e-02
6.322753791277941460e+00 2.204651252839924178e-02
6.332374816804163586e+00 2.201382052013355767e-02
6.341995842330383937e+00 2.198171559452757537e-02
6.351616867856604287e+00 2.194982212658493428e-02
6.361237893382824637e+00 2.191776406586822684e-02
6.370858918909046764e+00 2.188515685013881981e-02
6.380479944435267114e+00 2.185164519750645851e-02
6.390100969961487465e+00 2.181726651311848356e-02
6.399721995487707815e+00 2.178229083826343712e-02
6.409343021013928166e+00 2.174699501006799318e-02
6.418964046540150292e+00 2.171166365589946926e-02
6.428585072066370643e+00 2.167659188319215682e-02
6.438206097592590993e+00 2.164208677078460416e-02
6.447827123118811343e+00 2.160846767472565308e-02
6.457448148645033470e+00 2.157606536434137495e-02
6.467069174171253820e+00 2.154521921856364028e-02
6.476690199697474171e+00 2.151621620269470944e-02
6.486311225223694521e+00 2.148923998918912323e-02
6.495932250749914871e+00 2.146445158128673300e-02
6.505553276276136998e+00 2.144199931793918865e-02
6.515174301802357348e+00 2.142198114527526717e-02
6.524795327328577699e+00 2.140405526655568894e-02
6.534416352854798049e+00 2.138760618529734342e-02
6.544037378381018399e+00 2.137203112933649951e-02
6.553658403907240526e+00 2.135674624152625670e-02
6.563279429433460876e+00 2.134120918026227026e-02
6.572900454959681227e+00 2.132497062744413002e-02
6.582521480485901577e+00 2.130759425909447766e-02
6.592142506012123704e+00 2.128863758820589286e-02
6.601763531538344054e+00 2.126767697305757820e-02
6.611384557064564405e+00 2.124496785041869729e-02
6.621005582590784755e+00 2.122152965559941096e-02
6.630626608117005105e+00 2.119841357514197847e-02
6.640247633643227232e+00 2.117665792729789623e-02
6.649868659169447582e+00 2.115719053427447469e-02
6.659489684695667933e+00 2.114042727475523922e-02
6.669110710221888283e+00 2.112663563141683673e-02
6.678731735748108633e+00 2.111611547635248651e-02
6.688352761274330760e+00 2.110918028466671550e-02
6.697973786800551110e+00 2.110530902487258234e-02
6.707594812326771461e+00 2.110277257068020676e-02
6.717215837852991811e+00 2.109973409015443793e-02
6.726836863379213938e+00 2.109434231532099011e-02
6.736457888905434288e+00 2.108505776138126092e-02
6.746078914431654638e+00 2.107223808772638179e-02
6.755699939957874989e+00 2.105693494768607482e-02
6.765320965484095339e+00 2.104020547782805770e-02
6.774941991010317466e+00 2.102311193524064245e-02
6.784563016536537816e+00 2.100672200047838667e-02
6.794184042062758166e+00 2.099210877662380237e-02
6.803805067588978517e+00 2.098035049447990325e-02
6.813426093115200644e+00 2.097252993444410907e-02
6.823047118641420994e+00 2.096937293811065167e-02
6.832668144167641344e+00 2.097000177852730365e-02
6.842289169693861695e+00 2.097308430056634213e-02
6.851910195220082045e+00 2.097727741669823051e-02
6.861531220746304172e+00 2.098126232531962246e-02
6.871152246272524522e+00 2.098438038171106940e-02
6.880773271798744872e+00 2.098656762085586436e-02
6.890394297324965223e+00 2.098780019044934123e-02
6.900015322851185573e+00 2.098807533736559913e-02
6.909636348377407700e+00 2.098765905742600718e-02
6.919257373903628050e+00 2.098743453942575332e-02
6.928878399429848400e+00 2.098836282826586561e-02
6.938499424956068751e+00 2.099139090715783362e-02
6.948120450482290877e+00 2.099717417154663146e-02
6.957741476008511228e+00 2.100436994851975075e-02
6.967362501534731578e+00 2.101077680761023747e-02
6.976983527060951928e+00 2.101420860515723632e-02
6.986604552587172279e+00 2.101259412122678458e-02
6.996225578113394405e+00 2.100637706589469217e-02
7.005846603639614756e+00 2.099866161992443303e-02
7.015467629165835106e+00 2.099266870602884555e-02
7.025088654692055457e+00 2.099160306551016084e-02
7.034709680218275807e+00 2.099722781766215352e-02
7.044330705744497934e+00 2.100782058093270815e-02
7.053951731270718284e+00 2.102114670160890389e-02
7.063572756796938634e+00 2.103498213363819147e-02
7.073193782323158985e+00 2.104743158819290944e-02
7.082814807849381111e+00 2.105839374957179516e-02
7.092435833375601462e+00 2.106839059795203445e-02
7.102056858901821812e+00 2.107794239360711100e-02
7.111677884428042162e+00 2.108756724613656403e-02
7.121298909954262513e+00 2.109778127606639492e-02
7.130919935480484639e+00 2.110909871507107849e-02
7.140540961006704990e+00 2.112203194589435534e-02
7.150161986532925340e+00 2.113707174259462848e-02
7.159783012059145690e+00 2.115393034474530656e-02
7.169404037585366041e+00 2.117130542101475568e-02
7.179025063111588167e+00 2.118782757819298590e-02
7.188646088637808518e+00 2.120213241076898333e-02
7.198267114164028868e+00 2.121373164831622665e-02
7.207888139690249218e+00 2.122414665434747827e-02
7.217509165216471345e+00 2.123517707694132922e-02
7.227130190742691696e+00 2.124861915847354663e-02
7.236751216268912046e+00 2.126576768922538302e-02
7.246372241795132396e+00 2.128595436899188842e-02
7.255993267321352747e+00 2.130803522706815195e-02
7.265614292847574873e+00 2.133087571405213254e-02
7.275235318373795224e+00 2.135345248144947250e-02
7.284856343900015574e+00 2.137540947081788614e-02
7.294477369426235924e+00 2.139665044125916085e-02
7.304098394952458051e+00 2.141707563718917712e-02
7.313719420478678401e+00 2.143658186731834531e-02
7.323340446004898752e+00 2.145506301789096640e-02
7.332961471531119102e+00 2.147241034065974774e-02
7.342582497057339452e+00 2.148851252233741765e-02
7.352203522583561579e+00 2.150331160615285078e-02
7.361824548109781929e+00 2.151762894150394470e-02
7.371445573636002280e+00 2.153298808660595448e-02
7.381066599162222630e+00 2.155093476110890235e-02
7.390687624688442980e+00 2.157295928153750084e-02
7.400308650214665107e+00 2.159916949169835010e-02
7.409929675740885457e+00 2.162826327376963023e-02
7.419550701267105808e+00 2.165887325379519529e-02
7.429171726793326158e+00 2.168962996900635973e-02
7.438792752319548285e+00 2.171916175395995768e-02
7.448413777845768635e+00 2.174609454073318793e-02
7.458034803371988986e+00 2.176905157500968330e-02
7.467655828898209336e+00 2.178669690504451972e-02
7.477276854424429686e+00 2.179975226897344978e-02
7.486897879950651813e+00 2.181184882448753554e-02
7.496518905476872163e+00 2.182685118368905136e-02
7.506139931003092514e+00 2.184858827701634254e-02
7.515760956529312864e+00 2.187807749775028121e-02
7.525381982055533214e+00 2.191202825891916742e-02
7.535003007581755341e+00 2.194677772235642879e-02
7.544624033107975691e+00 2.197869152074727675e-02
7.554245058634196042e+00 2.200633690392838834e-02
7.563866084160416392e+00 2.203173512556031582e-02
7.573487109686638519e+00 2.205720991701249495e-02
7.583108135212858869e+00 2.208506472854705749e-02
7.592729160739079219e+00 2.211635013446888037e-02
7.602350186265299570e+00 2.215020988324452669e-02
7.611971211791519920e+00 2.218562801160253381e-02
7.621592237317742047e+00 2.222159358878543142e-02
7.631213262843962397e+00 2.225732355547525507e-02
7.640834288370182747e+00 2.229235571800705640e-02
7.650455313896403098e+00 2.232625514297948213e-02
7.660076339422623448e+00 2.235860831131072576e-02
7.669697364948845575e+00 2.238962818293742038e-02
7.679318390475065925e+00 2.242029088424706690e-02
7.688939416001286276e+00 2.245161601604730994e-02
7.698560441527506626e+00 2.248459108756835356e-02
7.708181467053728753e+00 2.251950677358715083e-02
7.717802492579949103e+00 2.255594509789114743e-02
7.727423518106169453e+00 2.259345597161445396e-02
7.737044543632389804e+00 2.263158904871421379e-02
7.746665569158610154e+00 2.266989373685750903e-02
7.756286594684832281e+00 2.270791921575733910e-02
7.765907620211052631e+00 2.274521446360402641e-02
7.775528645737272981e+00 2.278145584884186392e-02
7.785149671263493332e+00 2.281768168628914989e-02
7.794770696789715458e+00 2.285575860424810674e-02
7.804391722315935809e+00 2.289757050811577418e-02
7.814012747842156159e+00 2.294434710283601436e-02
7.823633773368376509e+00 2.299271840712740697e-02
7.833254798894596860e+00 2.303735007135270657e-02
7.842875824420818986e+00 2.307289757739213951e-02
7.852496849947039337e+00 2.309616494049926763e-02
7.862117875473259687e+00 2.311355805102468380e-02
7.871738900999480038e+00 2.313415776991493283e-02
7.881359926525700388e+00 2.316702982567523522e-02
7.890980952051922515e+00 2.321681109089288736e-02
7.900601977578142865e+00 2.327601254236364228e-02
7.910223003104363215e+00 2.333510829938054837e-02
7.919844028630583566e+00 2.338467963975633668e-02
7.929465054156805692e+00 2.342102331473739155e-02
7.939086079683026043e+00 2.344987180712979069e-02
7.948707105209246393e+00 2.347783412431548450e-02
7.958328130735466743e+00 2.351132144207602678e-02
7.967949156261687094e+00 2.355247290184846187e-02
7.977570181787909220e+00 2.359924647744370690e-02
7.987191207314129571e+00 2.364943115662626605e-02
7.996812232840349921e+00 2.370093522139367706e-02
8.006433258366570271e+00 2.375272036827817332e-02
8.016054283892790622e+00 2.380432668551049624e-02
8.025675309419012748e+00 2.385529912581647871e-02
8.035296334945233099e+00 2.390518161163100383e-02
8.044917360471453449e+00 2.395351720271775287e-02
8.054538385997673799e+00 2.399984823651649113e-02
8.064159411523895926e+00 2.404371644202986380e-02
8.073780437050116277e+00 2.408466302796826927e-02
8.083401462576336627e+00 2.412222874578602225e-02
8.093022488102556977e+00 2.415595392816230133e-02
8.102643513628777328e+00 2.418549965382472272e-02
8.112264539154999454e+00 2.421365347886228828e-02
8.121885564681219805e+00 2.424653134434901977e-02
8.131506590207440155e+00 2.429041075611289291e-02
8.141127615733660505e+00 2.435030197741523683e-02
8.150748641259882632e+00 2.442054029507779306e-02
8.160369666786102982e+00 2.449011039340398543e-02
8.169990692312323333e+00 2.454795520274353354e-02
8.179611717838543683e+00 2.458708100884770056e-02
8.189232743364764033e+00 2.461408961435087098e-02
8.198853768890986160e+00 2.463842879064020649e-02
8.208474794417206510e+00 2.466944739231398745e-02
8.218095819943426861e+00 2.471174939548048677e-02
8.227716845469647211e+00 2.476336907058929865e-02
8.237337870995867561e+00 2.482185627011165505e-02
8.246958896522089688e+00 2.488471722914133155e-02
8.256579922048310038e+00 2.494905181196466898e-02
8.266200947574530389e+00 2.501173154092361378e-02
8.275821973100750739e+00 2.506963454583322273e-02
8.285442998626972866e+00 2.512070021950270002e-02
8.295064024153193216e+00 2.516643205047344733e-02
8.304685049679413567e+00 2.520908317180275623e-02
8.314306075205633917e+00 2.525090461660842514e-02
8.323927100731854267e+00 2.529414627756226483e-02
8.333548126258076394e+00 2.534105676286785638e-02
8.343169151784296744e+00 2.539388216675793689e-02
8.352790177310517095e+00 2.545421566090130816e-02
8.362411202836737445e+00 2.551881533318525047e-02
8.372032228362957795e+00 2.558226688891361220e-02
8.381653253889179922e+00 2.563917145991722463e-02
8.391274279415400272e+00 2.568738724408288140e-02
8.400895304941620623e+00 2.573221821892108033e-02
8.410516330467840973e+00 2.578000506031428302e-02
8.420137355994063100e+00 2.583665432468577883e-02
8.429758381520283450e+00 2.590158052234784597e-02
8.439379407046503800e+00 2.596919684103520323e-02
8.449000432572724151e+00 2.603380397617303596e-02
8.458621458098944501e+00 2.609112789622322626e-02
8.468242483625166628e+00 2.614217201516361860e-02
8.477863509151386978e+00 2.618916806197886873e-02
8.487484534677607328e+00 2.623434392274993920e-02
8.497105560203827679e+00 2.627992625397908982e-02
8.506726585730048029e+00 2.632814177646825016e-02
8.516347611256270156e+00 2.638121727408460765e-02
8.525968636782490506e+00 2.644062342709130667e-02
8.535589662308710857e+00 2.650388270648129999e-02
8.545210687834931207e+00 2.656723358259873574e-02
8.554831713361153334e+00 2.662696482206172721e-02
8.564452738887373684e+00 2.668151713183685228e-02
8.574073764413594034e+00 2.673229713072885344e-02
8.583694789939814385e+00 2.678092723288790639e-02
8.593315815466034735e+00 2.682902952488519510e-02
8.602936840992256862e+00 2.687822607904572642e-02
8.612557866518477212e+00 2.693013894939604719e-02
8.622178892044697562e+00 2.698636750858466465e-02
8.631799917570917913e+00 2.704732478529975684e-02
8.641420943097140039e+00 2.711167002508016455e-02
8.651041968623360390e+00 2.717792166622162026e-02
8.660662994149580740e+00 2.724457433720122931e-02
8.670284019675801090e+00 2.730997114023447567e-02
8.679905045202021441e+00 2.737239800781490415e-02
8.689526070728243567e+00 2.743017747514139501e-02
8.699147096254463918e+00 2.748323418674886859e-02
8.708768121780684268e+00 2.753368986725899734e-02
8.718389147306904619e+00 2.758382442907664905e-02
8.728010172833124969e+00 2.763557356886853222e-02
8.737631198359347096e+00 2.768909416992368366e-02
8.747252223885567446e+00 2.774397207958177736e-02
8.756873249411787796e+00 2.779981416530331179e-02
8.766494274938009923e+00 2.785677473558637735e-02
8.776115300464230273e+00 2.791561820321549967e-02
8.785736325990450624e+00 2.797714848599488352e-02
8.795357351516670974e+00 2.804173820706731129e-02
8.804978377042891324e+00 2.810811353800701795e-02
8.814599402569113451e+00 2.817461181632598469e-02
8.824220428095333801e+00 2.823964676638511875e-02
8.833841453621554152e+00 2.830281274837853286e-02
8.843462479147774502e+00 2.836462457887915442e-02
8.853083504673996629e+00 2.842562205015626217e-02
8.862704530200216979e+00 2.848634607197999408e-02
8.872325555726437329e+00 2.854733875358594908e-02
8.881946581252657680e+00 2.860914309117558799e-02
8.891567606778878030e+00 2.867212425921043806e-02
8.901188632305100157e+00 2.873524552283068106e-02
8.910809657831320507e+00 2.879680646540850111e-02
8.920430683357540858e+00 2.885514413515869597e-02
8.930051708883761208e+00 2.891028888525963569e-02
8.939672734409981558e+00 2.896452003560619215e-02
8.949293759936203685e+00 2.902027309979998346e-02
8.958914785462424035e+00 2.907955813660648495e-02
8.968535810988644386e+00 2.914277328356371100e-02
8.978156836514864736e+00 2.920994273881484180e-02
8.987777862041086863e+00 2.928091392922095929e-02
8.997398887567307213e+00 2.935326194580788889e-02
9.007019913093527563e+00 2.942303829344039209e-02
9.016640938619747914e+00 2.948631582618857841e-02
9.026261964145968264e+00 2.954221773192564071e-02
9.035882989672190391e+00 2.959503464653690658e-02
9.045504015198410741e+00 2.964956262426848496e-02
9.055125040724631091e+00 2.970971186223025917e-02
9.064746066250851442e+00 2.977535456681321829e-02
9.074367091777071792e+00 2.984521964143629566e-02
9.083988117303293919e+00 2.991803706700445209e-02
9.093609142829514269e+00 2.999257102425991958e-02
9.103230168355734619e+00 3.006761057178324037e-02
9.112851193881954970e+00 3.014194607496789580e-02
9.122472219408177097e+00 3.021436850271143337e-02
9.132093244934397447e+00 3.028366883767882184e-02
9.141714270460617797e+00 3.034863709433271994e-02
9.151335295986838148e+00 3.040884718024555386e-02
9.160956321513058498e+00 3.046692613991310722e-02
9.170577347039280625e+00 3.052624586997013112e-02
9.180198372565500975e+00 3.058964985092294322e-02
9.189819398091721325e+00 3.065478426568631065e-02
9.199440423617941676e+00 3.071635797793663067e-02
9.209061449144162026e+00 3.076928248456614612e-02
9.218682474670384153e+00 3.081610843582048564e-02
9.228303500196604503e+00 3.086846638232561280e-02
9.237924525722824853e+00 3.093849780958845067e-02
9.247545551249045204e+00 3.103048852477282085e-02
9.257166576775267330e+00 3.112926789839251876e-02
9.266787602301487681e+00 3.121670524289612073e-02
9.276408627827708031e+00 3.127863194306051281e-02
9.286029653353928381e+00 3.132208335486540846e-02
9.295650678880148732e+00 3.136116437974197091e-02
9.305271704406370858e+00 3.140912169496874046e-02
9.314892729932591209e+00 3.146869720553901323e-02
9.324513755458811559e+00 3.153563114234012033e-02
9.334134780985031909e+00 3.160558576048141249e-02
9.343755806511254036e+00 3.167595579670933609e-02
9.353376832037474387e+00 3.174629241304242205e-02
9.362997857563694737e+00 3.181628405336351523e-02
9.372618883089915087e+00 3.188562359393641576e-02
9.382239908616135438e+00 3.195400817796572451e-02
9.391860934142357564e+00 3.202113679313672856e-02
9.401481959668577915e+00 3.208687413929297433e-02
9.411102985194798265e+00 3.215181230101228638e-02
9.420724010721018615e+00 3.221674582170332840e-02
9.430345036247238966e+00 3.228237719622410740e-02
9.439966061773461092e+00 3.234863937726557837e-02
9.449587087299681443e+00 3.241509807362593504e-02
9.459208112825901793e+00 3.248139745333766121e-02
9.468829138352122143e+00 3.254826762610011498e-02
9.478450163878344270e+00 3.261732994253653539e-02
9.488071189404564620e+00 3.269019424187925849e-02
9.497692214930784971e+00 3.276680612734855086e-02
9.507313240457005321e+00 3.284486410458724998e-02
9.516934265983225671e+00 3.292190649506690492e-02
9.526555291509447798e+00 3.299547025101267489e-02
9.536176317035668148e+00 3.306309132082185104e-02
9.545797342561888499e+00 3.312230517065534868e-02
9.555418368088108849e+00 3.317252852863245699e-02
9.565039393614329200e+00 3.321972528575562605e-02
9.574660419140551326e+00 3.327128669912159803e-02
9.584281444666771677e+00 3.333332616946639571e-02
9.593902470192992027e+00 3.340485523460618583e-02
9.603523495719212377e+00 3.348243689718202742e-02
9.613144521245434504e+00 3.356263149141111568e-02
9.622765546771654854e+00 3.364199947063313545e-02
9.632386572297875205e+00 3.371709982577333897e-02
9.642007597824095555e+00 3.378477730846669858e-02
9.651628623350315905e+00 3.384601372608384701e-02
9.661249648876538032e+00 3.390488405595880328e-02
9.670870674402758382e+00 3.396544041929548674e-02
9.680491699928978733e+00 3.402902959821516721e-02
9.690112725455199083e+00 3.409418855687890160e-02
9.699733750981419433e+00 3.415933819212408490e-02
9.709354776507641560e+00 3.422410937596126468e-02
9.718975802033861910e+00 3.428987434422414715e-02
9.728596827560082261e+00 3.435816994040328393e-02
9.738217853086302611e+00 3.442941988618101329e-02
9.747838878612524738e+00 3.450195875219765757e-02
9.757459904138745088e+00 3.457392229720961802e-02
9.767080929664965439e+00 3.464394775500154178e-02
9.776701955191185789e+00 3.471186608636779580e-02
9.786322980717406139e+00 3.477773027114294119e-02
9.795944006243628266e+00 3.484187693539849556e-02
9.805565031769848616e+00 3.490536881324490803e-02
9.815186057296068967e+00 3.496939984268844503e-02
9.824807082822289317e+00 3.503494291641690711e-02
9.834428108348511444e+00 3.510208882277707915e-02
9.844049133874731794e+00 3.517071414193050083e-02
9.853670159400952144e+00 3.524070666653340844e-02
9.863291184927172495e+00 3.531196715990800317e-02
9.872912210453392845e+00 3.538440212419747405e-02
9.882533235979614972e+00 3.545801145486739137e-02
9.892154261505835322e+00 3.553337770664136142e-02
9.901775287032055672e+00 3.561131487916349703e-02
9.911396312558276023e+00 3.569210865715696096e-02
9.921017338084496373e+00 3.577231708155437229e-02
9.930638363610718500e+00 3.584694993889115527e-02
9.940259389136938850e+00 3.591200118167436894e-02
9.949880414663159200e+00 3.597101402895530597e-02
9.959501440189379551e+00 3.603102237484359649e-02
9.969122465715601678e+00 3.609808474889430324e-02
9.978743491241822028e+00 3.616987257945157574e-02
9.988364516768042378e+00 3.623983832972787339e-02
9.997985542294262729e+00 3.630240773453097952e-02
1.000760656782048308e+01 3.636103386125039832e-02
1.001722759334670521e+01 3.642403098949610618e-02
1.002684861887292556e+01 3.649866093275939277e-02
1.003646964439914591e+01 3.658153768189313648e-02
1.004609066992536626e+01 3.666330378398775097e-02
1.005571169545158661e+01 3.673540602683920270e-02
1.006533272097780873e+01 3.679780762076292899e-02
1.007495374650402908e+01 3.685532563404501222e-02
1.008457477203024943e+01 3.691283934419980345e-02
1.009419579755646978e+01 3.697523186049368055e-02
1.010381682308269191e+01 3.704737625533261608e-02
1.011343784860891226e+01 3.713291621538577364e-02
1.012305887413513261e+01 3.722424522743948694e-02
1.013267989966135296e+01 3.730768800441934541e-02
1.014230092518757331e+01 3.737144726266949935e-02
1.015192195071379544e+01 3.742000139568395223e-02
1.016154297624001579e+01 3.746626066134726291e-02
1.017116400176623614e+01 3.752202513371331871e-02
1.018078502729245649e+01 3.758949054103932763e-02
1.019040605281867862e+01 3.766627567450554076e-02
1.020002707834489897e+01 3.774942790337890847e-02
1.020964810387111932e+01 3.783170000699471319e-02
1.021926912939733967e+01 3.790395611436808698e-02
1.022889015492356002e+01 3.795948120837246836e-02
1.023851118044978215e+01 3.800656685454669587e-02
1.024813220597600250e+01 3.805921789532488997e-02
1.025775323150222285e+01 3.812801679826537116e-02
1.026737425702844320e+01 3.820558882011302476e-02
1.027699528255466355e+01 3.827871611723634299e-02
1.028661630808088567e+01 3.833732838031091161e-02
1.029623733360710602e+01 3.838499873756903713e-02
1.030585835913332637e+01 3.842900443499552149e-02
1.031547938465954672e+01 3.847662071092001340e-02
1.032510041018576885e+01 3.853512373678403408e-02
1.033472143571198920e+01 3.861178134740728823e-02
1.034434246123820955e+01 3.870797323004854240e-02
1.035396348676442990e+01 3.880851701690322259e-02
1.036358451229065025e+01 3.889539406558293472e-02
1.037320553781687238e+01 3.896085293912725234e-02
1.038282656334309273e+01 3.901979687001615876e-02
1.039244758886931308e+01 3.909001831004661059e-02
1.040206861439553343e+01 3.917760975983998473e-02
1.041168963992175378e+01 3.926867444918637901e-02
1.042131066544797591e+01 3.934761714647006664e-02
1.043093169097419626e+01 3.940855045332999906e-02
1.044055271650041661e+01 3.945825402053421832e-02
1.045017374202663696e+01 3.950436391573443340e-02
1.045979476755285908e+01 3.955453167475499188e-02
1.046941579307907944e+01 3.961642857302802301e-02
1.047903681860529979e+01 3.969682462879010887e-02
1.048865784413152014e+01 3.978995729192567887e-02
1.049827886965774049e+01 3.988096722730326282e-02
1.050789989518396261e+01 3.995621377010274283e-02
1.051752092071018296e+01 4.001485206157372188e-02
1.052714194623640331e+01 4.006274137340757463e-02
1.053676297176262366e+01 4.010588667856221368e-02
1.054638399728884401e+01 4.015037297118791149e-02
1.055600502281506614e+01 4.020230640789477367e-02
1.056562604834128649e+01 4.026586402253141961e-02
1.057524707386750684e+01 4.033814324469976037e-02
1.058486809939372719e+01 4.041471412554809711e-02
1.059448912491994932e+01 4.049164040457462616e-02
1.060411015044616967e+01 4.056586119184887179e-02
1.061373117597239002e+01 4.063446791307626094e-02
1.062335220149861037e+01 4.069683922385448210e-02
1.063297322702483072e+01 4.075598647207367975e-02
1.064259425255105285e+01 4.081523690727903442e-02
1.065221527807727320e+01 4.087777754128331387e-02
1.066183630360349355e+01 4.094665077594748792e-02
1.067145732912971390e+01 4.102439236477756213e-02
1.068107835465593602e+01 4.110731940744243723e-02
1.069069938018215637e+01 4.118753018963860341e-02
1.070032040570837673e+01 4.125816520923555192e-02
1.070994143123459708e+01 4.132006361904875386e-02
1.071956245676081743e+01 4.137729516993871731e-02
1.072918348228703955e+01 4.143360193684771792e-02
1.073880450781325990e+01 4.149138935389840022e-02
1.074842553333948025e+01 4.155273737043258669e-02
1.075804655886570060e+01 4.161972860679603869e-02
1.076766758439192095e+01 4.169444772085933310e-02
1.077728860991814308e+01 4.177880052172238540e-02
1.078690963544436343e+01 4.186741566056757097e-02
1.079653066097058378e+01 4.194529772721361516e-02
1.080615168649680413e+01 4.199802598253137009e-02
1.081577271202302626e+01 4.203003463309262083e-02
1.082539373754924661e+01 4.206040422376435689e-02
1.083501476307546696e+01 4.210690983523780045e-02
1.084463578860168731e+01 4.217493667113053624e-02
1.085425681412790766e+01 4.226443001481086648e-02
1.086387783965412979e+01 4.237099483677949502e-02
1.087349886518035014e+01 4.247430104401084261e-02
1.088311989070657049e+01 4.255047676400011691e-02
1.089274091623279084e+01 4.259136322636194322e-02
1.090236194175901119e+01 4.261923140339358290e-02
1.091198296728523331e+01 4.265913075280879097e-02
1.092160399281145367e+01 4.271842304611314645e-02
1.093122501833767402e+01 4.278598853841029948e-02
1.094084604386389437e+01 4.285080445239505820e-02
1.095046706939011649e+01 4.291067198230522073e-02
1.096008809491633684e+01 4.296828361115830747e-02
1.096970912044255719e+01 4.302637284431150982e-02
1.097933014596877754e+01 4.308766646516418858e-02
1.098895117149499789e+01 4.315486728810072337e-02
1.099857219702122002e+01 4.322749069018311241e-02
1.100819322254744037e+01 4.329829640266132096e-02
1.101781424807366072e+01 4.335952869570768725e-02
1.102743527359988107e+01 4.341208547705413534e-02
1.103705629912610142e+01 4.346609074991007043e-02
1.104667732465232355e+01 4.353096456558103178e-02
1.105629835017854390e+01 4.360599967460244281e-02
1.106591937570476425e+01 4.368529606905590529e-02
1.107554040123098460e+01 4.376341837632718307e-02
1.108516142675720673e+01 4.383635261765913421e-02
1.109478245228342708e+01 4.390047695761000596e-02
1.110440347780964743e+01 4.395510320656988157e-02
1.111402450333586778e+01 4.400465755111340749e-02
1.112364552886208813e+01 4.405408771923297745e-02
1.113326655438831025e+01 4.410664910318867760e-02
1.114288757991453060e+01 4.416412770304135871e-02
1.115250860544075096e+01 4.422775039152484350e-02
1.116212963096697131e+01 4.429552254630293034e-02
1.117175065649319343e+01 4.436422648948868536e-02
1.118137168201941378e+01 4.443063218122312447e-02
1.119099270754563413e+01 4.449150555886471209e-02
1.120061373307185448e+01 4.454381816421827678e-02
1.121023475859807483e+01 4.459016770450832667e-02
1.121985578412429696e+01 4.463936216532952972e-02
1.122947680965051731e+01 4.469904209938465461e-02
1.123909783517673766e+01 4.476461410292931903e-02
1.124871886070295801e+01 4.482555681119606422e-02
1.125833988622917836e+01 4.487545347638284554e-02
1.126796091175540049e+01 4.492063058687818800e-02
1.127758193728162084e+01 4.496972711541054324e-02
1.128720296280784119e+01 4.502678160712919597e-02
1.129682398833406154e+01 4.509001733419007452e-02
1.130644501386028367e+01 4.515728811832554063e-02
1.131606603938650402e+01 4.522645311130494422e-02
1.132568706491272437e+01 4.529537713215916334e-02
1.133530809043894472e+01 4.536294069316489791e-02
1.134492911596516507e+01 4.543128933247712192e-02
1.135455014149138719e+01 4.550314288689796816e-02
1.136417116701760754e+01 4.557846364118163518e-02
1.137379219254382789e+01 4.565375252902823672e-02
1.138341321807004825e+01 4.572530014871897808e-02
1.139303424359626860e+01 4.578940861754757924e-02
1.140265526912249072e+01 4.584239083162211514e-02
1.141227629464871107e+01 4.588330162089791775e-02
1.142189732017493142e+01 4.591911703461547950e-02
1.143151834570115177e+01 4.595811080010398647e-02
1.144113937122737390e+01 4.600529701113598852e-02
1.145076039675359425e+01 4.606216198430716779e-02
1.146038142227981460e+01 4.612854130360247856e-02
1.147000244780603495e+01 4.619424116071521591e-02
1.147962347333225530e+01 4.624498070754880924e-02
1.148924449885847743e+01 4.627635992353995587e-02
1.149886552438469778e+01 4.630625848416658474e-02
1.150848654991091813e+01 4.635468158652511494e-02
1.151810757543713848e+01 4.642351789013694080e-02
1.152772860096336061e+01 4.649967784951717503e-02
1.153734962648958096e+01 4.657137389377451892e-02
1.154697065201580131e+01 4.663456253695843351e-02
1.155659167754202166e+01 4.668746469701565843e-02
1.156621270306824201e+01 4.673099151446553912e-02
1.157583372859446413e+01 4.677006179383292467e-02
1.158545475412068448e+01 4.680991838463809812e-02
1.159507577964690483e+01 4.685580241944000551e-02
1.160469680517312518e+01 4.691294522017207258e-02
1.161431783069934554e+01 4.698189382494258326e-02
1.162393885622556766e+01 4.705056182901481976e-02
1.163355988175178801e+01 4.710571409427416478e-02
1.164318090727800836e+01 4.715287210882942309e-02
1.165280193280422871e+01 4.721464164879136949e-02
1.166242295833045084e+01 4.730538677715765555e-02
1.167204398385667119e+01 4.739756741063224504e-02
1.168166500938289154e+01 4.745194274419680530e-02
1.169128603490911189e+01 4.746126906563134101e-02
1.170090706043533224e+01 4.746449706664242207e-02
1.171052808596155437e+01 4.749913118090307723e-02
1.172014911148777472e+01 4.756273955429348582e-02
1.172977013701399507e+01 4.763399967415109931e-02
1.173939116254021542e+01 4.769855244656287518e-02
1.174901218806643577e+01 4.775759113510149451e-02
1.175863321359265790e+01 4.781425499082091884e-02
1.176825423911887825e+01 4.787004684257950560e-02
1.177787526464509860e+01 4.792532173557354641e-02
1.178749629017131895e+01 4.798040885270132144e-02
1.179711731569754107e+01 4.803563555435664406e-02
1.180673834122376142e+01 4.809132738632797277e-02
1.181635936674998177e+01 4.814780746984062554e-02
1.182598039227620212e+01 4.820539528026307474e-02
1.183560141780242247e+01 4.826352527769174616e-02
1.184522244332864460e+01 4.831769457419640701e-02
1.185484346885486495e+01 4.836245347996673272e-02
1.186446449438108530e+01 4.839723934491674956e-02
1.187408551990730565e+01 4.842757696200097189e-02
1.188370654543352600e+01 4.845912874822299460e-02
1.189332757095974813e+01 4.849614323635789703e-02
1.190294859648596848e+01 4.854226710705310255e-02
1.191256962201218883e+01 4.859643152192295867e-02
1.192219064753840918e+01 4.865033762895420999e-02
1.193181167306463131e+01 4.869645840395946113e-02
1.194143269859085166e+01 4.873714734141449539e-02
1.195105372411707201e+01 4.877910681869613435e-02
1.196067474964329236e+01 4.882634927052113827e-02
1.197029577516951271e+01 4.887797691176572201e-02
1.197991680069573484e+01 4.893257015926762155e-02
1.198953782622195519e+01 4.898870638502243746e-02
1.199915885174817554e+01 4.904496838325985569e-02
1.200877987727439589e+01 4.910070481488087307e-02
1.201840090280061801e+01 4.915681364251054536e-02
1.202802192832683836e+01 4.921392796065846009e-02
1.203764295385305871e+01 4.926824246954165931e-02
1.204726397937927906e+01 4.931353721001688339e-02
1.205688500490549941e+01 4.934879543780780475e-02
1.206650603043172154e+01 4.938403764753598879e-02
1.207612705595794189e+01 4.942959255768909071e-02
1.208574808148416224e+01 4.948507964564621137e-02
1.209536910701038259e+01 4.954410776434984426e-02
1.210499013253660294e+01 4.960021658011086465e-02
1.211461115806282507e+01 4.964694316546003350e-02
1.212423218358904542e+01 4.967887206640215353e-02
1.213385320911526577e+01 4.970032087684613659e-02
1.214347423464148612e+01 4.972085947547497109e-02
1.215309526016770825e+01 4.974699670273948632e-02
1.216271628569392860e+01 4.977910710625699925e-02
1.217233731122014895e+01 4.981684857605329919e-02
1.218195833674636930e+01 4.985988119613629643e-02
1.219157936227258965e+01 4.990786795685259875e-02
1.220120038779881178e+01 4.996047496243775921e-02
1.221082141332503213e+01 5.001737112736386048e-02
1.222044243885125248e+01 5.007788233557450286e-02
1.223006346437747283e+01 5.013889515609439712e-02
1.223968448990369318e+01 5.019624243943292263e-02
1.224930551542991530e+01 5.024592344756898671e-02
1.225892654095613565e+01 5.028420904964750471e-02
1.226854756648235600e+01 5.030915082829914148e-02
1.227816859200857635e+01 5.032870475700397528e-02
1.228778961753479848e+01 5.035412250770118781e-02
1.229741064306101883e+01 5.039042844904221413e-02
1.230703166858723918e+01 5.043510001043562813e-02
1.231665269411345953e+01 5.048496482010547681e-02
1.232627371963967988e+01 5.053604243176466199e-02
1.233589474516590201e+01 5.058428857759821734e-02
1.234551577069212236e+01 5.062842214619274472e-02
1.235513679621834271e+01 5.066973170068385379e-02
1.236475782174456306e+01 5.070960289165895446e-02
1.237437884727078341e+01 5.074941832459005375e-02
1.238399987279700554e+01 5.079055444863362495e-02
1.239362089832322589e+01 5.083436551707613826e-02
1.240324192384944624e+01 5.088217441426029497e-02
1.241286294937566659e+01 5.093148172126961415e-02
1.242248397490188871e+01 5.097150417163951591e-02
1.243210500042810907e+01 5.099323331670272547e-02
1.244172602595432942e+01 5.100995810872429453e-02
1.245134705148054977e+01 5.104519319575232666e-02
1.246096807700677012e+01 5.110448936891943961e-02
1.247058910253299224e+01 5.116695593521528029e-02
1.248021012805921259e+01 5.121362472577301733e-02
1.248983115358543294e+01 5.124524951084419300e-02
1.249945217911165329e+01 5.126871191210451845e-02
1.250907320463787542e+01 5.129270905372532163e-02
1.251869423016409577e+01 5.132763733873464684e-02
1.252831525569031612e+01 5.137896955807120386e-02
1.253793628121653647e+01 5.143761957022092990e-02
1.254755730674275682e+01 5.149186741901183584e-02
1.255717833226897895e+01 5.153000713916906089e-02
1.256679935779519930e+01 5.154057489043079032e-02
1.257642038332141965e+01 5.153106431367676654e-02
1.258604140884764000e+01 5.154150409139959810e-02
1.259566243437386035e+01 5.160398989601618081e-02
1.260528345990008248e+01 5.168983390234588304e-02
1.261490448542630283e+01 5.175137727237710816e-02
1.262452551095252318e+01 5.177808247870426678e-02
1.263414653647874353e+01 5.179620139319503214e-02
1.264376756200496565e+01 5.182392708074167603e-02
1.265338858753118600e+01 5.185212657331048774e-02
1.266300961305740636e+01 5.186883863399972816e-02
1.267263063858362671e+01 5.187955933377588758e-02
1.268225166410984706e+01 5.189909654261489619e-02
1.269187268963606918e+01 5.193186045446943067e-02
1.270149371516228953e+01 5.196653598243165806e-02
1.271111474068850988e+01 5.199345935340212582e-02
1.272073576621473023e+01 5.201574332367771281e-02
1.273035679174095058e+01 5.203997954430213818e-02
1.273997781726717271e+01 5.207275692390526262e-02
1.274959884279339306e+01 5.212060617076864910e-02
1.275921986831961341e+01 5.218179431353973940e-02
1.276884089384583376e+01 5.223765825693572201e-02
1.277846191937205589e+01 5.227193350439882785e-02
1.278808294489827624e+01 5.229514370587388244e-02
1.279770397042449659e+01 5.232700593279838303e-02
1.280732499595071694e+01 5.237082899089342408e-02
1.281694602147693729e+01 5.241380521996811398e-02
1.282656704700315942e+01 5.244716081252751710e-02
1.283618807252937977e+01 5.247418612793751380e-02
1.284580909805560012e+01 5.250007685893362530e-02
1.285543012358182047e+01 5.253003036574219187e-02
1.286505114910804259e+01 5.256892543414316138e-02
1.287467217463426294e+01 5.261238460442564657e-02
1.288429320016048329e+01 5.264556928304627015e-02
1.289391422568670365e+01 5.265931637610900273e-02
1.290353525121292400e+01 5.266247742952861327e-02
1.291315627673914612e+01 5.266713794901256573e-02
1.292277730226536647e+01 5.268538757944742773e-02
1.293239832779158682e+01 5.272868569717117232e-02
1.294201935331780717e+01 5.278833325787295194e-02
1.295164037884402752e+01 5.283180656344124704e-02
1.296126140437024965e+01 5.283999672571269846e-02
1.297088242989647000e+01 5.283711619392006398e-02
1.298050345542269035e+01 5.285165594788856364e-02
1.299012448094891070e+01 5.288345129567606495e-02
1.299974550647513283e+01 5.291896704860233475e-02
1.300936653200135318e+01 5.295264406567112836e-02
1.301898755752757353e+01 5.298797369514497702e-02
1.302860858305379388e+01 5.302618891359213438e-02
1.303822960858001423e+01 5.306122382243661645e-02
1.304785063410623636e+01 5.308696649622438035e-02
1.305747165963245671e+01 5.310517138650901192e-02
1.306709268515867706e+01 5.312079779237187382e-02
1.307671371068489741e+01 5.313651928313586903e-02
1.308633473621111776e+01 5.315278200954863530e-02
1.309595576173733988e+01 5.316995424602383169e-02
1.310557678726356023e+01 5.318842140946020147e-02
1.311519781278978058e+01 5.320939801534477903e-02
1.312481883831600094e+01 5.323853233407453006e-02
1.313443986384222306e+01 5.328187148722995231e-02
1.314406088936844341e+01 5.332941105169262258e-02
1.315368191489466376e+01 5.335916497925811963e-02
1.316330294042088411e+01 5.336581396177931397e-02
1.317292396594710446e+01 5.337220686845192685e-02
1.318254499147332659e+01 5.339370343761214166e-02
1.319216601699954694e+01 5.340671891026645829e-02
1.320178704252576729e+01 5.338482715849060534e-02
1.321140806805198764e+01 5.336260004637652377e-02
1.322102909357820799e+01 5.340590597704804321e-02
1.323065011910443012e+01 5.351561034850239179e-02
1.324027114463065047e+01 5.361689574150146909e-02
1.324989217015687082e+01 5.365747945380335698e-02
1.325951319568309117e+01 5.365128833189173468e-02
1.326913422120931330e+01 5.362231024331648443e-02
1.327875524673553365e+01 5.359453675741961132e-02
1.328837627226175400e+01 5.359060078725121773e-02
1.329799729778797435e+01 5.361394666959592992e-02
1.330761832331419470e+01 5.365363953342072723e-02
1.331723934884041682e+01 5.368804110436607713e-02
1.332686037436663717e+01 5.367990390119865146e-02
1.333648139989285752e+01 5.361937429232527946e-02
1.334610242541907787e+01 5.358691706124024678e-02
1.335572345094530000e+01 5.366251048700180354e-02
1.336534447647152035e+01 5.379932946396691340e-02
1.337496550199774070e+01 5.390027818108036189e-02
1.338458652752396105e+01 5.393181741978619881e-02
1.339420755305018140e+01 5.391481048405600413e-02
1.340382857857640353e+01 5.387525112725308901e-02
1.341344960410262388e+01 5.384476237030243889e-02
1.342307062962884423e+01 5.384648074051159167e-02
1.343269165515506458e+01 5.387309324700179786e-02
1.344231268068128493e+01 5.391086641063871920e-02
1.345193370620750706e+01 5.394606526178046674e-02
1.346155473173372741e+01 5.396551369131979969e-02
1.347117575725994776e+01 5.396565851694791471e-02
1.348079678278616811e+01 5.395115942304568035e-02
1.349041780831239024e+01 5.393467736049861044e-02
1.350003883383861059e+01 5.394106579851386252e-02
1.350965985936483094e+01 5.398195059157582382e-02
1.351928088489105129e+01 5.402535501274619012e-02
1.352890191041727164e+01 5.403726185423204931e-02
1.353852293594349376e+01 5.402198362782692498e-02
1.354814396146971411e+01 5.399837176533929528e-02
1.355776498699593446e+01 5.398530478702578961e-02
1.356738601252215481e+01 5.400121070622329600e-02
1.357700703804837516e+01 5.404748352769862818e-02
1.358662806357459729e+01 5.410367046634325522e-02
1.359624908910081764e+01 5.415336399071292439e-02
1.360587011462703799e+01 5.419299874936565897e-02
1.361549114015325834e+01 5.422084534389549210e-02
1.362511216567948047e+01 5.423517319051868874e-02
1.363473319120570082e+01 5.423424993074665856e-02
1.364435421673192117e+01 5.421634060734917271e-02
1.365397524225814152e+01 5.418095441549845154e-02
1.366359626778436187e+01 5.415176829772359174e-02
1.367321729331058400e+01 5.417359562934440792e-02
1.368283831883680435e+01 5.424508214814854207e-02
1.369245934436302470e+01 5.429146048852074441e-02
1.370208036988924505e+01 5.426806454916462130e-02
1.371170139541546540e+01 5.423100578702027413e-02
1.372132242094168753e+01 5.423743363506793036e-02
1.373094344646790788e+01 5.426304962614152821e-02
1.374056447199412823e+01 5.426312798991436009e-02
1.375018549752034858e+01 5.423988553735881873e-02
1.375980652304657070e+01 5.422048993453593840e-02
1.376942754857279105e+01 5.421628261429856099e-02
1.377904857409901140e+01 5.422375163400678516e-02
1.378866959962523175e+01 5.423881743098320912e-02
1.379829062515145210e+01 5.425738954257179614e-02
1.380791165067767423e+01 5.427537012843260122e-02
1.381753267620389458e+01 5.428865719739558310e-02
1.382715370173011493e+01 5.429468135587994793e-02
1.383677472725633528e+01 5.429762307035995023e-02
1.384639575278255741e+01 5.430354892209962592e-02
1.385601677830877776e+01 5.431855138386611909e-02
1.386563780383499811e+01 5.434720665431706788e-02
1.387525882936121846e+01 5.437241056887635871e-02
1.388487985488743881e+01 5.436213252859838085e-02
1.389450088041366094e+01 5.432413353133184325e-02
1.390412190593988129e+01 5.431331097213867865e-02
1.391374293146610164e+01 5.435253243442536575e-02
1.392336395699232199e+01 5.439977888745659712e-02
1.393298498251854234e+01 5.441894931474754865e-02
1.394260600804476447e+01 5.441300632539573107e-02
1.395222703357098482e+01 5.439221233861130100e-02
1.396184805909720517e+01 5.436683891482064351e-02
1.397146908462342552e+01 5.434716277242099269e-02
1.398109011014964764e+01 5.434344856382589822e-02
1.399071113567586799e+01 5.436383657878763459e-02
1.400033216120208834e+01 5.438675032520466635e-02
1.400995318672830869e+01 5.437041067463398852e-02
1.401957421225452904e+01 5.432339998888040256e-02
1.402919523778075117e+01 5.431046295658933931e-02
1.403881626330697152e+01 5.435267814474503689e-02
1.404843728883319187e+01 5.439324904488114509e-02
1.405805831435941222e+01 5.439469036733483170e-02
1.406767933988563257e+01 5.438669772940309122e-02
1.407730036541185470e+01 5.439776050804789875e-02
1.408692139093807505e+01 5.441145179963605139e-02
1.409654241646429540e+01 5.440493744341573512e-02
1.410616344199051575e+01 5.438188154835185695e-02
1.411578446751673788e+01 5.435571329765701010e-02
1.412540549304295823e+01 5.433987627365007705e-02
1.413502651856917858e+01 5.434644033695846393e-02
1.414464754409539893e+01 5.436641357460540031e-02
1.415426856962161928e+01 5.437481768144510758e-02
1.416388959514784140e+01 5.436070082409186904e-02
1.417351062067406176e+01 5.432926666010431949e-02
1.418313164620028211e+01 5.428967282879550160e-02
1.419275267172650246e+01 5.425584317940163742e-02
1.420237369725272458e+01 5.423756434080568428e-02
1.421199472277894493e+01 5.423457918347709961e-02
1.422161574830516528e+01 5.424529788740441866e-02
1.423123677383138563e+01 5.426811490742870780e-02
1.424085779935760598e+01 5.429962888245937203e-02
1.425047882488382811e+01 5.432859760032004992e-02
1.426009985041004846e+01 5.434377825308033677e-02
1.426972087593626881e+01 5.434729379706091518e-02
1.427934190146248916e+01 5.434652920119116548e-02
1.428896292698870951e+01 5.434889400946851107e-02
1.429858395251493164e+01 5.435987294179644297e-02
1.430820497804115199e+01 5.435758548577190180e-02
1.431782600356737234e+01 5.430301417822934462e-02
1.432744702909359269e+01 5.422488541958079417e-02
1.433706805461981482e+01 5.421649918532833734e-02
1.434668908014603517e+01 5.427863188220036911e-02
1.435631010567225552e+01 5.428945177900103974e-02
1.436593113119847587e+01 5.420192821385505511e-02
1.437555215672469622e+01 5.411042921842722231e-02
1.438517318225091834e+01 5.408393508715512998e-02
1.439479420777713869e+01 5.410354267496405439e-02
1.440441523330335905e+01 5.413842944182902656e-02
1.441403625882957940e+01 5.415783553992590399e-02
1.442365728435579975e+01 5.414100760029066234e-02
1.443327830988202187e+01 5.410617299254176504e-02
1.444289933540824222e+01 5.408107066105846683e-02
1.445252036093446257e+01 5.409344164875095479e-02
1.446214138646068292e+01 5.416066135442598045e-02
1.447176241198690505e+01 5.423005864890223515e-02
1.448138343751312540e+01 5.422949092635288154e-02
1.449100446303934575e+01 5.417151915179831134e-02
1.450062548856556610e+01 5.411064688035210207e-02
1.451024651409178645e+01 5.407035071542647120e-02
1.451986753961800858e+01 5.405305475073200056e-02
1.452948856514422893e+01 5.405375480017228507e-02
1.453910959067044928e+01 5.406169831894601374e-02
1.454873061619666963e+01 5.406596172442510589e-02
1.455835164172288998e+01 5.405595241430126430e-02
1.456797266724911211e+01 5.403201494610758437e-02
1.457759369277533246e+01 5.400745419568133560e-02
1.458721471830155281e+01 5.398998421032807221e-02
1.459683574382777316e+01 5.397814686981385057e-02
1.460645676935399528e+01 5.396976946719684448e-02
1.461607779488021563e+01 5.396267829189057424e-02
1.462569882040643598e+01 5.395469854348883265e-02
1.463531984593265634e+01 5.394366672216402425e-02
1.464494087145887669e+01 5.393175971411815622e-02
1.465456189698509881e+01 5.393184653985710203e-02
1.466418292251131916e+01 5.394815563057073216e-02
1.467380394803753951e+01 5.395487454731685145e-02
1.468342497356375986e+01 5.393001849685381127e-02
1.469304599908998199e+01 5.388378521416536948e-02
1.470266702461620234e+01 5.383334497736678992e-02
1.471228805014242269e+01 5.379588230494241480e-02
1.472190907566864304e+01 5.378496875390593318e-02
1.473153010119486339e+01 5.379710597067977051e-02
1.474115112672108552e+01 5.382303895322528009e-02
1.475077215224730587e+01 5.384934210742947647e-02
1.476039317777352622e+01 5.386115930563212251e-02
1.477001420329974657e+01 5.384364709035602964e-02
1.477963522882596692e+01 5.378693390661366119e-02
1.478925625435218905e+01 5.371768070010550511e-02
1.479887727987840940e+01 5.367337603507420229e-02
1.480849830540462975e+01 5.364573304028316669e-02
1.481811933093085010e+01 5.360672492643465958e-02
1.482774035645707222e+01 5.355493065443767825e-02
1.483736138198329257e+01 5.350346150537137191e-02
1.484698240750951292e+01 5.346554204300856677e-02
1.485660343303573327e+01 5.345439700566238100e-02
1.486622445856195363e+01 5.348327302111154091e-02
1.487584548408817575e+01 5.356217887792832921e-02
1.488546650961439610e+01 5.365775043000782507e-02
1.489508753514061645e+01 5.370888747410103303e-02
1.490470856066683680e+01 5.369906622949856961e-02
1.491432958619305715e+01 5.364623860323827070e-02
1.492395061171927928e+01 5.356922308319530396e-02
1.493357163724549963e+01 5.348683742994727458e-02
1.494319266277171998e+01 5.341789764992373873e-02
1.495281368829794033e+01 5.338019779655494429e-02
1.496243471382416246e+01 5.337187931737135543e-02
1.497205573935038281e+01 5.337331566179646242e-02
1.498167676487660316e+01 5.336389784844275397e-02
1.499129779040282351e+01 5.332440659717944953e-02
1.500091881592904386e+01 5.327361266064705586e-02
1.501053984145526599e+01 5.326480454814400828e-02
1.502016086698148634e+01 5.329125650435047323e-02
1.502978189250770669e+01 5.328631260923481078e-02
1.503940291803392704e+01 5.323038809777812241e-02
1.504902394356014739e+01 5.315470966030522854e-02
1.505864496908636951e+01 5.308148351716997920e-02
1.506826599461258986e+01 5.302104398916420575e-02
1.507788702013881021e+01 5.298318457485083621e-02
1.508750804566503056e+01 5.297727695041792167e-02
1.509712907119125269e+01 5.300176741623750798e-02
1.510675009671747304e+01 5.304346069839319805e-02
1.511637112224369339e+01 5.308579584721589972e-02
1.512599214776991374e+01 5.310964350719993288e-02
1.513561317329613409e+01 5.310606477573238948e-02
1.514523419882235622e+01 5.307718690948653312e-02
1.515485522434857657e+01 5.303306224790534096e-02
1.516447624987479692e+01 5.299091617177044411e-02
1.517409727540101727e+01 5.295820692630313908e-02
1.518371830092723940e+01 5.293227252651861586e-02
1.519333932645345975e+01 5.291000710392894379e-02
1.520296035197968010e+01 5.288837375101666100e-02
1.521258137750590045e+01 5.286577281361735936e-02
1.522220240303212080e+01 5.284194831008600518e-02
1.523182342855834293e+01 5.281669850652225690e-02
1.524144445408456328e+01 5.278982329730905892e-02
1.525106547961078363e+01 5.276112144977489204e-02
1.526068650513700398e+01 5.273090393328846298e-02
1.527030753066322433e+01 5.270773372972076265e-02
1.527992855618944645e+01 5.270411592772913240e-02
1.528954958171566680e+01 5.269363088304214460e-02
1.529917060724188715e+01 5.262833464660950089e-02
1.530879163276810750e+01 5.256365063229169465e-02
1.531841265829432963e+01 5.261248000226765448e-02
1.532803368382054998e+01 5.270567157060512820e-02
1.533765470934677033e+01 5.267368645573857616e-02
1.534727573487299068e+01 5.254447456887365725e-02
1.535689676039921103e+01 5.245378656137403284e-02
1.536651778592543316e+01 5.242808421069409391e-02
1.537613881145165351e+01 5.243313143114093633e-02
1.538575983697787386e+01 5.243417286760376772e-02
1.539538086250409421e+01 5.240372721378032395e-02
1.540500188803031456e+01 5.236597530441312875e-02
1.541462291355653669e+01 5.235801271010455393e-02
1.542424393908275704e+01 5.235390978718047067e-02
1.543386496460897739e+01 5.231307717904765814e-02
1.544348599013519774e+01 5.225161911631273637e-02
1.545310701566141987e+01 5.220015760132677013e-02
1.546272804118764022e+01 5.216415081722488439e-02
1.547234906671386057e+01 5.214144181024723407e-02
1.548197009224008092e+01 5.212988256544386079e-02
1.549159111776630127e+01 5.212417852026609427e-02
1.550121214329252339e+01 5.210798285296167065e-02
1.551083316881874374e+01 5.206974933205629763e-02
1.552045419434496409e+01 5.201974182148267484e-02
1.553007521987118444e+01 5.197233310602658585e-02
1.553969624539740657e+01 5.194190956140829624e-02
1.554931727092362692e+01 5.194292227363488113e-02
1.555893829644984727e+01 5.198953394509794879e-02
1.556855932197606762e+01 5.205821339095043770e-02
1.557818034750228797e+01 5.205540126078783691e-02
1.558780137302851010e+01 5.195169764647081939e-02
1.559742239855473045e+01 5.183150180604473301e-02
1.560704342408095080e+01 5.174807586138008286e-02
1.561666444960717115e+01 5.169914827428928605e-02
1.562628547513339150e+01 5.167855298902429562e-02
1.563590650065961363e+01 5.167983314532114542e-02
1.564552752618583398e+01 5.169054412599706494e-02
1.565514855171205433e+01 5.169343326624321888e-02
1.566476957723827468e+01 5.168343899471311564e-02
1.567439060276449680e+01 5.166516214499117243e-02
1.568401162829071716e+01 5.164345748669879610e-02
1.569363265381693751e+01 5.162317382330553622e-02
1.570325367934315786e+01 5.160914663296922722e-02
1.571287470486937821e+01 5.160386639438437062e-02
1.572249573039560033e+01 5.159394012331630641e-02
1.573211675592182068e+01 5.155940468353899936e-02
1.574173778144804103e+01 5.148029312156535142e-02
1.575135880697426138e+01 5.135570379406370622e-02
1.576097983250048173e+01 5.126454038259779106e-02
1.577060085802670386e+01 5.127060447312409286e-02
1.578022188355292421e+01 5.132123389622265941e-02
1.578984290907914456e+01 5.135672007247625570e-02
1.579946393460536491e+01 5.135811377275124878e-02
1.580908496013158704e+01 5.132353779566643792e-02
1.581870598565780739e+01 5.127219815074766235e-02
1.582832701118402774e+01 5.122571758627493532e-02
1.583794803671024809e+01 5.120469022581424640e-02
1.584756906223646844e+01 5.119766931786481207e-02
1.585719008776269057e+01 5.115805943457837207e-02
1.586681111328891092e+01 5.108907069354646363e-02
1.587643213881513127e+01 5.103884534793243916e-02
1.588605316434135162e+01 5.102035381911371875e-02
1.589567418986757197e+01 5.102034198877133941e-02
1.590529521539379409e+01 5.102499329775590786e-02
1.591491624092001445e+01 5.102049004985478170e-02
1.592453726644623480e+01 5.099301650293631277e-02
1.593415829197245515e+01 5.093612443610508883e-02
1.594377931749867727e+01 5.087868553513416603e-02
1.595340034302489762e+01 5.084813054864950610e-02
1.596302136855111797e+01 5.083013108798088708e-02
1.597264239407733832e+01 5.080129807860011421e-02
1.598226341960355867e+01 5.073851540557106077e-02
1.599188444512978080e+01 5.064820450692950060e-02
1.600150547065599937e+01 5.059069258487230297e-02
1.601112649618222150e+01 5.059295803643843598e-02
1.602074752170844008e+01 5.062820049555099428e-02
1.603036854723466220e+01 5.066572250040349279e-02
1.603998957276088433e+01 5.067639441837332170e-02
1.604961059828710290e+01 5.065302516788279530e-02
1.605923162381332503e+01 5.060463920723470843e-02
1.606885264933954360e+01 5.054063992301251890e-02
1.607847367486576573e+01 5.047042836330010301e-02
1.608809470039198786e+01 5.040340305516362307e-02
1.609771572591820643e+01 5.034722729675084052e-02
1.610733675144442856e+01 5.030223849320093060e-02
1.611695777697064713e+01 5.026683860669486220e-02
1.612657880249686926e+01 5.023942924997239906e-02
1.613619982802309138e+01 5.021841189346461232e-02
1.614582085354930996e+01 5.020218798116066888e-02
1.615544187907553209e+01 5.018915896649692177e-02
1.616506290460175421e+01 5.017774197025314659e-02
1.617468393012797279e+01 5.016671553635317082e-02
1.618430495565419491e+01 5.015518888663226399e-02
1.619392598118041349e+01 5.014188673071886398e-02
1.620354700670663561e+01 5.012525455568776767e-02
1.621316803223285774e+01 5.010373430207259310e-02
1.622278905775907631e+01 5.007576811259283056e-02
1.623241008328529844e+01 5.003979400510684405e-02
1.624203110881151702e+01 4.999493156644704145e-02
1.625165213433773914e+01 4.994267652675740687e-02
1.626127315986396127e+01 4.988505821354652370e-02
1.627089418539017984e+01 4.982430437689079616e-02
1.628051521091640197e+01 4.977324804576428036e-02
1.629013623644262054e+01 4.975943479498540906e-02
1.629975726196884267e+01 4.977450612381544709e-02
1.630937828749506480e+01 4.977424444593209207e-02
1.631899931302128337e+01 4.974963286480542368e-02
1.632862033854750550e+01 4.971625628594217305e-02
1.633824136407372407e+01 4.967955372759753907e-02
1.634786238959994620e+01 4.963997020155081624e-02
1.635748341512616832e+01 4.959792091774940792e-02
1.636710444065238690e+01 4.955426689724274497e-02
1.637672546617860903e+01 4.951120986550787417e-02
1.638634649170482760e+01 4.947120278832001228e-02
1.639596751723104973e+01 4.943669780221746080e-02
1.640558854275727185e+01 4.941014639267220232e-02
1.641520956828349043e+01 4.939399958884412023e-02
1.642483059380971255e+01 4.939070817346287445e-02
1.643445161933593468e+01 4.939984908115622325e-02
1.644407264486215325e+01 4.939465406873089909e-02
1.645369367038837538e+01 4.934582280639682184e-02
1.646331469591459395e+01 4.928685476856702052e-02
1.647293572144081608e+01 4.925702656020023579e-02
1.648255674696703821e+01 4.924495527322041849e-02
1.649217777249325678e+01 4.922889723606389129e-02
1.650179879801947891e+01 4.918775969034201029e-02
1.651141982354569748e+01 4.912494050229389286e-02
1.652104084907191961e+01 4.907378297645713372e-02
1.653066187459814174e+01 4.904564656389508170e-02
1.654028290012436031e+01 4.903223215425118325e-02
1.654990392565058244e+01 4.902464191074973332e-02
1.655952495117680101e+01 4.901398736863891992e-02
1.656914597670302314e+01 4.899141189134064572e-02
1.657876700222924526e+01 4.895190056226415148e-02
1.658838802775546384e+01 4.890147109886398141e-02
1.659800905328168596e+01 4.884811143176579634e-02
1.660763007880790454e+01 4.879963728771957027e-02
1.661725110433412667e+01 4.875949687078871136e-02
1.662687212986034879e+01 4.872644822643901891e-02
1.663649315538656737e+01 4.869901883379065127e-02
1.664611418091278949e+01 4.867573702068201530e-02
1.665573520643901162e+01 4.865513200770932301e-02
1.666535623196523019e+01 4.863573380718277245e-02
1.667497725749145232e+01 4.861607297573655034e-02
1.668459828301767089e+01 4.859468021913932595e-02
1.669421930854389302e+01 4.857008584794116068e-02
1.670384033407011515e+01 4.854081908296824927e-02
1.671346135959633372e+01 4.850540721034162644e-02
1.672308238512255585e+01 4.846237458665729469e-02
1.673270341064877442e+01 4.841152139493680451e-02
1.674232443617499655e+01 4.836201212981335734e-02
1.675194546170121868e+01 4.832718736184697661e-02
1.676156648722743725e+01 4.832027822857770660e-02
1.677118751275365938e+01 4.833241821283383588e-02
1.678080853827987795e+01 4.830721413527965663e-02
1.679042956380610008e+01 4.823442789453883522e-02
1.680005058933231865e+01 4.816933736893891371e-02
1.680967161485854078e+01 4.813363456281623959e-02
1.681929264038476290e+01 4.811985835033544961e-02
1.682891366591098148e+01 4.811976556701132168e-02
1.683853469143720361e+01 4.812509507163462152e-02
1.684815571696342218e+01 4.812759154243548276e-02
1.685777674248964431e+01 4.811901620998711854e-02
1.686739776801586643e+01 4.809143530648690018e-02
1.687701879354208501e+01 4.804613215502935575e-02
1.688663981906830713e+01 4.799526713564253311e-02
1.689626084459452571e+01 4.795162903076602423e-02
1.690588187012074783e+01 4.792571334415018230e-02
1.691550289564696996e+01 4.791407961193977494e-02
1.692512392117318853e+01 4.790806076700264426e-02
1.693474494669941066e+01 4.789902406987724820e-02
1.694436597222563279e+01 4.788185590286894722e-02
1.695398699775185136e+01 4.785745921839369005e-02
1.696360802327807349e+01 4.782732738848879950e-02
1.697322904880429206e+01 4.779295500276233011e-02
1.698285007433051419e+01 4.775583779179846944e-02
1.699247109985673632e+01 4.771747240027537224e-02
1.700209212538295489e+01 4.767935600997265377e-02
1.701171315090917702e+01 4.764298581292163853e-02
1.702133417643539559e+01 4.760982329639019267e-02
1.703095520196161772e+01 4.758006485473879887e-02
1.704057622748783984e+01 4.755231892449469921e-02
1.705019725301405842e+01 4.752509329392234222e-02
1.705981827854028055e+01 4.749689666480741423e-02
1.706943930406649912e+01 4.746623946609927064e-02
1.707906032959272125e+01 4.743214390615450166e-02
1.708868135511894337e+01 4.739513227687480040e-02
1.709830238064516195e+01 4.735600046978696853e-02
1.710792340617138407e+01 4.731554402650611779e-02
1.711754443169760265e+01 4.727455821681223608e-02
1.712716545722382477e+01 4.723383810850591280e-02
1.713678648275004690e+01 4.719417862895641108e-02
1.714640750827626547e+01 4.715637461829000343e-02
1.715602853380248760e+01 4.712121265303997192e-02
1.716564955932870618e+01 4.708879316831352663e-02
1.717527058485492830e+01 4.705802417710506363e-02
1.718489161038115043e+01 4.702769146050726767e-02
1.719451263590736900e+01 4.699684234667926563e-02
1.720413366143359113e+01 4.696667659455705524e-02
1.721375468695981326e+01 4.693944314588822941e-02
1.722337571248603183e+01 4.691742498609253326e-02
1.723299673801225396e+01 4.690291757888567087e-02
1.724261776353847253e+01 4.689819183447857531e-02
1.725223878906469466e+01 4.690543503091385014e-02
1.726185981459091678e+01 4.692389447744702707e-02
1.727148084011713536e+01 4.693047363472676453e-02
1.728110186564335748e+01 4.690280254909051649e-02
1.729072289116957606e+01 4.685933442250458242e-02
1.730034391669579819e+01 4.681883130876992455e-02
1.730996494222202031e+01 4.678290223994106822e-02
1.731958596774823889e+01 4.675126057687258030e-02
1.732920699327446101e+01 4.672355077837701126e-02
1.733882801880067959e+01 4.669937344269903950e-02
1.734844904432690171e+01 4.667830619523768987e-02
1.735807006985312384e+01 4.665992047968116341e-02
1.736769109537934241e+01 4.664379428069868189e-02
1.737731212090556454e+01 4.662952078295968389e-02
1.738693314643178311e+01 4.661671295344253785e-02
1.739655417195800524e+01 4.660499401932916008e-02
1.740617519748422737e+01 4.659393495958687181e-02
1.741579622301044594e+01 4.658307973432820881e-02
1.742541724853666807e+01 4.657196863849262514e-02
1.743503827406289020e+01 4.656013880195798010e-02
1.744465929958910877e+01 4.654712460385705686e-02
1.745428032511533090e+01 4.653245806341661794e-02
1.746390135064154947e+01 4.651566920749871520e-02
1.747352237616777160e+01 4.649628641492548758e-02
1.748314340169399372e+01 4.647383673758343631e-02
1.749276442722021230e+01 4.644784619822583255e-02
1.750238545274643442e+01 4.641784006482786024e-02
1.751200647827265300e+01 4.638334310129497984e-02
1.752162750379887513e+01 4.634387979428190169e-02
1.753124852932509725e+01 4.629897455584954663e-02
1.754086955485131583e+01 4.624815190166844947e-02
1.755049058037753795e+01 4.619093660447030208e-02
1.756011160590375653e+01 4.612703468071036039e-02
1.756973263142997865e+01 4.605908411892688237e-02
1.757935365695620078e+01 4.599210138655247804e-02
1.758897468248241935e+01 4.593117231148030610e-02
1.759859570800864148e+01 4.588138322401801028e-02
1.760821673353486005e+01 4.584769602036184444e-02
1.761783775906108218e+01 4.583105992042391802e-02
1.762745878458730431e+01 4.582764549943072613e-02
1.763707981011352288e+01 4.583334401625436400e-02
1.764670083563974501e+01 4.584403552194210585e-02
1.765632186116596358e+01 4.585555576116044640e-02
1.766594288669218571e+01 4.586372954482951375e-02
1.767556391221840784e+01 4.586458541987142867e-02
1.768518493774462641e+01 4.585729011181807063e-02
1.769480596327084854e+01 4.584347157936927847e-02
1.770442698879707066e+01 4.582482380070161676e-02
1.771404801432328924e+01 4.580304076150910203e-02
1.772366903984951136e+01 4.577981643945173984e-02
1.773329006537572994e+01 4.575684479848168146e-02
1.774291109090195206e+01 4.573565053699551325e-02
1.775253211642817419e+01 4.571641562459614894e-02
1.776215314195439277e+01 4.569868234329502177e-02
1.777177416748061489e+01 4.568198910115882361e-02
1.778139519300683347e+01 4.566587435791303468e-02
1.779101621853305559e+01 4.564987662589182343e-02
1.780063724405927772e+01 4.563353447154822051e-02
1.781025826958549629e+01 4.561638651749748419e-02
1.781987929511171842e+01 4.559797144506458344e-02
1.782950032063793699e+01 4.557782799730398376e-02
1.783912134616415912e+01 4.555549498245782536e-02
1.784874237169038125e+01 4.553051127781917312e-02
1.785836339721659982e+01 4.550241583396500561e-02
1.786798442274282195e+01 4.547074977301156229e-02
1.787760544826904052e+01 4.543538942109787843e-02
1.788722647379526265e+01 4.539691142352098030e-02
1.789684749932148478e+01 4.535598022675831065e-02
1.790646852484770335e+01 4.531326025229202165e-02
1.791608955037392548e+01 4.526941588842144787e-02
1.792571057590014760e+01 4.522511148394654096e-02
1.793533160142636618e+01 4.518101134373127270e-02
1.794495262695258830e+01 4.513777972615264783e-02
1.795457365247880688e+01 4.509608084243906662e-02
1.796419467800502900e+01 4.505657885789984135e-02
1.797381570353125113e+01 4.501993789504479815e-02
1.798343672905746971e+01 4.498682203859116074e-02
1.799305775458369183e+01 4.495789534235235946e-02
1.800267878010991041e+01 4.493382183800122970e-02
1.801229980563613253e+01 4.491526554569771207e-02
1.802192083116235466e+01 4.490289048656895959e-02
1.803154185668857323e+01 4.489736069702693344e-02
1.804116288221479536e+01 4.489934024490616071e-02
1.805078390774101393e+01 4.490910008197093045e-02
1.806040493326723606e+01 4.492344135241850556e-02
1.807002595879345819e+01 4.493735786612556432e-02
1.807964698431967676e+01 4.494590898047250149e-02
1.808926800984589889e+01 4.494722692054010926e-02
1.809888903537211746e+01 4.494337656652383495e-02
1.810851006089833959e+01 4.493668058624258194e-02
1.811813108642456172e+01 4.492897876659811968e-02
1.812775211195078029e+01 4.492054756305512153e-02
1.813737313747700242e+01 4.491134822075336375e-02
1.814699416300322099e+01 4.490134186839631059e-02
1.815661518852944312e+01 4.489048952946031457e-02
1.816623621405566524e+01 4.487875213108707961e-02
1.817585723958188382e+01 4.486609051072579235e-02
1.818547826510810594e+01 4.485246542058062696e-02
1.819509929063432807e+01 4.483783752991283428e-02
1.820472031616054664e+01 4.482216744875158754e-02
1.821434134168676877e+01 4.480544332026587667e-02
1.822396236721298735e+01 4.478773421415081779e-02
1.823358339273920947e+01 4.476912397589535852e-02
1.824320441826543160e+01 4.474969647104045517e-02
1.825282544379165017e+01 4.472953558583279282e-02
1.826244646931787230e+01 4.470872522775095476e-02
1.827206749484409087e+01 4.468734932590496395e-02
1.828168852037031300e+01 4.466549183131133388e-02
1.829130954589653513e+01 4.464323671704532870e-02
1.830093057142275370e+01 4.462066797827257680e-02
1.831055159694897583e+01 4.459786963216286204e-02
1.832017262247519440e+01 4.457492571768809780e-02
1.832979364800141653e+01 4.455192029530740533e-02
1.833941467352763866e+01 4.452893744654198155e-02
1.834903569905385723e+01 4.450606127344237939e-02
1.835865672458007936e+01 4.448337589795073321e-02
1.836827775010629793e+01 4.446096546116108661e-02
1.837789877563252006e+01 4.443891412247959888e-02
1.838751980115874218e+01 4.441730605868780823e-02
1.839714082668496076e+01 4.439622546291057542e-02
1.840676185221118288e+01 4.437575654349126125e-02
1.841638287773740501e+01 4.435598352277554668e-02
1.842600390326362358e+01 4.433699063580589378e-02
1.843562492878984571e+01 4.431886212892746646e-02
1.844524595431606429e+01 4.430168225830695417e-02
1.845486697984228641e+01 4.428553528836450676e-02
1.846448800536850854e+01 4.427050549011937036e-02
1.847410903089472711e+01 4.425667738470482476e-02
1.848373005642094924e+01 4.424425439204187488e-02
1.849335108194716781e+01 4.423374940312772841e-02
1.850297210747338994e+01 4.422572445635368499e-02
1.851259313299961207e+01 4.422059744257995223e-02
1.852221415852583064e+01 4.421796886357903800e-02
1.853183518405205277e+01 4.421715045893273577e-02
1.854145620957827134e+01 4.421745424362624050e-02
1.855107723510449347e+01 4.421819300949441506e-02
1.856069826063071559e+01 4.421868041389847431e-02
1.857031928615693417e+01 4.421823751179352474e-02
1.857994031168315630e+01 4.421648305649627381e-02
1.858956133720937487e+01 4.421344893011876220e-02
1.859918236273559700e+01 4.420919737254029591e-02
1.860880338826181912e+01 4.420379046839760517e-02
1.861842441378803770e+01 4.419729016305602720e-02
1.862804543931425982e+01 4.418975827743835266e-02
1.863766646484047840e+01 4.418125652169462708e-02
1.864728749036670052e+01 4.417184650769717669e-02
1.865690851589292265e+01 4.416158976034760542e-02
1.866652954141914122e+01 4.415054772768423758e-02
1.867615056694536335e+01 4.413878178977924394e-02
1.868577159247158548e+01 4.412635326641736050e-02
1.869539261799780405e+01 4.411332342354823410e-02
1.870501364352402618e+01 4.409975347850637190e-02
1.871463466905024475e+01 4.408570460399336560e-02
1.872425569457646688e+01 4.407123793081799829e-02
1.873387672010268901e+01 4.405641454939058371e-02
1.874349774562890758e+01 4.404129550996845055e-02
1.875311877115512971e+01 4.402594182165008030e-02
1.876273979668134828e+01 4.401041445011542874e-02
1.877236082220757041e+01 4.399477431411030065e-02
1.878198184773379253e+01 4.397908228067287650e-02
1.879160287326001111e+01 4.396339915909962953e-02
1.880122389878623324e+01 4.394778569364853754e-02
1.881084492431245181e+01 4.393230255497621722e-02
1.882046594983867394e+01 4.391701033030549067e-02
1.883008697536489606e+01 4.390196951231913058e-02
1.883970800089111464e+01 4.388724048677434403e-02
1.884932902641733676e+01 4.387288351883177062e-02
1.885895005194355534e+01 4.385895873809175088e-02
1.886857107746977746e+01 4.384552612232848340e-02
1.887819210299599959e+01 4.383264547991262694e-02
1.888781312852221816e+01 4.382037643090914286e-02
1.889743415404844029e+01 4.380877838683787384e-02
1.890705517957466242e+01 4.379791052907995585e-02
1.891667620510088099e+01 4.378783178591288267e-02
1.892629723062710312e+01 4.377859816223439449e-02
1.893591825615332169e+01 4.377013972796887226e-02
1.894553928167954382e+01 4.376220935240455329e-02
1.895516030720576595e+01 4.375454824351262401e-02
1.896478133273198452e+01 4.374696926640630340e-02
1.897440235825820665e+01 4.373945038877641300e-02
1.898402338378442522e+01 4.373199307930292906e-02
1.899364440931064735e+01 4.372459872004395842e-02
1.900326543483686947e+01 4.371726861012561333e-02
1.901288646036308805e+01 4.371000396935445509e-02
1.902250748588931017e+01 4.370280594175129235e-02
1.903212851141552875e+01 4.369567559900526532e-02
1.904174953694175088e+01 4.368861394384697394e-02
1.905137056246797300e+01 4.368162191333989364e-02
1.906099158799419158e+01 4.367470038208879496e-02
1.907061261352041370e+01 4.366785016536451486e-02
1.908023363904663228e+01 4.366107202214394162e-02
1.908985466457285440e+01 4.365436665806454730e-02
1.909947569009907653e+01 4.364773472829257261e-02
1.910909671562529510e+01 4.364117684030410088e-02
1.911871774115151723e+01 4.363469355657832033e-02
1.912833876667773936e+01 4.362828539720230853e-02
1.913795979220395793e+01 4.362195284238671450e-02
1.914758081773018006e+01 4.361569633489165154e-02
1.915720184325639863e+01 4.360951628236223176e-02
1.916682286878262076e+01 4.360341305957352032e-02
1.917644389430884289e+01 4.359738701058373661e-02
1.918606491983506146e+01 4.359143845079618829e-02
1.919568594536128359e+01 4.358556766892848766e-02
1.920530697088750216e+01 4.357977492888960580e-02
1.921492799641372429e+01 4.357406047156352213e-02
1.922454902193994641e+01 4.356842451650009412e-02
1.923417004746616499e+01 4.356286726351171756e-02
1.924379107299238711e+01 4.355738889417663795e-02
1.925341209851860569e+01 4.355198957324772635e-02
1.926303312404482782e+01 4.354666944996715000e-02
1.927265414957104994e+01 4.354142865928636863e-02
1.928227517509726852e+01 4.353626732299127611e-02
1.929189620062349064e+01 4.353118555073264007e-02
1.930151722614970922e+01 4.352618344096133990e-02
1.931113825167593134e+01 4.352126108176850722e-02
1.932075927720215347e+01 4.351641855163029121e-02
1.933038030272837204e+01 4.351165592005733218e-02
1.934000132825459417e+01 4.350697324814888772e-02
1.934962235378081274e+01 4.350237058905120913e-02
1.935924337930703487e+01 4.349784798832060512e-02
1.936886440483325700e+01 4.349340548419090846e-02
1.937848543035947557e+01 4.348904310774514420e-02
1.938810645588569770e+01 4.348476088299186443e-02
1.939772748141191983e+01 4.348055882684557366e-02
1.940734850693813840e+01 4.347643694901172362e-02
1.941696953246436053e+01 4.347239525177602065e-02
1.942659055799057910e+01 4.346843372969806663e-02
1.943621158351680123e+01 4.346455236920945819e-02
1.944583260904302335e+01 4.346075114811615708e-02
1.945545363456924193e+01 4.345703003500545059e-02
1.946507466009546405e+01 4.345338898855712756e-02
1.947469568562168263e+01 4.344982795675919607e-02
1.948431671114790475e+01 4.344634687602802470e-02
1.949393773667412688e+01 4.344294567023271325e-02
1.950355876220034546e+01 4.343962424962414387e-02
1.951317978772656758e+01 4.343638250966815745e-02
1.952280081325278616e+01 4.343322032978325781e-02
1.953242183877900828e+01 4.343013757198255220e-02
1.954204286430523041e+01 4.342713407941996284e-02
1.955166388983144898e+01 4.342420967484054983e-02
1.956128491535767111e+01 4.342136415893530638e-02
1.957090594088388968e+01 4.341859730859950334e-02
1.958052696641011181e+01 4.341590887509525626e-02
1.959014799193633394e+01 4.341329858211793319e-02
1.959976901746255251e+01 4.341076612376600780e-02
1.960939004298877464e+01 4.340831116241457982e-02
1.961901106851499677e+01 4.340593332649210490e-02
1.962863209404121534e+01 4.340363220816022272e-02
1.963825311956743747e+01 4.340140736089655171e-02
1.964787414509365604e+01 4.339925829697990206e-02
1.965749517061987817e+01 4.339718448487792091e-02
1.966711619614610029e+01 4.339518534653678122e-02
1.967673722167231887e+01 4.339326025457235225e-02
1.968635824719854099e+01 4.339140852936279602e-02
1.969597927272475957e+01 4.338962943604204869e-02
1.970560029825098169e+01 4.338792218139361084e-02
1.971522132377720382e+01 4.338628591064439682e-02
1.972484234930342240e+01 4.338471970415799100e-02
1.973446337482964452e+01 4.338322257402692228e-02
1.974408440035586310e+01 4.338179346056304092e-02
1.975370542588208522e+01 4.338043122868578960e-02
1.976332645140830735e+01 4.337913466420739717e-02
1.977294747693452592e+01 4.337790247001438448e-02
1.978256850246074805e+01 4.337673326214476488e-02
1.979218952798696662e+01 4.337562556575976641e-02
