7.618010371223582489e-01 1.269884783865734779e+00
7.714220626485789323e-01 1.264772522075862549e+00
7.810430881747997267e-01 1.259623961806096260e+00
7.906641137010204101e-01 1.254439839655604239e+00
8.002851392272412046e-01 1.249220892223554369e+00
8.099061647534618880e-01 1.243967856109114978e+00
8.195271902796826824e-01 1.238681467911453726e+00
8.291482158059033658e-01 1.233362464229739830e+00
8.387692413321241602e-01 1.228011581663140728e+00
8.483902668583448436e-01 1.222629556810825191e+00
8.580112923845655271e-01 1.217217126271960881e+00
8.676323179107863215e-01 1.211775026645716347e+00
8.772533434370071159e-01 1.206303994531259027e+00
8.868743689632277993e-01 1.200804766527758805e+00
8.964953944894484827e-01 1.195278079234382229e+00
9.061164200156692772e-01 1.189724669250298072e+00
9.157374455418899606e-01 1.184145273174674218e+00
9.253584710681107550e-01 1.178540627606679658e+00
9.349794965943314384e-01 1.172911469145482055e+00
9.446005221205522329e-01 1.167258534390249292e+00
9.542215476467729163e-01 1.161582559940150805e+00
9.638425731729935997e-01 1.155884282394352924e+00
9.734635986992143941e-01 1.150164438352025087e+00
9.830846242254351885e-01 1.144423764412335620e+00
9.927056497516558720e-01 1.138662997174452185e+00
1.002326675277876555e+00 1.132882873237543331e+00
1.011947700804097350e+00 1.127084129200776497e+00
1.021568726330317922e+00 1.121267501663321120e+00
1.031189751856538717e+00 1.115433727224344196e+00
1.040810777382759511e+00 1.109583542483014940e+00
1.050431802908980305e+00 1.103717684038501012e+00
1.060052828435201100e+00 1.097836888489970519e+00
1.069673853961421672e+00 1.091941892436591566e+00
1.079294879487642467e+00 1.086033432477532701e+00
1.088915905013863261e+00 1.080112245211962474e+00
1.098536930540083834e+00 1.074179067239048324e+00
1.108157956066304628e+00 1.068234635157958801e+00
1.117778981592525422e+00 1.062279685567861565e+00
1.127400007118746217e+00 1.056314955067925609e+00
1.137021032644966789e+00 1.050341180257319262e+00
1.146642058171187584e+00 1.044359097735209740e+00
1.156263083697408378e+00 1.038369444100766037e+00
1.165884109223628951e+00 1.032372955953155813e+00
1.175505134749849745e+00 1.026370369891548062e+00
1.185126160276070539e+00 1.020362422515109779e+00
1.194747185802291334e+00 1.014349850423010402e+00
1.204368211328512128e+00 1.008333390214417147e+00
1.213989236854732701e+00 1.002313778488499008e+00
1.223610262380953495e+00 9.962917518444236453e-01
1.233231287907174067e+00 9.902680468813597203e-01
1.242852313433394862e+00 9.842434001984745606e-01
1.252473338959615656e+00 9.782185483949372706e-01
1.262094364485836451e+00 9.721942280699154004e-01
1.271715390012057245e+00 9.661711758225778324e-01
1.281336415538277818e+00 9.601501282520925606e-01
1.290957441064498612e+00 9.541318219576272464e-01
1.300578466590719184e+00 9.481169935383505498e-01
1.310199492116939979e+00 9.421063795934306873e-01
1.319820517643160773e+00 9.361007167207179291e-01
1.329441543169381568e+00 9.301007087398441842e-01
1.339062568695602362e+00 9.241069415735108095e-01
1.348683594221823157e+00 9.181199746471452316e-01
1.358304619748043729e+00 9.121403673861745443e-01
1.367925645274264523e+00 9.061686792160251747e-01
1.377546670800485096e+00 9.002054695621245495e-01
1.387167696326705890e+00 8.942512978498990961e-01
1.396788721852926685e+00 8.883067235047756860e-01
1.406409747379147479e+00 8.823723059521817458e-01
1.416030772905368273e+00 8.764486046175437028e-01
1.425651798431588846e+00 8.705361789262888728e-01
1.435272823957809640e+00 8.646355883038434609e-01
1.444893849484030213e+00 8.587473921756351158e-01
1.454514875010251007e+00 8.528721499670903761e-01
1.464135900536471802e+00 8.470104211036363351e-01
1.473756926062692596e+00 8.411627650106997534e-01
1.483377951588913390e+00 8.353297411137076134e-01
1.492998977115133963e+00 8.295119088380866756e-01
1.502620002641354757e+00 8.237098276092641447e-01
1.512241028167575330e+00 8.179240568526666699e-01
1.521862053693796124e+00 8.121551559937209008e-01
1.531483079220016918e+00 8.064036795493684240e-01
1.541104104746237713e+00 8.006701478938064165e-01
1.550725130272458507e+00 7.949550668952655164e-01
1.560346155798679302e+00 7.892589423689913009e-01
1.569967181324899874e+00 7.835822801302317897e-01
1.579588206851120669e+00 7.779255859942330043e-01
1.589209232377341241e+00 7.722893657762422981e-01
1.598830257903562035e+00 7.666741252915061366e-01
1.608451283429782830e+00 7.610803703552714294e-01
1.618072308956003624e+00 7.555086067827856411e-01
1.627693334482224419e+00 7.499593403892949040e-01
1.637314360008444991e+00 7.444330769900463496e-01
1.646935385534665786e+00 7.389303224002868875e-01
1.656556411060886358e+00 7.334515824352633162e-01
1.666177436587107152e+00 7.279973629102227672e-01
1.675798462113327947e+00 7.225681696404114840e-01
1.685419487639548741e+00 7.171645084410768201e-01
1.695040513165769536e+00 7.117868851274656850e-01
1.704661538691990108e+00 7.064358053127340886e-01
1.714282564218210902e+00 7.011116339529702701e-01
1.723903589744431475e+00 6.958143495551007973e-01
1.733524615270652269e+00 6.905438648394374157e-01
1.743145640796873064e+00 6.853000925262929810e-01
1.752766666323093858e+00 6.800829453359799048e-01
1.762387691849314653e+00 6.748923359888099327e-01
1.772008717375535225e+00 6.697281772050955873e-01
1.781629742901756019e+00 6.645903817051492801e-01
1.791250768427976814e+00 6.594788622092830899e-01
1.800871793954197386e+00 6.543935314378097612e-01
1.810492819480418181e+00 6.493343021110409286e-01
1.820113845006638975e+00 6.443010869492893367e-01
1.829734870532859770e+00 6.392937986728669530e-01
1.839355896059080342e+00 6.343123500020865224e-01
1.848976921585301136e+00 6.293566536572599013e-01
1.858597947111521931e+00 6.244266223586995013e-01
1.868218972637742725e+00 6.195221697384026838e-01
1.877839998163963298e+00 6.146433482457710484e-01
1.887461023690184092e+00 6.097904968137486392e-01
1.897082049216404886e+00 6.049639897753280593e-01
1.906703074742625459e+00 6.001642014635013567e-01
1.916324100268846253e+00 5.953915062112604684e-01
1.925945125795067048e+00 5.906462783515975534e-01
1.935566151321287842e+00 5.859288922175047709e-01
1.945187176847508415e+00 5.812397221419743909e-01
1.954808202373729209e+00 5.765791424579980173e-01
1.964429227899950003e+00 5.719475274985681423e-01
1.974050253426170798e+00 5.673452515966767029e-01
1.983671278952391370e+00 5.627726890853158581e-01
1.993292304478612165e+00 5.582302142974775450e-01
2.002913330004832737e+00 5.537182015661541445e-01
2.012534355531053532e+00 5.492370252243374829e-01
2.022155381057274326e+00 5.447870596050197189e-01
2.031776406583495120e+00 5.403686790411930119e-01
2.041397432109715915e+00 5.359822578658491876e-01
2.051018457635936265e+00 5.316281704119810714e-01
2.060639483162157504e+00 5.273067910125797120e-01
2.070260508688377854e+00 5.230184940006381566e-01
2.079881534214599093e+00 5.187636537091475653e-01
2.089502559740819443e+00 5.145426444711010960e-01
2.099123585267040237e+00 5.103558406194899089e-01
2.108744610793261032e+00 5.062036164873064958e-01
2.118365636319481382e+00 5.020863464075432381e-01
2.127986661845702621e+00 4.980044047131915175e-01
2.137607687371922971e+00 4.939581657372440482e-01
2.147228712898144209e+00 4.899480038126924897e-01
2.156849738424364560e+00 4.859742902334271974e-01
2.166470763950585354e+00 4.820369091769354242e-01
2.176091789476806149e+00 4.781347265925819379e-01
2.185712815003026943e+00 4.742664806966826463e-01
2.195333840529247738e+00 4.704309097055533462e-01
2.204954866055468088e+00 4.666267518355102784e-01
2.214575891581689326e+00 4.628527453028689065e-01
2.224196917107909677e+00 4.591076283239455269e-01
2.233817942634130471e+00 4.553901391150560474e-01
2.243438968160351266e+00 4.516990158925159871e-01
2.253059993686572060e+00 4.480329968726416978e-01
2.262681019212792854e+00 4.443908202717489764e-01
2.272302044739013205e+00 4.407712243061539525e-01
2.281923070265234443e+00 4.371729471921720345e-01
2.291544095791454794e+00 4.335948217084197864e-01
2.301165121317675588e+00 4.300369023406445668e-01
2.310786146843896383e+00 4.265000940875262603e-01
2.320407172370117177e+00 4.229853192051868382e-01
2.330028197896337971e+00 4.194934999497481609e-01
2.339649223422558322e+00 4.160255585773322551e-01
2.349270248948779560e+00 4.125824173440608700e-01
2.358891274474999911e+00 4.091649985060566430e-01
2.368512300001220705e+00 4.057742243194408238e-01
2.378133325527441500e+00 4.024110170403357722e-01
2.387754351053662294e+00 3.990762989248634596e-01
2.397375376579883088e+00 3.957709922291457461e-01
2.406996402106103439e+00 3.924960192093049360e-01
2.416617427632324677e+00 3.892523245943917964e-01
2.426238453158545028e+00 3.860410253213725773e-01
2.435859478684765822e+00 3.828633179724198476e-01
2.445480504210986616e+00 3.797203995612537519e-01
2.455101529737207411e+00 3.766134671015939350e-01
2.464722555263428205e+00 3.735437176071602083e-01
2.474343580789648556e+00 3.705123480916724943e-01
2.483964606315869794e+00 3.675205555688502712e-01
2.493585631842090145e+00 3.645695370524137946e-01
2.503206657368311383e+00 3.616604895560822097e-01
2.512827682894531733e+00 3.587946100935759386e-01
2.522448708420752528e+00 3.559730956786144596e-01
2.532069733946973322e+00 3.531969319949295194e-01
2.541690759473193673e+00 3.504634956075690644e-01
2.551311784999414911e+00 3.477671367958971027e-01
2.560932810525635261e+00 3.451021122105976113e-01
2.570553836051856500e+00 3.424626785023540121e-01
2.580174861578076850e+00 3.398430923218506705e-01
2.589795887104297645e+00 3.372376103197710084e-01
2.599416912630518439e+00 3.346404891467988363e-01
2.609037938156739234e+00 3.320459854536179645e-01
2.618658963682960028e+00 3.294483558909124254e-01
2.628279989209180378e+00 3.268418571093658631e-01
2.637901014735401617e+00 3.242207457596618658e-01
2.647522040261621967e+00 3.215808425446116114e-01
2.657143065787842762e+00 3.189266883901286098e-01
2.666764091314063556e+00 3.162658452928328034e-01
2.676385116840284351e+00 3.136058781955138319e-01
2.686006142366505145e+00 3.109543520409613904e-01
2.695627167892725495e+00 3.083188317719650628e-01
2.705248193418946734e+00 3.057068823313141559e-01
2.714869218945167084e+00 3.031260686617985867e-01
2.724490244471387879e+00 3.005839557062077172e-01
2.734111269997608673e+00 2.980881084073311871e-01
2.743732295523829467e+00 2.956460917079586359e-01
2.753353321050050262e+00 2.932647250924246829e-01
2.762974346576271056e+00 2.909428556668091082e-01
2.772595372102491407e+00 2.886744983308585089e-01
2.782216397628712201e+00 2.864536003439783207e-01
2.791837423154932996e+00 2.842741089655744235e-01
2.801458448681153790e+00 2.821299714550528637e-01
2.811079474207374584e+00 2.800151350718191878e-01
2.820700499733595379e+00 2.779235470752792203e-01
2.830321525259816173e+00 2.758491547248389519e-01
2.839942550786036524e+00 2.737859052799041515e-01
2.849563576312257318e+00 2.717277459998804767e-01
2.859184601838478113e+00 2.696696318162548622e-01
2.868805627364698907e+00 2.676117571460017719e-01
2.878426652890919701e+00 2.655560139833398892e-01
2.888047678417140496e+00 2.635042951959770674e-01
2.897668703943361290e+00 2.614584936516213820e-01
2.907289729469582085e+00 2.594205022179809084e-01
2.916910754995802435e+00 2.573922137627637219e-01
2.926531780522023229e+00 2.553755211536777314e-01
2.936152806048244024e+00 2.533723172584307903e-01
2.945773831574464818e+00 2.513844949447312516e-01
2.955394857100685613e+00 2.494139470802868019e-01
2.965015882626906407e+00 2.474625665328055724e-01
2.974636908153127202e+00 2.455322461699956937e-01
2.984257933679347552e+00 2.436248788595651027e-01
2.993878959205568346e+00 2.417423574692216803e-01
3.003499984731789141e+00 2.398865748666735298e-01
3.013121010258009935e+00 2.380594239196286710e-01
3.022742035784230730e+00 2.362627974957950960e-01
3.032363061310451524e+00 2.344985884628809081e-01
3.041984086836672319e+00 2.327686896885939605e-01
3.051605112362892669e+00 2.310748704991271163e-01
3.061226137889113463e+00 2.294153934496666047e-01
3.070847163415334258e+00 2.277845992832451261e-01
3.080468188941555052e+00 2.261766218674290396e-01
3.090089214467775847e+00 2.245855950697845937e-01
3.099710239993996641e+00 2.230056527578782588e-01
3.109331265520217435e+00 2.214309287992763664e-01
3.118952291046438230e+00 2.198555570615451926e-01
3.128573316572658580e+00 2.182736714122512356e-01
3.138194342098879375e+00 2.166794057189606049e-01
3.147815367625100169e+00 2.150676657752859655e-01
3.157436393151320964e+00 2.134410665387079242e-01
3.167057418677541758e+00 2.118066553841327915e-01
3.176678444203762552e+00 2.101715326518388272e-01
3.186299469729983347e+00 2.085427986821042912e-01
3.195920495256203697e+00 2.069275538152075544e-01
3.205541520782424492e+00 2.053328983914265715e-01
3.215162546308645286e+00 2.037659327510397134e-01
3.224783571834866081e+00 2.022337572343252676e-01
3.234404597361086875e+00 2.007434377587281604e-01
3.244025622887307669e+00 1.992976443388494445e-01
3.253646648413528464e+00 1.978903824853804616e-01
3.263267673939748814e+00 1.965146442553837303e-01
3.272888699465969609e+00 1.951634217059213805e-01
3.282509724992190403e+00 1.938297068940558476e-01
3.292130750518411197e+00 1.925064918768494837e-01
3.301751776044631992e+00 1.911867687113647241e-01
3.311372801570852786e+00 1.898635294546638097e-01
3.320993827097073581e+00 1.885297662869173385e-01
3.330614852623293931e+00 1.871807658355807147e-01
3.340235878149514726e+00 1.858199760653685972e-01
3.349856903675735520e+00 1.844526587554091990e-01
3.359477929201956314e+00 1.830840756848304551e-01
3.369098954728177109e+00 1.817194886327605785e-01
3.378719980254397903e+00 1.803641593783276431e-01
3.388341005780618698e+00 1.790233497006596675e-01
3.397962031306839492e+00 1.777023213788847256e-01
3.407583056833059842e+00 1.764063358173239560e-01
3.417204082359280637e+00 1.751394647877279886e-01
3.426825107885501431e+00 1.739019528007894888e-01
3.436446133411722226e+00 1.726932762093529028e-01
3.446067158937943020e+00 1.715129113662626770e-01
3.455688184464163815e+00 1.703603346243634242e-01
3.465309209990384609e+00 1.692350223364995909e-01
3.474930235516604959e+00 1.681364508555158177e-01
3.484551261042825754e+00 1.670640965342563289e-01
3.494172286569046548e+00 1.660174136429810321e-01
3.503793312095267343e+00 1.649944817747383552e-01
3.513414337621488137e+00 1.639912206799992445e-01
3.523035363147708932e+00 1.630033608739316631e-01
3.532656388673929726e+00 1.620266328717036852e-01
3.542277414200150076e+00 1.610567671884831908e-01
3.551898439726370871e+00 1.600894943394380876e-01
3.561519465252591665e+00 1.591205448397363387e-01
3.571140490778812460e+00 1.581456492045459628e-01
3.580761516305033254e+00 1.571609507709131326e-01
3.590382541831254049e+00 1.561657500834547074e-01
3.600003567357474843e+00 1.551608054065697906e-01
3.609624592883695637e+00 1.541468828457840112e-01
3.619245618409915988e+00 1.531247485066229153e-01
3.628866643936136782e+00 1.520951684946119931e-01
3.638487669462357577e+00 1.510589089152769571e-01
3.648108694988578371e+00 1.500167358741432977e-01
3.657729720514799165e+00 1.489694154767366718e-01
3.667350746041019960e+00 1.479177138285825144e-01
3.676971771567240754e+00 1.468623970352065655e-01
3.686592797093461105e+00 1.458042312021343156e-01
3.696213822619681899e+00 1.447439824348913384e-01
3.705834848145902694e+00 1.436824168390031797e-01
3.715455873672123488e+00 1.426203005199954965e-01
3.725076899198344282e+00 1.415583995833937514e-01
3.734697924724565077e+00 1.404974923193353653e-01
3.744318950250785871e+00 1.394395214489036472e-01
3.753939975777006222e+00 1.383885411508306018e-01
3.763561001303227016e+00 1.373488284905377832e-01
3.773182026829447810e+00 1.363246605334468564e-01
3.782803052355668605e+00 1.353203143449793477e-01
3.792424077881889399e+00 1.343400669905569500e-01
3.802045103408110194e+00 1.333881955356012450e-01
3.811666128934330988e+00 1.324689456438392365e-01
3.821287154460551783e+00 1.315835913073587493e-01
3.830908179986772133e+00 1.307280341274388580e-01
3.840529205512992927e+00 1.298976107222470366e-01
3.850150231039213722e+00 1.290876577099510647e-01
3.859771256565434516e+00 1.282935117087186105e-01
3.869392282091655311e+00 1.275105093367172315e-01
3.879013307617876105e+00 1.267339872121147348e-01
3.888634333144096900e+00 1.259593601893301551e-01
3.898255358670317250e+00 1.251845286059445062e-01
3.907876384196538044e+00 1.244103323382743237e-01
3.917497409722758839e+00 1.236377811121650711e-01
3.927118435248979633e+00 1.228678846534621977e-01
3.936739460775200428e+00 1.221016526880110559e-01
3.946360486301421222e+00 1.213400949416571090e-01
3.955981511827642016e+00 1.205842211402457231e-01
3.965602537353862367e+00 1.198349210014420796e-01
3.975223562880083161e+00 1.190920209972078786e-01
3.984844588406303956e+00 1.183547920989525271e-01
3.994465613932524750e+00 1.176225004416745351e-01
4.004086639458745545e+00 1.168944121603724823e-01
4.013707664984966783e+00 1.161697933900448093e-01
4.023328690511187133e+00 1.154479102656901235e-01
4.032949716037407484e+00 1.147280289223069627e-01
4.042570741563627834e+00 1.140094154948937399e-01
4.052191767089849073e+00 1.132913361184489515e-01
4.061812792616070311e+00 1.125730569279712323e-01
4.071433818142290662e+00 1.118538440584591065e-01
4.081054843668511012e+00 1.111329636449109870e-01
4.090675869194732250e+00 1.104096818223254534e-01
4.100296894720953489e+00 1.096832647257010157e-01
4.109917920247173839e+00 1.089532068239455198e-01
4.119538945773394190e+00 1.082208116248754709e-01
4.129159971299614540e+00 1.074882435668487318e-01
4.138780996825835778e+00 1.067576723465689936e-01
4.148402022352057017e+00 1.060312676607400584e-01
4.158023047878277367e+00 1.053111992060658808e-01
4.167644073404497718e+00 1.045996366792500548e-01
4.177265098930718068e+00 1.038987011565698920e-01
4.186886124456939307e+00 1.032093357867291811e-01
4.196507149983160545e+00 1.025312716623202614e-01
4.206128175509380895e+00 1.018641844280557124e-01
4.215749201035601246e+00 1.012077497286481137e-01
4.225370226561822484e+00 1.005616432088100171e-01
4.234991252088043723e+00 9.992554051325401587e-02
4.244612277614264073e+00 9.929911728669280069e-02
4.254233303140484423e+00 9.868204917383888164e-02
4.263854328666704774e+00 9.807401181940487989e-02
4.273475354192926012e+00 9.747468086810330556e-02
4.283096379719147251e+00 9.688373196464682147e-02
4.292717405245367601e+00 9.630084075374806263e-02
4.302338430771587952e+00 9.572568288011959470e-02
4.311959456297809190e+00 9.515793624886426105e-02
4.321580481824029540e+00 9.459751366093392677e-02
4.331201507350250779e+00 9.404476470031074287e-02
4.340822532876471129e+00 9.350008652648038321e-02
4.350443558402691480e+00 9.296387629892825799e-02
4.360064583928912718e+00 9.243653117713986067e-02
4.369685609455133957e+00 9.191844832060075410e-02
4.379306634981354307e+00 9.140999656401087303e-02
4.388927660507574657e+00 9.090968474161978397e-02
4.398548686033795008e+00 9.041304239629092965e-02
4.408169711560016246e+00 8.991533119352558556e-02
4.417790737086237485e+00 8.941181279882506883e-02
4.427411762612457835e+00 8.889774887769079370e-02
4.437032788138678185e+00 8.836840109562402179e-02
4.446653813664899424e+00 8.781928292202605124e-02
4.456274839191120662e+00 8.725226081456673166e-02
4.465895864717341013e+00 8.667588276569766770e-02
4.475516890243561363e+00 8.609901433344788191e-02
4.485137915769781713e+00 8.553052107584643848e-02
4.494758941296002952e+00 8.497926855092231835e-02
4.504379966822224191e+00 8.445412231670464120e-02
4.514000992348444541e+00 8.396265954130278930e-02
4.523622017874664891e+00 8.350086809269439969e-02
4.533243043400885242e+00 8.305860556699191932e-02
4.542864068927106480e+00 8.262567382475333178e-02
4.552485094453327719e+00 8.219187472653662063e-02
4.562106119979548069e+00 8.174701013289981111e-02
4.571727145505768419e+00 8.128088471812812410e-02
4.581348171031989658e+00 8.078756513782062165e-02
4.590969196558210896e+00 8.027395796935274386e-02
4.600590222084431247e+00 7.974937805315819583e-02
4.610211247610651597e+00 7.922314022967058555e-02
4.619832273136871947e+00 7.870455933932356263e-02
4.629453298663093186e+00 7.820295022255072115e-02
4.639074324189314424e+00 7.772721038401392279e-02
4.648695349715534775e+00 7.727829882558832908e-02
4.658316375241755125e+00 7.685006164111646276e-02
4.667937400767975475e+00 7.643609333206169421e-02
4.677558426294196714e+00 7.602998839988733826e-02
4.687179451820417952e+00 7.562534134605683467e-02
4.696800477346638303e+00 7.521574731862586127e-02
4.706421502872858653e+00 7.479657884583719440e-02
4.716042528399079892e+00 7.436886187681523985e-02
4.725663553925301130e+00 7.393474387339296627e-02
4.735284579451521481e+00 7.349637229740348110e-02
4.744905604977741831e+00 7.305589461067968360e-02
4.754526630503962181e+00 7.261545827505459794e-02
4.764147656030184308e+00 7.217721075236109562e-02
4.773768681556404658e+00 7.174329950443231185e-02
4.783389707082625009e+00 7.131587199310121528e-02
4.793010732608845359e+00 7.089707568020074679e-02
4.802631758135065709e+00 7.048905802756391670e-02
4.812252783661287836e+00 7.009396649702361037e-02
4.821873809187508186e+00 6.971387798611509978e-02
4.831494834713728537e+00 6.934807188975206094e-02
4.841115860239948887e+00 6.899216180960802969e-02
4.850736885766169237e+00 6.864151313734603854e-02
4.860357911292391364e+00 6.829149126462902286e-02
4.869978936818611714e+00 6.793746158312015393e-02
4.879599962344832065e+00 6.757479866357114784e-02
4.889220987871052415e+00 6.720159716711987530e-02
4.898842013397274542e+00 6.682245379617790526e-02
4.908463038923494892e+00 6.644291632333973463e-02
4.918084064449715243e+00 6.606853252119967990e-02
4.927705089975935593e+00 6.570485016235214082e-02
4.937326115502155943e+00 6.535741696070225537e-02
4.946947141028378070e+00 6.502935723500839760e-02
4.956568166554598420e+00 6.471492973686610028e-02
4.966189192080818771e+00 6.440636642312183580e-02
4.975810217607039121e+00 6.409589925062220139e-02
4.985431243133259471e+00 6.377576017621373883e-02
4.995052268659481598e+00 6.343818115674296210e-02
5.004673294185701948e+00 6.307784701591211129e-02
5.014294319711922299e+00 6.270061365609831683e-02
5.023915345238142649e+00 6.231551547232141997e-02
5.033536370764364776e+00 6.193158708556659175e-02
5.043157396290585126e+00 6.155786311681922529e-02
5.052778421816805476e+00 6.120337818706444305e-02
5.062399447343025827e+00 6.087474854286833298e-02
5.072020472869246177e+00 6.056748355269543638e-02
5.081641498395468304e+00 6.027390596304758874e-02
5.091262523921688654e+00 5.998633824927818853e-02
5.100883549447909004e+00 5.969710288674058563e-02
5.110504574974129355e+00 5.939852236718035777e-02
5.120125600500351482e+00 5.908543106222893804e-02
5.129746626026571832e+00 5.876215317754550360e-02
5.139367651552792182e+00 5.843525361297953469e-02
5.148988677079012533e+00 5.811129726838057397e-02
5.158609702605232883e+00 5.779684904359815023e-02
5.168230728131455010e+00 5.749846798496731359e-02
5.177851753657675360e+00 5.722008374751848953e-02
5.187472779183895710e+00 5.695886008100194825e-02
5.197093804710116061e+00 5.671088739119846400e-02
5.206714830236336411e+00 5.647225608388882490e-02
5.216335855762558538e+00 5.623905656485379823e-02
5.225956881288778888e+00 5.600737923987422762e-02
5.235577906814999238e+00 5.577331451473087343e-02
5.245198932341219589e+00 5.553295279520448907e-02
5.254819957867441715e+00 5.528238448707585573e-02
5.264440983393662066e+00 5.501769999612583090e-02
5.274062008919882416e+00 5.473498972813515412e-02
5.283683034446102766e+00 5.443083616463050695e-02
5.293304059972323117e+00 5.410920531221415780e-02
5.302925085498545243e+00 5.377975759114139026e-02
5.312546111024765594e+00 5.345230051310386615e-02
5.322167136550985944e+00 5.313664158979301139e-02
5.331788162077206294e+00 5.284258833290039065e-02
5.341409187603426645e+00 5.257755738841182747e-02
5.351030213129648772e+00 5.233658694243505105e-02
5.360651238655869122e+00 5.211072117632341294e-02
5.370272264182089472e+00 5.189100230698141802e-02
5.379893289708309823e+00 5.166847255131357119e-02
5.389514315234531949e+00 5.143423411944789136e-02
5.399135340760752300e+00 5.118455285145294409e-02
5.408756366286972650e+00 5.092475686978328864e-02
5.418377391813193000e+00 5.066109222078749030e-02
5.427998417339413351e+00 5.039980495081412132e-02
5.437619442865635477e+00 5.014714110621163595e-02
5.447240468391855828e+00 4.990868332461314422e-02
5.456861493918076178e+00 4.968353362351752428e-02
5.466482519444296528e+00 4.946713200560826779e-02
5.476103544970518655e+00 4.925487702825353392e-02
5.485724570496739005e+00 4.904216724882148187e-02
5.495345596022959356e+00 4.882441125510073726e-02
5.504966621549179706e+00 4.859916966113139725e-02
5.514587647075400056e+00 4.836881715761901651e-02
5.524208672601622183e+00 4.813638177205067925e-02
5.533829698127842533e+00 4.790489153191356680e-02
5.543450723654062884e+00 4.767737446469475643e-02
5.553071749180283234e+00 4.745657457369490545e-02
5.562692774706503585e+00 4.724263607652255670e-02
5.572313800232725711e+00 4.703430843737909511e-02
5.581934825758946062e+00 4.683032780855321542e-02
5.591555851285166412e+00 4.662943034233344580e-02
5.601176876811386762e+00 4.643036063122529117e-02
5.610797902337608889e+00 4.623241260007909803e-02
5.620418927863829239e+00 4.603575727970371512e-02
5.630039953390049590e+00 4.584064422938332467e-02
5.639660978916269940e+00 4.564732300840219220e-02
5.649282004442490290e+00 4.545604317604455546e-02
5.658903029968712417e+00 4.526705429159460364e-02
5.668524055494932767e+00 4.508060591433666470e-02
5.678145081021153118e+00 4.489694760355496944e-02
5.687766106547373468e+00 4.471632891853372094e-02
5.697387132073593818e+00 4.453899941855717082e-02
5.707008157599815945e+00 4.436509489899947284e-02
5.716629183126036295e+00 4.419331924061537659e-02
5.726250208652256646e+00 4.402139775459371074e-02
5.735871234178476996e+00 4.384703679634772283e-02
5.745492259704699123e+00 4.366794272129057020e-02
5.755113285230919473e+00 4.348188048832431901e-02
5.764734310757139824e+00 4.328922051614760708e-02
5.774355336283360174e+00 4.309392032429786024e-02
5.783976361809580524e+00 4.290019867737433074e-02
5.793597387335802651e+00 4.271227433997628470e-02
5.803218412862023001e+00 4.253436161646990260e-02
5.812839438388243352e+00 4.236890383506113078e-02
5.822460463914463702e+00 4.221388019209390552e-02
5.832081489440684052e+00 4.206657743720208092e-02
5.841702514966906179e+00 4.192428232001949723e-02
5.851323540493126529e+00 4.178428159018001548e-02
5.860944566019346880e+00 4.164427647555558193e-02
5.870565591545567230e+00 4.150372545555074122e-02
5.880186617071789357e+00 4.136255262726580562e-02
5.889807642598009707e+00 4.122068209100702291e-02
5.899428668124230057e+00 4.107803794708055761e-02
5.909049693650450408e+00 4.093454429579262976e-02
5.918670719176670758e+00 4.079012523744943858e-02
5.928291744702892885e+00 4.064470487235715551e-02
5.937912770229113235e+00 4.049820730082203529e-02
5.947533795755333585e+00 4.035055662315025632e-02
5.957154821281553936e+00 4.020173778993883090e-02
5.966775846807776063e+00 4.005225140736498601e-02
5.976396872333996413e+00 3.990285778304267922e-02
5.986017897860216763e+00 3.975431920351085030e-02
5.995638923386437114e+00 3.960739795530843210e-02
6.005259948912657464e+00 3.946281435324924119e-02
6.014880974438879591e+00 3.932086965839111381e-02
6.024501999965099941e+00 3.918162424643903408e-02
6.034123025491320291e+00 3.904513561653129294e-02
6.043744051017540642e+00 3.891146126780620218e-02
6.053365076543760992e+00 3.878065869940208743e-02
6.062986102069983119e+00 3.865278541045723965e-02
6.072607127596203469e+00 3.852789890010999835e-02
6.082228153122423819e+00 3.840605666749868224e-02
6.091849178648644170e+00 3.828731621176161004e-02
6.101470204174866296e+00 3.817166596893784708e-02
6.111091229701086647e+00 3.805845885296829656e-02
6.120712255227306997e+00 3.794670536608718558e-02
6.130333280753527347e+00 3.783541269468648771e-02
6.139954306279747698e+00 3.772358802515819731e-02
6.149575331805969824e+00 3.761041644632514419e-02
6.159196357332190175e+00 3.749638191073275534e-02
6.168817382858410525e+00 3.738254434362767858e-02
6.178438408384630876e+00 3.726996625722919787e-02
6.188059433910851226e+00 3.715971016375657632e-02
6.197680459437073353e+00 3.705262503700280929e-02
6.207301484963293703e+00 3.694844617059118985e-02
6.216922510489514053e+00 3.684654697062628853e-02
6.226543536015734404e+00 3.674630065105326249e-02
6.236164561541956530e+00 3.664708042591537790e-02
6.245785587068176881e+00 3.654826013355854525e-02
6.255406612594397231e+00 3.644921571807829830e-02
6.265027638120617581e+00 3.634932356708443085e-02
6.274648663646837932e+00 3.624796006818672978e-02
6.284269689173060058e+00 3.614450999370067558e-02
6.293890714699280409e+00 3.603950232425746220e-02
6.303511740225500759e+00 3.593576165776574127e-02
6.313132765751721109e+00 3.583638688420935636e-02
6.322753791277941460e+00 3.574447689357221347e-02
6.332374816804163586e+00 3.566301739140864679e-02
6.341995842330383937e+00 3.559174007964296255e-02
6.351616867856604287e+00 3.552671392623227287e-02
6.361237893382824637e+00 3.546381260969681121e-02
6.370858918909046764e+00 3.539890980855688735e-02
6.380479944435267114e+00 3.532820055750852256e-02
6.390100969961487465e+00 3.525113235113268295e-02
6.399721995487707815e+00 3.516904224281369035e-02
6.409343021013928166e+00 3.508329059948311901e-02
6.418964046540150292e+00 3.499523778807253627e-02
6.428585072066370643e+00 3.490624417551354414e-02
6.438206097592590993e+00 3.481767012873771688e-02
6.447827123118811343e+00 3.473087601467660795e-02
6.457448148645033470e+00 3.464722220026177774e-02
6.467069174171253820e+00 3.456805648390383345e-02
6.476690199697474171e+00 3.449381719170303146e-02
6.486311225223694521e+00 3.442343553688235330e-02
6.495932250749914871e+00 3.435570099204718342e-02
6.505553276276136998e+00 3.428940302980286459e-02
6.515174301802357348e+00 3.422341164090620530e-02
6.524795327328577699e+00 3.415756039223685064e-02
6.534416352854798049e+00 3.409231785087010747e-02
6.544037378381018399e+00 3.402816378293369720e-02
6.553658403907240526e+00 3.396557795262341445e-02
6.563279429433460876e+00 3.390500796461491662e-02
6.572900454959681227e+00 3.384678756562771451e-02
6.582521480485901577e+00 3.379122531694035703e-02
6.592142506012123704e+00 3.373862977983133060e-02
6.601763531538344054e+00 3.368927578751934604e-02
6.611384557064564405e+00 3.364246466004851971e-02
6.621005582590784755e+00 3.359639972856593576e-02
6.630626608117005105e+00 3.354922558797272802e-02
6.640247633643227232e+00 3.349908683317008584e-02
6.649868659169447582e+00 3.344463664674602460e-02
6.659489684695667933e+00 3.338729988431431844e-02
6.669110710221888283e+00 3.332944096400441980e-02
6.678731735748108633e+00 3.327342506082815732e-02
6.688352761274330760e+00 3.322157990223643248e-02
6.697973786800551110e+00 3.317449357081383998e-02
6.707594812326771461e+00 3.313031480010990987e-02
6.717215837852991811e+00 3.308700990277573667e-02
6.726836863379213938e+00 3.304254519146245656e-02
6.736457888905434288e+00 3.299524995450330705e-02
6.746078914431654638e+00 3.294558076062419766e-02
6.755699939957874989e+00 3.289476676650291559e-02
6.765320965484095339e+00 3.284403822130261413e-02
6.774941991010317466e+00 3.279462537418651596e-02
6.784563016536537816e+00 3.274775847431780906e-02
6.794184042062758166e+00 3.270466777085966753e-02
6.803805067588978517e+00 3.266658351297529322e-02
6.813426093115200644e+00 3.263473594982786719e-02
6.823047118641420994e+00 3.260979790820012214e-02
6.832668144167641344e+00 3.258996627449426559e-02
6.842289169693861695e+00 3.257275073671651172e-02
6.851910195220082045e+00 3.255566095652565745e-02
6.861531220746304172e+00 3.253630483336868856e-02
6.871152246272524522e+00 3.251407688813559571e-02
6.880773271798744872e+00 3.248992940636860616e-02
6.890394297324965223e+00 3.246486687027431983e-02
6.900015322851185573e+00 3.243989273008445612e-02
6.909636348377407700e+00 3.241566271790281839e-02
6.919257373903628050e+00 3.239198114005412826e-02
6.928878399429848400e+00 3.236852438745971977e-02
6.938499424956068751e+00 3.234496885104092695e-02
6.948120450482290877e+00 3.232107516672116931e-02
6.957741476008511228e+00 3.229721032219675519e-02
6.967362501534731578e+00 3.227400683481882609e-02
6.976983527060951928e+00 3.225209834639785472e-02
6.986604552587172279e+00 3.223210172616147728e-02
6.996225578113394405e+00 3.221420013496787554e-02
7.005846603639614756e+00 3.219811459234701856e-02
7.015467629165835106e+00 3.218354365146575830e-02
7.025088654692055457e+00 3.217018598140727187e-02
7.034709680218275807e+00 3.215777828656243842e-02
7.044330705744497934e+00 3.214614995257191604e-02
7.053951731270718284e+00 3.213514421434380403e-02
7.063572756796938634e+00 3.212460430678624329e-02
7.073193782323158985e+00 3.211441865781285154e-02
7.082814807849381111e+00 3.210472994350749287e-02
7.092435833375601462e+00 3.209576967991019381e-02
7.102056858901821812e+00 3.208776947611896579e-02
7.111677884428042162e+00 3.208096094123180642e-02
7.121298909954262513e+00 3.207557568434670631e-02
7.130919935480484639e+00 3.207184531456169774e-02
7.140540961006704990e+00 3.207000144097476441e-02
7.150161986532925340e+00 3.207025824837803768e-02
7.159783012059145690e+00 3.207214411277528598e-02
7.169404037585366041e+00 3.207429160728540729e-02
7.179025063111588167e+00 3.207527294023766740e-02
7.188646088637808518e+00 3.207366405559457234e-02
7.198267114164028868e+00 3.206895017732342562e-02
7.207888139690249218e+00 3.206270614304879141e-02
7.217509165216471345e+00 3.205679921292601403e-02
7.227130190742691696e+00 3.205309664706980366e-02
7.236751216268912046e+00 3.205304693578361896e-02
7.246372241795132396e+00 3.205644652726096638e-02
7.255993267321352747e+00 3.206268453946310021e-02
7.265614292847574873e+00 3.207115009035127473e-02
7.275235318373795224e+00 3.208127116331339901e-02
7.284856343900015574e+00 3.209272644680061237e-02
7.294477369426235924e+00 3.210529413913445346e-02
7.304098394952458051e+00 3.211875269002129052e-02
7.313719420478678401e+00 3.213288054916749181e-02
7.323340446004898752e+00 3.214745616627940478e-02
7.332961471531119102e+00 3.216225799106342542e-02
7.342582497057339452e+00 3.217706447322593588e-02
7.352203522583561579e+00 3.219169789769653345e-02
7.361824548109781929e+00 3.220666967249988244e-02
7.371445573636002280e+00 3.222303921385906433e-02
7.381066599162222630e+00 3.224188108494290689e-02
7.390687624688442980e+00 3.226421606046653290e-02
7.400308650214665107e+00 3.228978782585423951e-02
7.409929675740885457e+00 3.231704037763348525e-02
7.419550701267105808e+00 3.234435940352093503e-02
7.429171726793326158e+00 3.237013059123327458e-02
7.438792752319548285e+00 3.239273962848721738e-02
7.448413777845768635e+00 3.241057220299940062e-02
7.458034803371988986e+00 3.242201400248652388e-02
7.467655828898209336e+00 3.242551812996264521e-02
7.477276854424429686e+00 3.242270306928197315e-02
7.486897879950651813e+00 3.241964538535960921e-02
7.496518905476872163e+00 3.242275714027952060e-02
7.506139931003092514e+00 3.243837323496000929e-02
7.515760956529312864e+00 3.246838717831990184e-02
7.525381982055533214e+00 3.250791445286373843e-02
7.535003007581755341e+00 3.255149971533314451e-02
7.544624033107975691e+00 3.259372629076991157e-02
7.554245058634196042e+00 3.263156017550079141e-02
7.563866084160416392e+00 3.266569694250001654e-02
7.573487109686638519e+00 3.269715728520683484e-02
7.583108135212858869e+00 3.272695978214060220e-02
7.592729160739079219e+00 3.275600248461395941e-02
7.602350186265299570e+00 3.278500019916909952e-02
7.611971211791519920e+00 3.281465237961961323e-02
7.621592237317742047e+00 3.284565639902203849e-02
7.631213262843962397e+00 3.287861330335694471e-02
7.640834288370182747e+00 3.291398926175143763e-02
7.650455313896403098e+00 3.295224037771948139e-02
7.660076339422623448e+00 3.299379434867615729e-02
7.669697364948845575e+00 3.303810768536117465e-02
7.679318390475065925e+00 3.308344730784305160e-02
7.688939416001286276e+00 3.312800748510388166e-02
7.698560441527506626e+00 3.317003460845040219e-02
7.708181467053728753e+00 3.320901610444375318e-02
7.717802492579949103e+00 3.324570435476388586e-02
7.727423518106169453e+00 3.328090864793489118e-02
7.737044543632389804e+00 3.331543827248088091e-02
7.746665569158610154e+00 3.335010251692597377e-02
7.756286594684832281e+00 3.338571066979426766e-02
7.765907620211052631e+00 3.342307201960986046e-02
7.775528645737272981e+00 3.346293758315885269e-02
7.785149671263493332e+00 3.350543672752629570e-02
7.794770696789715458e+00 3.355032273668247245e-02
7.804391722315935809e+00 3.359734365901819592e-02
7.814012747842156159e+00 3.364603316982622827e-02
7.823633773368376509e+00 3.369442803369824407e-02
7.833254798894596860e+00 3.373992684622498239e-02
7.842875824420818986e+00 3.377992583157254231e-02
7.852496849947039337e+00 3.381317849509572759e-02
7.862117875473259687e+00 3.384449976464104504e-02
7.871738900999480038e+00 3.388039598471978553e-02
7.881359926525700388e+00 3.392736845756993275e-02
7.890980952051922515e+00 3.398836048347993882e-02
7.900601977578142865e+00 3.405654129395671581e-02
7.910223003104363215e+00 3.412341649749778272e-02
7.919844028630583566e+00 3.418056637979830642e-02
7.929465054156805692e+00 3.422497021964963915e-02
7.939086079683026043e+00 3.426255143481053700e-02
7.948707105209246393e+00 3.430007428788180851e-02
7.958328130735466743e+00 3.434410715596272062e-02
7.967949156261687094e+00 3.439687180767816987e-02
7.977570181787909220e+00 3.445632981435926834e-02
7.987191207314129571e+00 3.452026414625634920e-02
7.996812232840349921e+00 3.458655658923741327e-02
8.006433258366570271e+00 3.465402698313185814e-02
8.016054283892790622e+00 3.472201334664298117e-02
8.025675309419012748e+00 3.478985915020439690e-02
8.035296334945233099e+00 3.485690786424965049e-02
8.044917360471453449e+00 3.492250295921232872e-02
8.054538385997673799e+00 3.498598790552601839e-02
8.064159411523895926e+00 3.504670617362430629e-02
8.073780437050116277e+00 3.510400123394075839e-02
8.083401462576336627e+00 3.515721655690894065e-02
8.093022488102556977e+00 3.520569561296245376e-02
8.102643513628777328e+00 3.524891512183113418e-02
8.112264539154999454e+00 3.528979090001853336e-02
8.121885564681219805e+00 3.533489966863900822e-02
8.131506590207440155e+00 3.539099581400239475e-02
8.141127615733660505e+00 3.546348925905715849e-02
8.150748641259882632e+00 3.554646639923771806e-02
8.160369666786102982e+00 3.562833976873936576e-02
8.169990692312323333e+00 3.569748033674592647e-02
8.179611717838543683e+00 3.574694289343335885e-02
8.189232743364764033e+00 3.578544168010179549e-02
8.198853768890986160e+00 3.582495967829082972e-02
8.208474794417206510e+00 3.587730992402535929e-02
8.218095819943426861e+00 3.594666386878676151e-02
8.227716845469647211e+00 3.602662222844690842e-02
8.237337870995867561e+00 3.611001053865162125e-02
8.246958896522089688e+00 3.619021033708898216e-02
8.256579922048310038e+00 3.626618212067679592e-02
8.266200947574530389e+00 3.634010584672435484e-02
8.275821973100750739e+00 3.641420029255953289e-02
8.285442998626972866e+00 3.649007054352905455e-02
8.295064024153193216e+00 3.656724425729406674e-02
8.304685049679413567e+00 3.664480994033918193e-02
8.314306075205633917e+00 3.672185609914896398e-02
8.323927100731854267e+00 3.679747124020801147e-02
8.333548126258076394e+00 3.687074387000093684e-02
8.343169151784296744e+00 3.694076249501229009e-02
8.352790177310517095e+00 3.700698220381822001e-02
8.362411202836737445e+00 3.707159142893330650e-02
8.372032228362957795e+00 3.713801317943935670e-02
8.381653253889179922e+00 3.720966955692928818e-02
8.391274279415400272e+00 3.728832060770181228e-02
8.400895304941620623e+00 3.737191940288900338e-02
8.410516330467840973e+00 3.745788825099679448e-02
8.420137355994063100e+00 3.754371566692104450e-02
8.429758381520283450e+00 3.762788505949932888e-02
8.439379407046503800e+00 3.770964788848019111e-02
8.449000432572724151e+00 3.778827550012783115e-02
8.458621458098944501e+00 3.786337245530967122e-02
8.468242483625166628e+00 3.793579152960371847e-02
8.477863509151386978e+00 3.800667771914796600e-02
8.487484534677607328e+00 3.807717602008042768e-02
8.497105560203827679e+00 3.814843142853916597e-02
8.506726585730048029e+00 3.822158894066216006e-02
8.516347611256270156e+00 3.829779355258747242e-02
8.525968636782490506e+00 3.837772036870666648e-02
8.535589662308710857e+00 3.845958796025293613e-02
8.545210687834931207e+00 3.854081480332197801e-02
8.554831713361153334e+00 3.861885875106149668e-02
8.564452738887373684e+00 3.869295678507395780e-02
8.574073764413594034e+00 3.876480061159024576e-02
8.583694789939814385e+00 3.883626127261186750e-02
8.593315815466034735e+00 3.890920981014036467e-02
8.602936840992256862e+00 3.898551726617723728e-02
8.612557866518477212e+00 3.906705468272398535e-02
8.622178892044697562e+00 3.915564736537439916e-02
8.631799917570917913e+00 3.925069420382153174e-02
8.641420943097140039e+00 3.934800529924948470e-02
8.651041968623360390e+00 3.944310131964613025e-02
8.660662994149580740e+00 3.953232139337672230e-02
8.670284019675801090e+00 3.961703609405683307e-02
8.679905045202021441e+00 3.970052659492379066e-02
8.689526070728243567e+00 3.978604551500942998e-02
8.699147096254463918e+00 3.987542524180855835e-02
8.708768121780684268e+00 3.996855013187772948e-02
8.718389147306904619e+00 4.006516343754262799e-02
8.728010172833124969e+00 4.016445720585781060e-02
8.737631198359347096e+00 4.026276405016704363e-02
8.747252223885567446e+00 4.035549220439334922e-02
8.756873249411787796e+00 4.043826098492248750e-02
8.766494274938009923e+00 4.051256965622266476e-02
8.776115300464230273e+00 4.058642313771882587e-02
8.785736325990450624e+00 4.066816341100509130e-02
8.795357351516670974e+00 4.076334834888079017e-02
8.804978377042891324e+00 4.086710549129929371e-02
8.814599402569113451e+00 4.097212026130808704e-02
8.824220428095333801e+00 4.107140830300542306e-02
8.833841453621554152e+00 4.116301856096809403e-02
8.843462479147774502e+00 4.124892233599544017e-02
8.853083504673996629e+00 4.133119462033990610e-02
8.862704530200216979e+00 4.141191040625396419e-02
8.872325555726437329e+00 4.149314468599008682e-02
8.881946581252657680e+00 4.157697245180076717e-02
8.891567606778878030e+00 4.166516353282851554e-02
8.901188632305100157e+00 4.175708558247978597e-02
8.910809657831320507e+00 4.185096932704471945e-02
8.920430683357540858e+00 4.194508734482672863e-02
8.930051708883761208e+00 4.203969740364257857e-02
8.939672734409981558e+00 4.213769201216419069e-02
8.949293759936203685e+00 4.224214549497032345e-02
8.958914785462424035e+00 4.235419189141000074e-02
8.968535810988644386e+00 4.246755802386778522e-02
8.978156836514864736e+00 4.257420339191891195e-02
8.987777862041086863e+00 4.266694792798997327e-02
8.997398887567307213e+00 4.274918606805689497e-02
9.007019913093527563e+00 4.283141630539159805e-02
9.016640938619747914e+00 4.292418322240345446e-02
9.026261964145968264e+00 4.303137737705842181e-02
9.035882989672190391e+00 4.314559447476135068e-02
9.045504015198410741e+00 4.325833415258008297e-02
9.055125040724631091e+00 4.336295464900784963e-02
9.064746066250851442e+00 4.346121180693108405e-02
9.074367091777071792e+00 4.355723207250750129e-02
9.083988117303293919e+00 4.365494999591403719e-02
9.093609142829514269e+00 4.375575389172547958e-02
9.103230168355734619e+00 4.385922690615245284e-02
9.112851193881954970e+00 4.396491388116228333e-02
9.122472219408177097e+00 4.407235965872239453e-02
9.132093244934397447e+00 4.418110908080007809e-02
9.141714270460617797e+00 4.429070698925974964e-02
9.151335295986838148e+00 4.440058276401929321e-02
9.160956321513058498e+00 4.450971720770357382e-02
9.170577347039280625e+00 4.461698220144834359e-02
9.180198372565500975e+00 4.472101071400239741e-02
9.189819398091721325e+00 4.481810423868926724e-02
9.199440423617941676e+00 4.490324787742074053e-02
9.209061449144162026e+00 4.497182172198522371e-02
9.218682474670384153e+00 4.503234644291959077e-02
9.228303500196604503e+00 4.510895304573564468e-02
9.237924525722824853e+00 4.522663491785316320e-02
9.247545551249045204e+00 4.539388742401835597e-02
9.257166576775267330e+00 4.557835389757296241e-02
9.266787602301487681e+00 4.574146386313098639e-02
9.276408627827708031e+00 4.585244354799814653e-02
9.286029653353928381e+00 4.592226859111706028e-02
9.295650678880148732e+00 4.597583044254793805e-02
9.305271704406370858e+00 4.603681481513442753e-02
9.314892729932591209e+00 4.611413448688923833e-02
9.324513755458811559e+00 4.620685581582310159e-02
9.334134780985031909e+00 4.631382409698470148e-02
9.343755806511254036e+00 4.643239406189498403e-02
9.353376832037474387e+00 4.655806630854083389e-02
9.362997857563694737e+00 4.668622545218881897e-02
9.372618883089915087e+00 4.681225610810550719e-02
9.382239908616135438e+00 4.693154289155745257e-02
9.391860934142357564e+00 4.703947041781125077e-02
9.401481959668577915e+00 4.713394612929224653e-02
9.411102985194798265e+00 4.722382672831498124e-02
9.420724010721018615e+00 4.732093864680068929e-02
9.430345036247238966e+00 4.743520029367527535e-02
9.439966061773461092e+00 4.756082521079148945e-02
9.449587087299681443e+00 4.768430782518785077e-02
9.459208112825901793e+00 4.779284659754498565e-02
9.468829138352122143e+00 4.788636862052909893e-02
9.478450163878344270e+00 4.797536414268181726e-02
9.488071189404564620e+00 4.807050535840987765e-02
9.497692214930784971e+00 4.817664205288708229e-02
9.507313240457005321e+00 4.829078152348659919e-02
9.516934265983225671e+00 4.840937790665583718e-02
9.526555291509447798e+00 4.852888533884221200e-02
9.536176317035668148e+00 4.864575795649305617e-02
9.545797342561888499e+00 4.875645004318068798e-02
9.555418368088108849e+00 4.885907478170332247e-02
9.565039393614329200e+00 4.895751587994404824e-02
9.574660419140551326e+00 4.905691097133545869e-02
9.584281444666771677e+00 4.916162652778445497e-02
9.593902470192992027e+00 4.927175505149866686e-02
9.603523495719212377e+00 4.938591674038630280e-02
9.613144521245434504e+00 4.950273042460895390e-02
9.622765546771654854e+00 4.962081493432806550e-02
9.632386572297875205e+00 4.973878909970522871e-02
9.642007597824095555e+00 4.985536691341701382e-02
9.651628623350315905e+00 4.997061791481792470e-02
9.661249648876538032e+00 5.008562124914388292e-02
9.670870674402758382e+00 5.020149601949094875e-02
9.680491699928978733e+00 5.031974871784148512e-02
9.690112725455199083e+00 5.044228605511689306e-02
9.699733750981419433e+00 5.057093489324520491e-02
9.709354776507641560e+00 5.070298933138692871e-02
9.718975802033861910e+00 5.082940676741176667e-02
9.728596827560082261e+00 5.094075408729498849e-02
9.738217853086302611e+00 5.103600428203684120e-02
9.747838878612524738e+00 5.112973770755877695e-02
9.757459904138745088e+00 5.123820426798840477e-02
9.767080929664965439e+00 5.136890319983401093e-02
9.776701955191185789e+00 5.150809832580984654e-02
9.786322980717406139e+00 5.163889754580723579e-02
9.795944006243628266e+00 5.175059877617767257e-02
9.805565031769848616e+00 5.185181027009234944e-02
9.815186057296068967e+00 5.195489526433817035e-02
9.824807082822289317e+00 5.206926296276076505e-02
9.834428108348511444e+00 5.219271587718146699e-02
9.844049133874731794e+00 5.232020628155232417e-02
9.853670159400952144e+00 5.244668644982542621e-02
9.863291184927172495e+00 5.256710865595286969e-02
9.872912210453392845e+00 5.267642517388673035e-02
9.882533235979614972e+00 5.277166965186764341e-02
9.892154261505835322e+00 5.286189146128247862e-02
9.901775287032055672e+00 5.296044237909520308e-02
9.911396312558276023e+00 5.307820115338800909e-02
9.921017338084496373e+00 5.320933208237459827e-02
9.930638363610718500e+00 5.334109236265586335e-02
9.940259389136938850e+00 5.346284102598258814e-02
9.949880414663159200e+00 5.358025888627501732e-02
9.959501440189379551e+00 5.370659475019422258e-02
9.969122465715601678e+00 5.385257463491203989e-02
9.978743491241822028e+00 5.400703750790161045e-02
9.988364516768042378e+00 5.414773311184160887e-02
9.997985542294262729e+00 5.425554504276787482e-02
1.000760656782048308e+01 5.434106133897156216e-02
1.001722759334670521e+01 5.443090554968769978e-02
1.002684861887292556e+01 5.454864655856166145e-02
1.003646964439914591e+01 5.468674673833858607e-02
1.004609066992536626e+01 5.482020633441582469e-02
1.005571169545158661e+01 5.492630823359213182e-02
1.006533272097780873e+01 5.500679638917227443e-02
1.007495374650402908e+01 5.507735914165191871e-02
1.008457477203024943e+01 5.515384708491252730e-02
1.009419579755646978e+01 5.525211081283559061e-02
1.010381682308269191e+01 5.538800091930257130e-02
1.011343784860891226e+01 5.557314624538058773e-02
1.012305887413513261e+01 5.577948809753238008e-02
1.013267989966135296e+01 5.595721469688143268e-02
1.014230092518757331e+01 5.606364272437264207e-02
1.015192195071379544e+01 5.612069218190546271e-02
1.016154297624001579e+01 5.618381057609028034e-02
1.017116400176623614e+01 5.630132820020752188e-02
1.018078502729245649e+01 5.646235259342029245e-02
1.019040605281867862e+01 5.662757153820379558e-02
1.020002707834489897e+01 5.676244349075738188e-02
1.020964810387111932e+01 5.686760787806098560e-02
1.021926912939733967e+01 5.695893915192792867e-02
1.022889015492356002e+01 5.705146445206565192e-02
1.023851118044978215e+01 5.715460605125286669e-02
1.024813220597600250e+01 5.727565076866307503e-02
1.025775323150222285e+01 5.741833687190347341e-02
1.026737425702844320e+01 5.756783091640235023e-02
1.027699528255466355e+01 5.770323729492040504e-02
1.028661630808088567e+01 5.780889846611681621e-02
1.029623733360710602e+01 5.789197886598982518e-02
1.030585835913332637e+01 5.796585283808909639e-02
1.031547938465954672e+01 5.804389485494709094e-02
1.032510041018576885e+01 5.813947938909625607e-02
1.033472143571198920e+01 5.826597052479931538e-02
1.034434246123820955e+01 5.842803645067031620e-02
1.035396348676442990e+01 5.860586282311856798e-02
1.036358451229065025e+01 5.877539808463053822e-02
1.037320553781687238e+01 5.892068718370660485e-02
1.038282656334309273e+01 5.904364828612038152e-02
1.039244758886931308e+01 5.914861388022810140e-02
1.040206861439553343e+01 5.924192355858130810e-02
1.041168963992175378e+01 5.933334701461002308e-02
1.042131066544797591e+01 5.943285465048471494e-02
1.043093169097419626e+01 5.954510141898669562e-02
1.044055271650041661e+01 5.966779995900236416e-02
1.045017374202663696e+01 5.979819516593074674e-02
1.045979476755285908e+01 5.993353193517091115e-02
1.046941579307907944e+01 6.007105516212177254e-02
1.047903681860529979e+01 6.020844522586686620e-02
1.048865784413152014e+01 6.034933856245322525e-02
1.049827886965774049e+01 6.050168603285883268e-02
1.050789989518396261e+01 6.067202253043262744e-02
1.051752092071018296e+01 6.085359071093254107e-02
1.052714194623640331e+01 6.103273412763173672e-02
1.053676297176262366e+01 6.119573765408102550e-02
1.054638399728884401e+01 6.132888616383127406e-02
1.055600502281506614e+01 6.141846458137894399e-02
1.056562604834128649e+01 6.146038869578803604e-02
1.057524707386750684e+01 6.148710264490771932e-02
1.058486809939372719e+01 6.153966149310843847e-02
1.059448912491994932e+01 6.164223112795083614e-02
1.060411015044616967e+01 6.177729057094016180e-02
1.061373117597239002e+01 6.192110748020050737e-02
1.062335220149861037e+01 6.205713688718701021e-02
1.063297322702483072e+01 6.218043647810246599e-02
1.064259425255105285e+01 6.228746301751305475e-02
1.065221527807727320e+01 6.238343201839761237e-02
1.066183630360349355e+01 6.248280210008583246e-02
1.067145732912971390e+01 6.259928750063754876e-02
1.068107835465593602e+01 6.273182648476316459e-02
1.069069938018215637e+01 6.286933469061278812e-02
1.070032040570837673e+01 6.300193734221334885e-02
1.070994143123459708e+01 6.312935843451243645e-02
1.071956245676081743e+01 6.325534772123436733e-02
1.072918348228703955e+01 6.338289766615197440e-02
1.073880450781325990e+01 6.351197550352460919e-02
1.074842553333948025e+01 6.364180662638017905e-02
1.075804655886570060e+01 6.377161642774659134e-02
1.076766758439192095e+01 6.390063030065175342e-02
1.077728860991814308e+01 6.402808036150194060e-02
1.078690963544436343e+01 6.415347053280198719e-02
1.079653066097058378e+01 6.427666398094217248e-02
1.080615168649680413e+01 6.439736228000680907e-02
1.081577271202302626e+01 6.451245215330662919e-02
1.082539373754924661e+01 6.461663888783639176e-02
1.083501476307546696e+01 6.470721914823290843e-02
1.084463578860168731e+01 6.480054165729925986e-02
1.085425681412790766e+01 6.492129449336588032e-02
1.086387783965412979e+01 6.508183973363650121e-02
1.087349886518035014e+01 6.524884108845016573e-02
1.088311989070657049e+01 6.537864296284838506e-02
1.089274091623279084e+01 6.545617909192905093e-02
1.090236194175901119e+01 6.552175649806597779e-02
1.091198296728523331e+01 6.562056491766031507e-02
1.092160399281145367e+01 6.576132831829112346e-02
1.093122501833767402e+01 6.591460105496622923e-02
1.094084604386389437e+01 6.605167847581025486e-02
1.095046706939011649e+01 6.616826343764971308e-02
1.096008809491633684e+01 6.627367161452264732e-02
1.096970912044255719e+01 6.637736643719600871e-02
1.097933014596877754e+01 6.648881133643669283e-02
1.098895117149499789e+01 6.661740553185475922e-02
1.099857219702122002e+01 6.676151322588071146e-02
1.100819322254744037e+01 6.689603751790763886e-02
1.101781424807366072e+01 6.699429932776858332e-02
1.102743527359988107e+01 6.706637546591938392e-02
1.103705629912610142e+01 6.716152923812161724e-02
1.104667732465232355e+01 6.732302973619605502e-02
1.105629835017854390e+01 6.752308215729707630e-02
1.106591937570476425e+01 6.769630467943545116e-02
1.107554040123098460e+01 6.779834072174320547e-02
1.108516142675720673e+01 6.786741836185601617e-02
1.109478245228342708e+01 6.796128857691152714e-02
1.110440347780964743e+01 6.810159200947288327e-02
1.111402450333586778e+01 6.824693672545971423e-02
1.112364552886208813e+01 6.835220600724646600e-02
1.113326655438831025e+01 6.841589196860074773e-02
1.114288757991453060e+01 6.847249906084044990e-02
1.115250860544075096e+01 6.855306907030353503e-02
1.116212963096697131e+01 6.866118239967727854e-02
1.117175065649319343e+01 6.879015084799212920e-02
1.118137168201941378e+01 6.893326838214042240e-02
1.119099270754563413e+01 6.908382896901459069e-02
1.120061373307185448e+01 6.923513640078840514e-02
1.121023475859807483e+01 6.938076428749183344e-02
1.121985578412429696e+01 6.951458292193223032e-02
1.122947680965051731e+01 6.963108579350626992e-02
1.123909783517673766e+01 6.972967159840473550e-02
1.124871886070295801e+01 6.981211130882671034e-02
1.125833988622917836e+01 6.988312306726596201e-02
1.126796091175540049e+01 6.995643617215269172e-02
1.127758193728162084e+01 7.004723951780267299e-02
1.128720296280784119e+01 7.016097354493802674e-02
1.129682398833406154e+01 7.029074781187637233e-02
1.130644501386028367e+01 7.042888041823509859e-02
1.131606603938650402e+01 7.056768946363158046e-02
1.132568706491272437e+01 7.069949438257686070e-02
1.133530809043894472e+01 7.082106070528015884e-02
1.134492911596516507e+01 7.094351059190455444e-02
1.135455014149138719e+01 7.108054718067984001e-02
1.136417116701760754e+01 7.123455894439204017e-02
1.137379219254382789e+01 7.139367759575294958e-02
1.138341321807004825e+01 7.154512518175049074e-02
1.139303424359626860e+01 7.167612374937255837e-02
1.140265526912249072e+01 7.177390604431274634e-02
1.141227629464871107e+01 7.183686359667648680e-02
1.142189732017493142e+01 7.189566191506638337e-02
1.143151834570115177e+01 7.198559961041328670e-02
1.144113937122737390e+01 7.211043864003925663e-02
1.145076039675359425e+01 7.223956236571546508e-02
1.146038142227981460e+01 7.234591139559823358e-02
1.147000244780603495e+01 7.243794098759946676e-02
1.147962347333225530e+01 7.253865494549960324e-02
1.148924449885847743e+01 7.265907229436799342e-02
1.149886552438469778e+01 7.278336335794749479e-02
1.150848654991091813e+01 7.289320100859980611e-02
1.151810757543713848e+01 7.298906706676401568e-02
1.152772860096336061e+01 7.308690251821524375e-02
1.153734962648958096e+01 7.319845813438868865e-02
1.154697065201580131e+01 7.331426132530047268e-02
1.155659167754202166e+01 7.341895357117166065e-02
1.156621270306824201e+01 7.350656576891909100e-02
1.157583372859446413e+01 7.358532676668874672e-02
1.158545475412068448e+01 7.366464602189401467e-02
1.159507577964690483e+01 7.375393299194832331e-02
1.160469680517312518e+01 7.386258686901378545e-02
1.161431783069934554e+01 7.399368806290741729e-02
1.162393885622556766e+01 7.413325353441979626e-02
1.163355988175178801e+01 7.426522629540106835e-02
1.164318090727800836e+01 7.438871151131259962e-02
1.165280193280422871e+01 7.451660088938956428e-02
1.166242295833045084e+01 7.465661067562462394e-02
1.167204398385667119e+01 7.478971183001012490e-02
1.168166500938289154e+01 7.488947415248357886e-02
1.169128603490911189e+01 7.495275949664673143e-02
1.170090706043533224e+01 7.501004129453815727e-02
1.171052808596155437e+01 7.509099456440289366e-02
1.172014911148777472e+01 7.519838631954382790e-02
1.172977013701399507e+01 7.532224582759818043e-02
1.173939116254021542e+01 7.545297103133749572e-02
1.174901218806643577e+01 7.558193598922034739e-02
1.175863321359265790e+01 7.570115521423376181e-02
1.176825423911887825e+01 7.580927055154973448e-02
1.177787526464509860e+01 7.590955079878761169e-02
1.178749629017131895e+01 7.600535930526119976e-02
1.179711731569754107e+01 7.610005942028431891e-02
1.180673834122376142e+01 7.619701449317070607e-02
1.181635936674998177e+01 7.629958787323423697e-02
1.182598039227620212e+01 7.641114290978869017e-02
1.183560141780242247e+01 7.653250607734901623e-02
1.184522244332864460e+01 7.665314005888497484e-02
1.185484346885486495e+01 7.675954427830966598e-02
1.186446449438108530e+01 7.684597772629658818e-02
1.187408551990730565e+01 7.691639779374376262e-02
1.188370654543352600e+01 7.697759889207203554e-02
1.189332757095974813e+01 7.704948073959254351e-02
1.190294859648596848e+01 7.715628330454070427e-02
1.191256962201218883e+01 7.729621213637284660e-02
1.192219064753840918e+01 7.742731151571173587e-02
1.193181167306463131e+01 7.751126698093568912e-02
1.194143269859085166e+01 7.756148438849774784e-02
1.195105372411707201e+01 7.761418991925113364e-02
1.196067474964329236e+01 7.769176818696381381e-02
1.197029577516951271e+01 7.779141359641614240e-02
1.197991680069573484e+01 7.790767425166827964e-02
1.198953782622195519e+01 7.803509825678034417e-02
1.199915885174817554e+01 7.816822037333100159e-02
1.200877987727439589e+01 7.829975760191883183e-02
1.201840090280061801e+01 7.841878156896628371e-02
1.202802192832683836e+01 7.851557624344507325e-02
1.203764295385305871e+01 7.859592842504142807e-02
1.204726397937927906e+01 7.867410437173745497e-02
1.205688500490549941e+01 7.876053779889156947e-02
1.206650603043172154e+01 7.885740188729861710e-02
1.207612705595794189e+01 7.896532655590199345e-02
1.208574808148416224e+01 7.908013725177254205e-02
1.209536910701038259e+01 7.919496736188082198e-02
1.210499013253660294e+01 7.930292061390037395e-02
1.211461115806282507e+01 7.939710073550472480e-02
1.212423218358904542e+01 7.947180610772251741e-02
1.213385320911526577e+01 7.953241576618724773e-02
1.214347423464148612e+01 7.959029056078371911e-02
1.215309526016770825e+01 7.965346449117034766e-02
1.216271628569392860e+01 7.972329500167310568e-02
1.217233731122014895e+01 7.980035831924471579e-02
1.218195833674636930e+01 7.988523067083772022e-02
1.219157936227258965e+01 7.997848828340481386e-02
1.220120038779881178e+01 8.008070738389864995e-02
1.221082141332503213e+01 8.019246419927179848e-02
1.222044243885125248e+01 8.031344226003721276e-02
1.223006346437747283e+01 8.043701650688388216e-02
1.223968448990369318e+01 8.055385801738854101e-02
1.224930551542991530e+01 8.065541351480570720e-02
1.225892654095613565e+01 8.073430541049912701e-02
1.226854756648235600e+01 8.078650316607274839e-02
1.227816859200857635e+01 8.082641790495211087e-02
1.228778961753479848e+01 8.087468947052996182e-02
1.229741064306101883e+01 8.094307461670290083e-02
1.230703166858723918e+01 8.103256469699757214e-02
1.231665269411345953e+01 8.114130016055380590e-02
1.232627371963967988e+01 8.125787965618823383e-02
1.233589474516590201e+01 8.136868880544659288e-02
1.234551577069212236e+01 8.146762534932380784e-02
1.235513679621834271e+01 8.155561437438434147e-02
1.236475782174456306e+01 8.163385108252435574e-02
1.237437884727078341e+01 8.170353067563999871e-02
1.238399987279700554e+01 8.176660481352150678e-02
1.239362089832322589e+01 8.183461750488334185e-02
1.240324192384944624e+01 8.192562056996473274e-02
1.241286294937566659e+01 8.204213065685049544e-02
1.242248397490188871e+01 8.215255844020688536e-02
1.243210500042810907e+01 8.222614720568058311e-02
1.244172602595432942e+01 8.227421703259867047e-02
1.245134705148054977e+01 8.232779066975275117e-02
1.246096807700677012e+01 8.240269149633321077e-02
1.247058910253299224e+01 8.249225741378410359e-02
1.248021012805921259e+01 8.258784009959987960e-02
1.248983115358543294e+01 8.267985085723676686e-02
1.249945217911165329e+01 8.275891264718485130e-02
1.250907320463787542e+01 8.282624762561124898e-02
1.251869423016409577e+01 8.289321206695017541e-02
1.252831525569031612e+01 8.296779791418031069e-02
1.253793628121653647e+01 8.304697027470184234e-02
1.254755730674275682e+01 8.312568918177934418e-02
1.255717833226897895e+01 8.319891466867732066e-02
1.256679935779519930e+01 8.326170536518337495e-02
1.257642038332141965e+01 8.331703125131026400e-02
1.258604140884764000e+01 8.338143518944994559e-02
1.259566243437386035e+01 8.346701852477346473e-02
1.260528345990008248e+01 8.355436971046363570e-02
1.261490448542630283e+01 8.361534748993544597e-02
1.262452551095252318e+01 8.366625383904148505e-02
1.263414653647874353e+01 8.376741993250524931e-02
1.264376756200496565e+01 8.393995689897933155e-02
1.265338858753118600e+01 8.408762354631772740e-02
1.266300961305740636e+01 8.410896555169908306e-02
1.267263063858362671e+01 8.404843866241373807e-02
1.268225166410984706e+01 8.402885191986324276e-02
1.269187268963606918e+01 8.410166403239281718e-02
1.270149371516228953e+01 8.421065509972612551e-02
1.271111474068850988e+01 8.430247948644288558e-02
1.272073576621473023e+01 8.437470897022528171e-02
1.273035679174095058e+01 8.443880248273112621e-02
1.273997781726717271e+01 8.450621926793504268e-02
1.274959884279339306e+01 8.458833918683397735e-02
1.275921986831961341e+01 8.468478370570248215e-02
1.276884089384583376e+01 8.477107696526284264e-02
1.277846191937205589e+01 8.482669307027357330e-02
1.278808294489827624e+01 8.487247207362670631e-02
1.279770397042449659e+01 8.494325923269718803e-02
1.280732499595071694e+01 8.504422215089207926e-02
1.281694602147693729e+01 8.515137524839323790e-02
1.282656704700315942e+01 8.524602245674342549e-02
1.283618807252937977e+01 8.532615003114402130e-02
1.284580909805560012e+01 8.539237591810160122e-02
1.285543012358182047e+01 8.544531806412278274e-02
1.286505114910804259e+01 8.548568999931435708e-02
1.287467217463426294e+01 8.551697794954575549e-02
1.288429320016048329e+01 8.554580200827403835e-02
1.289391422568670365e+01 8.557767988228311140e-02
1.290353525121292400e+01 8.561446044765355645e-02
1.291315627673914612e+01 8.565733440596687287e-02
1.292277730226536647e+01 8.570749245880453226e-02
1.293239832779158682e+01 8.576603449579126015e-02
1.294201935331780717e+01 8.583117834926787260e-02
1.295164037884402752e+01 8.589773538089898186e-02
1.296126140437024965e+01 8.596078708718019046e-02
1.297088242989647000e+01 8.601678164673978721e-02
1.298050345542269035e+01 8.606402482677918964e-02
1.299012448094891070e+01 8.611357977071099068e-02
1.299974550647513283e+01 8.618198079990059546e-02
1.300936653200135318e+01 8.626848160560116052e-02
1.301898755752757353e+01 8.635289171583343526e-02
1.302860858305379388e+01 8.642050392250612278e-02
1.303822960858001423e+01 8.647402505059868794e-02
1.304785063410623636e+01 8.651917040137588333e-02
1.305747165963245671e+01 8.656255932722009550e-02
1.306709268515867706e+01 8.661089204714574052e-02
1.307671371068489741e+01 8.666429952452193997e-02
1.308633473621111776e+01 8.671652397228184206e-02
1.309595576173733988e+01 8.676104365910862481e-02
1.310557678726356023e+01 8.679133685368553563e-02
1.311519781278978058e+01 8.680741395349687861e-02
1.312481883831600094e+01 8.684454514860379115e-02
1.313443986384222306e+01 8.694509156698503050e-02
1.314406088936844341e+01 8.708071559040904408e-02
1.315368191489466376e+01 8.716953567439515715e-02
1.316330294042088411e+01 8.717834675734949246e-02
1.317292396594710446e+01 8.715741196534758373e-02
1.318254499147332659e+01 8.715289569287279492e-02
1.319216601699954694e+01 8.716497360206501566e-02
1.320178704252576729e+01 8.718559975780178217e-02
1.321140806805198764e+01 8.723290038385364542e-02
1.322102909357820799e+01 8.733787134297232857e-02
1.323065011910443012e+01 8.748636005101889657e-02
1.324027114463065047e+01 8.761173329171978441e-02
1.324989217015687082e+01 8.766992390448387351e-02
1.325951319568309117e+01 8.768004869462792117e-02
1.326913422120931330e+01 8.767083780595583131e-02
1.327875524673553365e+01 8.767102138227153563e-02
1.328837627226175400e+01 8.770692339290055151e-02
1.329799729778797435e+01 8.777081396826537374e-02
1.330761832331419470e+01 8.782984958211428883e-02
1.331723934884041682e+01 8.785821475281625770e-02
1.332686037436663717e+01 8.784154671107022305e-02
1.333648139989285752e+01 8.778843658170237818e-02
1.334610242541907787e+01 8.777677625694482733e-02
1.335572345094530000e+01 8.787911191170061365e-02
1.336534447647152035e+01 8.803614624403877098e-02
1.337496550199774070e+01 8.813763792433602917e-02
1.338458652752396105e+01 8.816225910198076388e-02
1.339420755305018140e+01 8.816436085440547410e-02
1.340382857857640353e+01 8.818067257621255151e-02
1.341344960410262388e+01 8.821458368234631753e-02
1.342307062962884423e+01 8.826435438828783564e-02
1.343269165515506458e+01 8.832156135679182507e-02
1.344231268068128493e+01 8.837637240817482198e-02
1.345193370620750706e+01 8.841895536275341805e-02
1.346155473173372741e+01 8.844024963392985161e-02
1.347117575725994776e+01 8.844440577910867018e-02
1.348079678278616811e+01 8.844664614878512687e-02
1.349041780831239024e+01 8.846104816781449887e-02
1.350003883383861059e+01 8.849933687065621168e-02
1.350965985936483094e+01 8.856285636291585939e-02
1.351928088489105129e+01 8.862193152680770958e-02
1.352890191041727164e+01 8.864659336016809943e-02
1.353852293594349376e+01 8.864123295925767365e-02
1.354814396146971411e+01 8.862327391934063381e-02
1.355776498699593446e+01 8.861016471326292610e-02
1.356738601252215481e+01 8.861897081332563431e-02
1.357700703804837516e+01 8.865225792390235560e-02
1.358662806357459729e+01 8.869399783462629527e-02
1.359624908910081764e+01 8.873217830356067148e-02
1.360587011462703799e+01 8.876705837728075810e-02
1.361549114015325834e+01 8.880065210592906488e-02
1.362511216567948047e+01 8.883497353964805998e-02
1.363473319120570082e+01 8.887203672858021153e-02
1.364435421673192117e+01 8.891385572286801542e-02
1.365397524225814152e+01 8.896234885349270372e-02
1.366359626778436187e+01 8.901758031797291082e-02
1.367321729331058400e+01 8.907772531086489975e-02
1.368283831883680435e+01 8.912801110991748488e-02
1.369245934436302470e+01 8.913354615758185828e-02
1.370208036988924505e+01 8.908680417141363883e-02
1.371170139541546540e+01 8.906063872096715850e-02
1.372132242094168753e+01 8.911704622933801223e-02
1.373094344646790788e+01 8.919434644367241205e-02
1.374056447199412823e+01 8.920253241885969797e-02
1.375018549752034858e+01 8.915001255230876887e-02
1.375980652304657070e+01 8.909758180791403637e-02
1.376942754857279105e+01 8.907327639132756048e-02
1.377904857409901140e+01 8.907448283711054404e-02
1.378866959962523175e+01 8.909744659901215613e-02
1.379829062515145210e+01 8.913841313078159356e-02
1.380791165067767423e+01 8.919362788616806703e-02
1.381753267620389458e+01 8.925933631892075948e-02
1.382715370173011493e+01 8.933106497805003154e-02
1.383677472725633528e+01 8.940118345196104710e-02
1.384639575278255741e+01 8.946119500569033045e-02
1.385601677830877776e+01 8.950260288050811142e-02
1.386563780383499811e+01 8.951750865051086303e-02
1.387525882936121846e+01 8.950661709786206233e-02
1.388487985488743881e+01 8.947731579467939345e-02
1.389450088041366094e+01 8.944459817070132823e-02
1.390412190593988129e+01 8.943209231375290336e-02
1.391374293146610164e+01 8.944522621277256613e-02
1.392336395699232199e+01 8.945451412187004070e-02
1.393298498251854234e+01 8.943708037144408596e-02
1.394260600804476447e+01 8.940135606537022439e-02
1.395222703357098482e+01 8.936162094107522047e-02
1.396184805909720517e+01 8.933215473598581091e-02
1.397146908462342552e+01 8.932723718752877407e-02
1.398109011014964764e+01 8.936114803313083277e-02
1.399071113567586799e+01 8.944462385819089423e-02
1.400033216120208834e+01 8.953787203718964471e-02
1.400995318672830869e+01 8.956586644382288909e-02
1.401957421225452904e+01 8.952163765755793978e-02
1.402919523778075117e+01 8.947491322326799057e-02
1.403881626330697152e+01 8.946918515767675328e-02
1.404843728883319187e+01 8.949731594573388793e-02
1.405805831435941222e+01 8.954635436910629576e-02
1.406767933988563257e+01 8.960082455698534232e-02
1.407730036541185470e+01 8.964424230256294590e-02
1.408692139093807505e+01 8.965773863699119661e-02
1.409654241646429540e+01 8.962740891230397411e-02
1.410616344199051575e+01 8.957233105319882538e-02
1.411578446751673788e+01 8.952373761644907835e-02
1.412540549304295823e+01 8.951288024528071541e-02
1.413502651856917858e+01 8.956719809356045170e-02
1.414464754409539893e+01 8.965557019982403619e-02
1.415426856962161928e+01 8.970286358156827344e-02
1.416388959514784140e+01 8.968449872857513216e-02
1.417351062067406176e+01 8.963314815700081095e-02
1.418313164620028211e+01 8.957426199624288210e-02
1.419275267172650246e+01 8.951734689163075298e-02
1.420237369725272458e+01 8.947096358182582421e-02
1.421199472277894493e+01 8.944464497296743255e-02
1.422161574830516528e+01 8.944805400041504206e-02
1.423123677383138563e+01 8.949085359952821395e-02
1.424085779935760598e+01 8.957205062414305696e-02
1.425047882488382811e+01 8.964244980353065773e-02
1.426009985041004846e+01 8.964943107507608588e-02
1.426972087593626881e+01 8.960648863791331742e-02
1.427934190146248916e+01 8.955347994408281720e-02
1.428896292698870951e+01 8.953033084612564696e-02
1.429858395251493164e+01 8.957184661588805941e-02
1.430820497804115199e+01 8.964057678741903235e-02
1.431782600356737234e+01 8.964945010148241133e-02
1.432744702909359269e+01 8.959616117984907369e-02
1.433706805461981482e+01 8.956142184329679568e-02
1.434668908014603517e+01 8.956725156504091734e-02
1.435631010567225552e+01 8.955545668212666621e-02
1.436593113119847587e+01 8.950542326652247138e-02
1.437555215672469622e+01 8.946967597881157197e-02
1.438517318225091834e+01 8.948372924348908797e-02
1.439479420777713869e+01 8.952890685345052391e-02
1.440441523330335905e+01 8.957915525365645060e-02
1.441403625882957940e+01 8.960842089260911969e-02
1.442365728435579975e+01 8.959962197456153299e-02
1.443327830988202187e+01 8.957077691651665896e-02
1.444289933540824222e+01 8.954848678000611184e-02
1.445252036093446257e+01 8.955935262656150586e-02
1.446214138646068292e+01 8.961668035486411443e-02
1.447176241198690505e+01 8.964399889160865054e-02
1.448138343751312540e+01 8.954614397484815524e-02
1.449100446303934575e+01 8.939210006164502453e-02
1.450062548856556610e+01 8.932519785739186091e-02
1.451024651409178645e+01 8.934922496113188728e-02
1.451986753961800858e+01 8.937931056476362823e-02
1.452948856514422893e+01 8.938136546740201027e-02
1.453910959067044928e+01 8.936362183151630445e-02
1.454873061619666963e+01 8.933552263990356124e-02
1.455835164172288998e+01 8.930635999147024107e-02
1.456797266724911211e+01 8.928051646602552793e-02
1.457759369277533246e+01 8.925652324256322379e-02
1.458721471830155281e+01 8.923368198921842465e-02
1.459683574382777316e+01 8.921290375285141627e-02
1.460645676935399528e+01 8.919522481561366345e-02
1.461607779488021563e+01 8.918168145965664484e-02
1.462569882040643598e+01 8.917330996713179747e-02
1.463531984593265634e+01 8.917114975721378289e-02
1.464494087145887669e+01 8.917733366606227230e-02
1.465456189698509881e+01 8.919667829764929556e-02
1.466418292251131916e+01 8.922278289898943893e-02
1.467380394803753951e+01 8.921523733348911411e-02
1.468342497356375986e+01 8.914470451689895936e-02
1.469304599908998199e+01 8.904156634852126995e-02
1.470266702461620234e+01 8.894911133279649607e-02
1.471228805014242269e+01 8.891062797416512953e-02
1.472190907566864304e+01 8.895133716412366442e-02
1.473153010119486339e+01 8.901071748555658414e-02
1.474115112672108552e+01 8.901714070595602435e-02
1.475077215224730587e+01 8.897762039413371904e-02
1.476039317777352622e+01 8.892606035373619433e-02
1.477001420329974657e+01 8.889638778950495479e-02
1.477963522882596692e+01 8.891201652859086202e-02
1.478925625435218905e+01 8.892006539489293038e-02
1.479887727987840940e+01 8.884654442530942609e-02
1.480849830540462975e+01 8.872109072871681157e-02
1.481811933093085010e+01 8.861890377743716907e-02
1.482774035645707222e+01 8.856242147372815621e-02
1.483736138198329257e+01 8.854500614752561227e-02
1.484698240750951292e+01 8.855972336873586814e-02
1.485660343303573327e+01 8.859963870726528246e-02
1.486622445856195363e+01 8.865781773302019997e-02
1.487584548408817575e+01 8.872624986676264092e-02
1.488546650961439610e+01 8.878263391137063143e-02
1.489508753514061645e+01 8.879627492102284969e-02
1.490470856066683680e+01 8.876203011734216941e-02
1.491432958619305715e+01 8.869439309193836996e-02
1.492395061171927928e+01 8.860835114287886338e-02
1.493357163724549963e+01 8.851889156823108951e-02
1.494319266277171998e+01 8.844100166606241875e-02
1.495281368829794033e+01 8.838904133065880742e-02
1.496243471382416246e+01 8.836526774490167935e-02
1.497205573935038281e+01 8.836046952319788483e-02
1.498167676487660316e+01 8.835398368664515445e-02
1.499129779040282351e+01 8.831682240213765966e-02
1.500091881592904386e+01 8.826608099753066594e-02
1.501053984145526599e+01 8.826125380275186283e-02
1.502016086698148634e+01 8.829264983772136532e-02
1.502978189250770669e+01 8.828154010882154068e-02
1.503940291803392704e+01 8.820710840804189823e-02
1.504902394356014739e+01 8.811070533199269472e-02
1.505864496908636951e+01 8.801914879852629214e-02
1.506826599461258986e+01 8.794104723844597959e-02
1.507788702013881021e+01 8.788415198139677698e-02
1.508750804566503056e+01 8.785589888780637180e-02
1.509712907119125269e+01 8.785567797876425722e-02
1.510675009671747304e+01 8.787421911154813525e-02
1.511637112224369339e+01 8.789806700535951478e-02
1.512599214776991374e+01 8.791021878579290127e-02
1.513561317329613409e+01 8.790414211411917700e-02
1.514523419882235622e+01 8.788438358724698363e-02
1.515485522434857657e+01 8.785537244551555602e-02
1.516447624987479692e+01 8.782080333334330025e-02
1.517409727540101727e+01 8.778243505490387899e-02
1.518371830092723940e+01 8.774012151539820059e-02
1.519333932645345975e+01 8.769363390809130354e-02
1.520296035197968010e+01 8.764278176889861438e-02
1.521258137750590045e+01 8.758815644907830267e-02
1.522220240303212080e+01 8.753107926016823193e-02
1.523182342855834293e+01 8.747289947002932775e-02
1.524144445408456328e+01 8.741496634652265452e-02
1.525106547961078363e+01 8.735862915750917945e-02
1.526068650513700398e+01 8.730568424331308641e-02
1.527030753066322433e+01 8.726506027021838086e-02
1.527992855618944645e+01 8.724969127633032395e-02
1.528954958171566680e+01 8.724774152977754493e-02
1.529917060724188715e+01 8.723124916003907603e-02
1.530879163276810750e+01 8.720654107879527439e-02
1.531841265829432963e+01 8.720240957045576058e-02
1.532803368382054998e+01 8.722542855584937416e-02
1.533765470934677033e+01 8.726495233054805400e-02
1.534727573487299068e+01 8.728437993817744767e-02
1.535689676039921103e+01 8.723748352272914230e-02
1.536651778592543316e+01 8.713124950572623262e-02
1.537613881145165351e+01 8.700176752622659770e-02
1.538575983697787386e+01 8.688541974195669593e-02
1.539538086250409421e+01 8.681541914219691181e-02
1.540500188803031456e+01 8.680189265788582076e-02
1.541462291355653669e+01 8.683582178986001820e-02
1.542424393908275704e+01 8.685104205963704860e-02
1.543386496460897739e+01 8.678024563735531327e-02
1.544348599013519774e+01 8.667536891441325608e-02
1.545310701566141987e+01 8.661250352862291668e-02
1.546272804118764022e+01 8.658382772441340636e-02
1.547234906671386057e+01 8.655604970192043446e-02
1.548197009224008092e+01 8.649587253061988279e-02
1.549159111776630127e+01 8.638681341273142522e-02
1.550121214329252339e+01 8.627307941834029548e-02
1.551083316881874374e+01 8.619829519267779849e-02
1.552045419434496409e+01 8.616206294213517303e-02
1.553007521987118444e+01 8.615552504909892995e-02
1.553969624539740657e+01 8.616982389595558012e-02
1.554931727092362692e+01 8.619610186509164829e-02
1.555893829644984727e+01 8.622540646876029891e-02
1.556855932197606762e+01 8.623842139814401342e-02
1.557818034750228797e+01 8.619686489132574736e-02
1.558780137302851010e+01 8.609841377502187865e-02
1.559742239855473045e+01 8.600076056935075652e-02
1.560704342408095080e+01 8.593585007063424264e-02
1.561666444960717115e+01 8.589379562883618646e-02
1.562628547513339150e+01 8.586177641258642412e-02
1.563590650065961363e+01 8.582734899991610600e-02
1.564552752618583398e+01 8.578584359753557709e-02
1.565514855171205433e+01 8.573999810504627506e-02
1.566476957723827468e+01 8.569445844957752911e-02
1.567439060276449680e+01 8.565513603586054348e-02
1.568401162829071716e+01 8.562797566015140083e-02
1.569363265381693751e+01 8.561892211870619773e-02
1.570325367934315786e+01 8.563392020778096136e-02
1.571287470486937821e+01 8.567387179943490583e-02
1.572249573039560033e+01 8.570517448761130752e-02
1.573211675592182068e+01 8.567978067849665869e-02
1.574173778144804103e+01 8.554959384718707760e-02
1.575135880697426138e+01 8.530590233123867827e-02
1.576097983250048173e+01 8.510334840705305326e-02
1.577060085802670386e+01 8.506950440784545597e-02
1.578022188355292421e+01 8.510875201162408643e-02
1.578984290907914456e+01 8.511904196841990622e-02
1.579946393460536491e+01 8.509408147659359989e-02
1.580908496013158704e+01 8.504607463269267531e-02
1.581870598565780739e+01 8.499463528499638654e-02
1.582832701118402774e+01 8.496022809000422504e-02
1.583794803671024809e+01 8.496186262718020965e-02
1.584756906223646844e+01 8.497242499186197229e-02
1.585719008776269057e+01 8.491458988165320743e-02
1.586681111328891092e+01 8.479278238267567991e-02
1.587643213881513127e+01 8.468527811919797366e-02
1.588605316434135162e+01 8.461824104529923340e-02
1.589567418986757197e+01 8.457881345503501236e-02
1.590529521539379409e+01 8.455330842973222960e-02
1.591491624092001445e+01 8.452803905071781809e-02
1.592453726644623480e+01 8.448931839931882182e-02
1.593415829197245515e+01 8.443026942513047473e-02
1.594377931749867727e+01 8.437667855571993891e-02
1.595340034302489762e+01 8.435094412405089170e-02
1.596302136855111797e+01 8.432967052169174083e-02
1.597264239407733832e+01 8.427951462482345668e-02
1.598226341960355867e+01 8.416756066046519880e-02
1.599188444512978080e+01 8.400456729749518348e-02
1.600150547065599937e+01 8.388084808991344565e-02
1.601112649618222150e+01 8.384078115477917870e-02
1.602074752170844008e+01 8.385413258403827397e-02
1.603036854723466220e+01 8.388530534972829522e-02
1.603998957276088433e+01 8.390034415773574283e-02
1.604961059828710290e+01 8.388844677000920069e-02
1.605923162381332503e+01 8.385593850668816851e-02
1.606885264933954360e+01 8.380954689133576774e-02
1.607847367486576573e+01 8.375599944751510595e-02
1.608809470039198786e+01 8.370202369878929072e-02
1.609771572591820643e+01 8.365310058884864453e-02
1.610733675144442856e+01 8.360944223608091086e-02
1.611695777697064713e+01 8.356986897015024340e-02
1.612657880249686926e+01 8.353320111255625735e-02
1.613619982802309138e+01 8.349825898479859565e-02
1.614582085354930996e+01 8.346386290837694288e-02
1.615544187907553209e+01 8.342883320479092812e-02
1.616506290460175421e+01 8.339221705745231139e-02
1.617468393012797279e+01 8.335828632247599401e-02
1.618430495565419491e+01 8.333562571526714757e-02
1.619392598118041349e+01 8.332105531476197147e-02
1.620354700670663561e+01 8.330296591548846941e-02
1.621316803223285774e+01 8.326957316712381429e-02
1.622278905775907631e+01 8.320909271934516516e-02
1.623241008328529844e+01 8.310974131845609569e-02
1.624203110881151702e+01 8.296933557617913735e-02
1.625165213433773914e+01 8.281865895971757263e-02
1.626127315986396127e+01 8.269556603742297951e-02
1.627089418539017984e+01 8.263715538632730728e-02
1.628051521091640197e+01 8.263694031139541540e-02
1.629013623644262054e+01 8.262435899506791193e-02
1.629975726196884267e+01 8.258425595923223062e-02
1.630937828749506480e+01 8.256075657026448744e-02
1.631899931302128337e+01 8.254846361158103829e-02
1.632862033854750550e+01 8.250979560957430459e-02
1.633824136407372407e+01 8.244224262879937259e-02
1.634786238959994620e+01 8.235999349046481399e-02
1.635748341512616832e+01 8.227732829805961545e-02
1.636710444065238690e+01 8.220514721430809135e-02
1.637672546617860903e+01 8.214413619961455360e-02
1.638634649170482760e+01 8.209305926141924337e-02
1.639596751723104973e+01 8.205068040716227695e-02
1.640558854275727185e+01 8.201576364428388166e-02
1.641520956828349043e+01 8.198707298022421541e-02
1.642483059380971255e+01 8.196337242242339449e-02
1.643445161933593468e+01 8.194111053187407012e-02
1.644407264486215325e+01 8.189550700349902679e-02
1.645369367038837538e+01 8.180416924478575713e-02
1.646331469591459395e+01 8.171929117749734961e-02
1.647293572144081608e+01 8.169247298674629787e-02
1.648255674696703821e+01 8.169083379891986518e-02
1.649217777249325678e+01 8.166419859566165229e-02
1.650179879801947891e+01 8.156405125002857970e-02
1.651141982354569748e+01 8.140399694989408630e-02
1.652104084907191961e+01 8.127322519217106134e-02
1.653066187459814174e+01 8.120477938558569309e-02
1.654028290012436031e+01 8.118185604565360258e-02
1.654990392565058244e+01 8.118620685392587133e-02
1.655952495117680101e+01 8.119958349195359470e-02
1.656914597670302314e+01 8.120374308840942745e-02
1.657876700222924526e+01 8.118609577414015455e-02
1.658838802775546384e+01 8.115039196154229251e-02
1.659800905328168596e+01 8.110331719635237302e-02
1.660763007880790454e+01 8.105144613103500151e-02
1.661725110433412667e+01 8.099844119648506868e-02
1.662687212986034879e+01 8.094483626300176538e-02
1.663649315538656737e+01 8.089101097015023722e-02
1.664611418091278949e+01 8.083734495749557436e-02
1.665573520643901162e+01 8.078421786460286691e-02
1.666535623196523019e+01 8.073200933103723276e-02
1.667497725749145232e+01 8.068109899636376203e-02
1.668459828301767089e+01 8.063186650014760037e-02
1.669421930854389302e+01 8.058469148195378240e-02
1.670384033407011515e+01 8.053995358134746763e-02
1.671346135959633372e+01 8.049803243789376006e-02
1.672308238512255585e+01 8.045930769115773595e-02
1.673270341064877442e+01 8.042282411951037768e-02
1.674232443617499655e+01 8.037786483061935827e-02
1.675194546170121868e+01 8.030937800750224953e-02
1.676156648722743725e+01 8.020245248513611924e-02
1.677118751275365938e+01 8.007596133235447833e-02
1.678080853827987795e+01 8.002180072153190771e-02
1.679042956380610008e+01 8.005505587581217275e-02
1.680005058933231865e+01 8.008262729762184728e-02
1.680967161485854078e+01 8.006667202906712910e-02
1.681929264038476290e+01 8.001699498706690838e-02
1.682891366591098148e+01 7.994459072877620198e-02
1.683853469143720361e+01 7.986045381134990184e-02
1.684815571696342218e+01 7.977557879194298318e-02
1.685777674248964431e+01 7.970096022771040734e-02
1.686739776801586643e+01 7.964728069647028508e-02
1.687701879354208501e+01 7.961534023617614086e-02
1.688663981906830713e+01 7.959426741543081107e-02
1.689626084459452571e+01 7.957251793003157492e-02
1.690588187012074783e+01 7.954000738244305924e-02
1.691550289564696996e+01 7.949550117109888125e-02
1.692512392117318853e+01 7.944108180402399688e-02
1.693474494669941066e+01 7.937883671626180804e-02
1.694436597222563279e+01 7.931077971602917831e-02
1.695398699775185136e+01 7.923879871874531244e-02
1.696360802327807349e+01 7.916476930720324490e-02
1.697322904880429206e+01 7.909056706419612115e-02
1.698285007433051419e+01 7.901806757251694791e-02
1.699247109985673632e+01 7.894914641495885677e-02
1.700209212538295489e+01 7.888567917431492382e-02
1.701171315090917702e+01 7.882954143337819741e-02
1.702133417643539559e+01 7.878255272079451310e-02
1.703095520196161772e+01 7.874451084925351840e-02
1.704057622748783984e+01 7.871267493982672669e-02
1.705019725301405842e+01 7.868414298089165815e-02
1.705981827854028055e+01 7.865601296082586069e-02
1.706943930406649912e+01 7.862538353708120598e-02
1.707906032959272125e+01 7.859015241506463190e-02
1.708868135511894337e+01 7.855056440180917254e-02
1.709830238064516195e+01 7.850729306444459432e-02
1.710792340617138407e+01 7.846101197010063588e-02
1.711754443169760265e+01 7.841239468590702200e-02
1.712716545722382477e+01 7.836211477899351907e-02
1.713678648275004690e+01 7.831084581648986576e-02
1.714640750827626547e+01 7.825926136552585621e-02
1.715602853380248760e+01 7.820805267435597397e-02
1.716564955932870618e+01 7.815938683887162231e-02
1.717527058485492830e+01 7.811799571922220520e-02
1.718489161038115043e+01 7.808886771498986523e-02
1.719451263590736900e+01 7.807571587045655792e-02
1.720413366143359113e+01 7.807212196714977126e-02
1.721375468695981326e+01 7.806683533775159167e-02
1.722337571248603183e+01 7.804857552551230926e-02
1.723299673801225396e+01 7.800606207368211698e-02
1.724261776353847253e+01 7.792801452551137431e-02
1.725223878906469466e+01 7.780315242425017708e-02
1.726185981459091678e+01 7.763267847707144842e-02
1.727148084011713536e+01 7.751876838754910570e-02
1.728110186564335748e+01 7.755963232623461212e-02
1.729072289116957606e+01 7.765815313281895782e-02
1.730034391669579819e+01 7.772138676808296176e-02
1.730996494222202031e+01 7.774534987011345877e-02
1.731958596774823889e+01 7.773530553699931067e-02
1.732920699327446101e+01 7.769651686682908787e-02
1.733882801880067959e+01 7.763424695769159667e-02
1.734844904432690171e+01 7.755375890767547686e-02
1.735807006985312384e+01 7.746031581486945150e-02
1.736769109537934241e+01 7.735918077736225751e-02
1.737731212090556454e+01 7.725561689324252079e-02
1.738693314643178311e+01 7.715488726059903379e-02
1.739655417195800524e+01 7.706166388194631012e-02
1.740617519748422737e+01 7.697680135054041362e-02
1.741579622301044594e+01 7.689963742395911073e-02
1.742541724853666807e+01 7.682950600381510675e-02
1.743503827406289020e+01 7.676574099172116250e-02
1.744465929958910877e+01 7.670767628929003878e-02
1.745428032511533090e+01 7.665464579813441315e-02
1.746390135064154947e+01 7.660598341986704640e-02
1.747352237616777160e+01 7.656102305610064385e-02
1.748314340169399372e+01 7.651909860844795241e-02
1.749276442722021230e+01 7.647954397852174679e-02
1.750238545274643442e+01 7.644169306793470453e-02
1.751200647827265300e+01 7.640487977829958643e-02
1.752162750379887513e+01 7.636843801122911168e-02
1.753124852932509725e+01 7.633170166833601333e-02
1.754086955485131583e+01 7.629400465123303832e-02
1.755049058037753795e+01 7.625468086153291969e-02
1.756011160590375653e+01 7.621315841984453721e-02
1.756973263142997865e+01 7.617039258624574982e-02
1.757935365695620078e+01 7.612857727904354110e-02
1.758897468248241935e+01 7.608994214531814015e-02
1.759859570800864148e+01 7.605671683214970669e-02
1.760821673353486005e+01 7.603101540438357564e-02
1.761783775906108218e+01 7.601122733804760445e-02
1.762745878458730431e+01 7.599130666914558074e-02
1.763707981011352288e+01 7.596494832193374791e-02
1.764670083563974501e+01 7.592784178465220024e-02
1.765632186116596358e+01 7.588342280338894463e-02
1.766594288669218571e+01 7.583700736610209103e-02
1.767556391221840784e+01 7.579368366844910221e-02
1.768518493774462641e+01 7.575503412125464409e-02
1.769480596327084854e+01 7.571989170963319693e-02
1.770442698879707066e+01 7.568701570437981474e-02
1.771404801432328924e+01 7.565516537628957927e-02
1.772366903984951136e+01 7.562309999615755840e-02
1.773329006537572994e+01 7.558957883477882000e-02
1.774291109090195206e+01 7.555347936516826346e-02
1.775253211642817419e+01 7.551461678085927276e-02
1.776215314195439277e+01 7.547325304063945417e-02
1.777177416748061489e+01 7.542965284452261832e-02
1.778139519300683347e+01 7.538408089252267297e-02
1.779101621853305559e+01 7.533680188465340100e-02
1.780063724405927772e+01 7.528808052092875180e-02
1.781025826958549629e+01 7.523818150136256377e-02
1.781987929511171842e+01 7.518736952596863365e-02
1.782950032063793699e+01 7.513590929476089697e-02
1.783912134616415912e+01 7.508406550775317823e-02
1.784874237169038125e+01 7.503210286495931580e-02
1.785836339721659982e+01 7.498028606639323135e-02
1.786798442274282195e+01 7.492887942480949692e-02
1.787760544826904052e+01 7.487808526582641344e-02
1.788722647379526265e+01 7.482797638550117703e-02
1.789684749932148478e+01 7.477860933725585801e-02
1.790646852484770335e+01 7.473004067451241572e-02
1.791608955037392548e+01 7.468232695069292049e-02
1.792571057590014760e+01 7.463552471921934550e-02
1.793533160142636618e+01 7.458969053351378886e-02
1.794495262695258830e+01 7.454488094699819600e-02
1.795457365247880688e+01 7.450115251309463726e-02
1.796419467800502900e+01 7.445856178522508584e-02
1.797381570353125113e+01 7.441716531681162594e-02
1.798343672905746971e+01 7.437701966127624464e-02
1.799305775458369183e+01 7.433818137204097065e-02
1.800267878010991041e+01 7.430070700252781879e-02
1.801229980563613253e+01 7.426465310615881776e-02
1.802192083116235466e+01 7.423007623635596852e-02
1.803154185668857323e+01 7.419703294654136916e-02
1.804116288221479536e+01 7.416557979013692348e-02
1.805078390774101393e+01 7.413578075191443184e-02
1.806040493326723606e+01 7.410776540052560479e-02
1.807002595879345819e+01 7.408169746023701707e-02
1.807964698431967676e+01 7.405771953350247239e-02
1.808926800984589889e+01 7.403516952554128894e-02
1.809888903537211746e+01 7.401235584007438695e-02
1.810851006089833959e+01 7.398751977973523630e-02
1.811813108642456172e+01 7.395934587161566431e-02
1.812775211195078029e+01 7.392795006235546029e-02
1.813737313747700242e+01 7.389373672627383427e-02
1.814699416300322099e+01 7.385711023768996852e-02
1.815661518852944312e+01 7.381847497092305921e-02
1.816623621405566524e+01 7.377823530029231636e-02
1.817585723958188382e+01 7.373679560011690837e-02
1.818547826510810594e+01 7.369456024471605915e-02
1.819509929063432807e+01 7.365193360840896486e-02
1.820472031616054664e+01 7.360931999039381501e-02
1.821434134168676877e+01 7.356703546175864805e-02
1.822396236721298735e+01 7.352513741790467350e-02
1.823358339273920947e+01 7.348363609244248917e-02
1.824320441826543160e+01 7.344254171898272066e-02
1.825282544379165017e+01 7.340186453113603515e-02
1.826244646931787230e+01 7.336161476251304436e-02
1.827206749484409087e+01 7.332180264672441550e-02
1.828168852037031300e+01 7.328243841738074638e-02
1.829130954589653513e+01 7.324353230809273196e-02
1.830093057142275370e+01 7.320509455247099784e-02
1.831055159694897583e+01 7.316713538412616957e-02
1.832017262247519440e+01 7.312966503666890050e-02
1.832979364800141653e+01 7.309269374370978845e-02
1.833941467352763866e+01 7.305623173885951449e-02
1.834903569905385723e+01 7.302028925572875973e-02
1.835865672458007936e+01 7.298487652792803870e-02
1.836827775010629793e+01 7.295000378906811578e-02
1.837789877563252006e+01 7.291568127275956102e-02
1.838751980115874218e+01 7.288191921261305550e-02
1.839714082668496076e+01 7.284872784223919706e-02
1.840676185221118288e+01 7.281611739524865290e-02
1.841638287773740501e+01 7.278409810525204859e-02
1.842600390326362358e+01 7.275268020586007911e-02
1.843562492878984571e+01 7.272187393068330064e-02
1.844524595431606429e+01 7.269168951333240813e-02
1.845486697984228641e+01 7.266213718741799943e-02
1.846448800536850854e+01 7.263322718655076948e-02
1.847410903089472711e+01 7.260496941356633926e-02
1.848373005642094924e+01 7.257721336609829210e-02
1.849335108194716781e+01 7.254939068780548450e-02
1.850297210747338994e+01 7.252086584409399295e-02
1.851259313299961207e+01 7.249111983129069570e-02
1.852221415852583064e+01 7.246029802048287172e-02
1.853183518405205277e+01 7.242878087990935188e-02
1.854145620957827134e+01 7.239694915051096691e-02
1.855107723510449347e+01 7.236518357322867245e-02
1.856069826063071559e+01 7.233386488900327149e-02
1.857031928615693417e+01 7.230336990657668106e-02
1.857994031168315630e+01 7.227389636328407363e-02
1.858956133720937487e+01 7.224539296592670523e-02
1.859918236273559700e+01 7.221779001848996349e-02
1.860880338826181912e+01 7.219101782495924990e-02
1.861842441378803770e+01 7.216500668931996598e-02
1.862804543931425982e+01 7.213968691555748547e-02
1.863766646484047840e+01 7.211498880765719599e-02
1.864728749036670052e+01 7.209084266960451293e-02
1.865690851589292265e+01 7.206717880538483778e-02
1.866652954141914122e+01 7.204392751898350267e-02
1.867615056694536335e+01 7.202101911438590909e-02
1.868577159247158548e+01 7.199838389557748630e-02
1.869539261799780405e+01 7.197595216654360806e-02
1.870501364352402618e+01 7.195365423126967586e-02
1.871463466905024475e+01 7.193142039374104957e-02
1.872425569457646688e+01 7.190918095794314457e-02
1.873387672010268901e+01 7.188686622786133462e-02
1.874349774562890758e+01 7.186440650748103509e-02
1.875311877115512971e+01 7.184173210078759197e-02
1.876273979668134828e+01 7.181877331176644841e-02
1.877236082220757041e+01 7.179546044440295038e-02
1.878198184773379253e+01 7.177172380268251328e-02
1.879160287326001111e+01 7.174749369059052473e-02
1.880122389878623324e+01 7.172270041211235847e-02
1.881084492431245181e+01 7.169727427123344377e-02
1.882046594983867394e+01 7.167114557193912661e-02
1.883008697536489606e+01 7.164424461821479462e-02
1.883970800089111464e+01 7.161650171404589094e-02
1.884932902641733676e+01 7.158784716341776155e-02
1.885895005194355534e+01 7.155821127031582185e-02
1.886857107746977746e+01 7.152752433872541782e-02
1.887819210299599959e+01 7.149571667263200647e-02
1.888781312852221816e+01 7.146271857602093380e-02
1.889743415404844029e+01 7.142846035287758744e-02
1.890705517957466242e+01 7.139287230718735500e-02
1.891667620510088099e+01 7.135588474293567962e-02
1.892629723062710312e+01 7.131743594116032869e-02
1.893591825615332169e+01 7.127784351780319660e-02
1.894553928167954382e+01 7.123796212803423789e-02
1.895516030720576595e+01 7.119868621318310720e-02
1.896478133273198452e+01 7.116065973179346027e-02
1.897440235825820665e+01 7.112393920857724983e-02
1.898402338378442522e+01 7.108849705886416404e-02
1.899364440931064735e+01 7.105430569798387719e-02
1.900326543483686947e+01 7.102133754126611909e-02
1.901288646036308805e+01 7.098956500404053627e-02
1.902250748588931017e+01 7.095896050163677526e-02
1.903212851141552875e+01 7.092949644938459364e-02
1.904174953694175088e+01 7.090114526261366568e-02
1.905137056246797300e+01 7.087387935665362404e-02
1.906099158799419158e+01 7.084767114683419853e-02
1.907061261352041370e+01 7.082249304848506344e-02
1.908023363904663228e+01 7.079831747693589306e-02
1.908985466457285440e+01 7.077511684751636167e-02
1.909947569009907653e+01 7.075286357555615746e-02
1.910909671562529510e+01 7.073153007638502410e-02
1.911871774115151723e+01 7.071108876533255261e-02
1.912833876667773936e+01 7.069151205772848667e-02
1.913795979220395793e+01 7.067277236890251446e-02
1.914758081773018006e+01 7.065484211418428251e-02
1.915720184325639863e+01 7.063769370890347898e-02
1.916682286878262076e+01 7.062129956838984757e-02
1.917644389430884289e+01 7.060563210797297928e-02
1.918606491983506146e+01 7.059066374298265945e-02
1.919568594536128359e+01 7.057636688874847908e-02
1.920530697088750216e+01 7.056271396060019574e-02
1.921492799641372429e+01 7.054967737386741433e-02
1.922454902193994641e+01 7.053722954387992017e-02
1.923417004746616499e+01 7.052534288596731815e-02
1.924379107299238711e+01 7.051398981545932421e-02
1.925341209851860569e+01 7.050314274768561262e-02
1.926303312404482782e+01 7.049277409797585769e-02
1.927265414957104994e+01 7.048285628165976147e-02
1.928227517509726852e+01 7.047336171406702598e-02
1.929189620062349064e+01 7.046426281052731166e-02
1.930151722614970922e+01 7.045553198637027892e-02
1.931113825167593134e+01 7.044714165692564367e-02
1.932075927720215347e+01 7.043906423752309409e-02
1.933038030272837204e+01 7.043127214349230447e-02
1.934000132825459417e+01 7.042373779016296298e-02
1.934962235378081274e+01 7.041643359286474391e-02
1.935924337930703487e+01 7.040933196692733542e-02
1.936886440483325700e+01 7.040240532768043957e-02
1.937848543035947557e+01 7.039562609045367514e-02
1.938810645588569770e+01 7.038896667057682743e-02
1.939772748141191983e+01 7.038239948337951524e-02
1.940734850693813840e+01 7.037589694419144060e-02
1.941696953246436053e+01 7.036943146834227780e-02
1.942659055799057910e+01 7.036297547116171502e-02
1.943621158351680123e+01 7.035650136797945431e-02
1.944583260904302335e+01 7.034998157412514219e-02
1.945545363456924193e+01 7.034338850492849460e-02
1.946507466009546405e+01 7.033669457571919970e-02
1.947469568562168263e+01 7.032987220182690402e-02
1.948431671114790475e+01 7.032289379858133738e-02
1.949393773667412688e+01 7.031573178131214630e-02
1.950355876220034546e+01 7.030835856534903283e-02
1.951317978772656758e+01 7.030074656602168515e-02
1.952280081325278616e+01 7.029286819865977753e-02
1.953242183877900828e+01 7.028469587859299816e-02
1.954204286430523041e+01 7.027620202115103520e-02
1.955166388983144898e+01 7.026735904166357682e-02
1.956128491535767111e+01 7.025813935546028344e-02
1.957090594088388968e+01 7.024851537787088485e-02
1.958052696641011181e+01 7.023845952422501371e-02
1.959014799193633394e+01 7.022794420985237207e-02
1.959976901746255251e+01 7.021694185008266198e-02
1.960939004298877464e+01 7.020542486024554385e-02
1.961901106851499677e+01 7.019336565567070585e-02
1.962863209404121534e+01 7.018073665168786390e-02
1.963825311956743747e+01 7.016751026362666455e-02
1.964787414509365604e+01 7.015365890681680983e-02
1.965749517061987817e+01 7.013915499658796016e-02
1.966711619614610029e+01 7.012397094826984534e-02
1.967673722167231887e+01 7.010807917719211191e-02
1.968635824719854099e+01 7.009145209868444804e-02
1.969597927272475957e+01 7.007406212807654189e-02
1.970560029825098169e+01 7.005588168069808164e-02
1.971522132377720382e+01 7.003688317187876933e-02
1.972484234930342240e+01 7.001703901694826537e-02
1.973446337482964452e+01 6.999632163123624407e-02
1.974408440035586310e+01 6.997470343007240745e-02
1.975370542588208522e+01 6.995215682878642982e-02
1.976332645140830735e+01 6.992865424270804098e-02
1.977294747693452592e+01 6.990416808716685970e-02
1.978256850246074805e+01 6.987867077749258804e-02
1.979218952798696662e+01 6.985213472901494192e-02
