7.618010371223582489e-01 2.116262906749752482e+00
7.714220626485789323e-01 2.107270300689207509e+00
7.810430881747997267e-01 2.098216126146291494e+00
7.906641137010204101e-01 2.089101684158319205e+00
8.002851392272412046e-01 2.079928275762604084e+00
8.099061647534618880e-01 2.070697201996460013e+00
8.195271902796826824e-01 2.061409763897199543e+00
8.291482158059033658e-01 2.052067262502138334e+00
8.387692413321241602e-01 2.042670998848587605e+00
8.483902668583448436e-01 2.033222273973863459e+00
8.580112923845655271e-01 2.023722388915277559e+00
8.676323179107863215e-01 2.014172644710145121e+00
8.772533434370071159e-01 2.004574342395777364e+00
8.868743689632277993e-01 1.994928783009491724e+00
8.964953944894484827e-01 1.985237267588599641e+00
9.061164200156692772e-01 1.975501097170413889e+00
9.157374455418899606e-01 1.965721572792249683e+00
9.253584710681107550e-01 1.955899995491420462e+00
9.349794965943314384e-01 1.946037666305239666e+00
9.446005221205522329e-01 1.936135886271020512e+00
9.542215476467729163e-01 1.926195956426077771e+00
9.638425731729935997e-01 1.916219177807723328e+00
9.734635986992143941e-01 1.906206851453272622e+00
9.830846242254351885e-01 1.896160278400038646e+00
9.927056497516558720e-01 1.886080759685335506e+00
1.002326675277876555e+00 1.875969596346475754e+00
1.011947700804097350e+00 1.865828089420773495e+00
1.021568726330317922e+00 1.855657539945543943e+00
1.031189751856538717e+00 1.845459248958098541e+00
1.040810777382759511e+00 1.835234517495752060e+00
1.050431802908980305e+00 1.824984646595817717e+00
1.060052828435201100e+00 1.814710937295609616e+00
1.069673853961421672e+00 1.804414690632441420e+00
1.079294879487642467e+00 1.794097207643626346e+00
1.088915905013863261e+00 1.783759789366478721e+00
1.098536930540083834e+00 1.773403736838311762e+00
1.108157956066304628e+00 1.763030351096438686e+00
1.117778981592525422e+00 1.752640933178174043e+00
1.127400007118746217e+00 1.742236784120830828e+00
1.137021032644966789e+00 1.731819204961723369e+00
1.146642058171187584e+00 1.721389496738165104e+00
1.156263083697408378e+00 1.710948960487469472e+00
1.165884109223628951e+00 1.700498897246950136e+00
1.175505134749849745e+00 1.690040608053920757e+00
1.185126160276070539e+00 1.679575393945695216e+00
1.194747185802291334e+00 1.669104555959586733e+00
1.204368211328512128e+00 1.658629395132909856e+00
1.213989236854732701e+00 1.648151212502977359e+00
1.223610262380953495e+00 1.637671309107102902e+00
1.233231287907174067e+00 1.627190985982601035e+00
1.242852313433394862e+00 1.616711544166784975e+00
1.252473338959615656e+00 1.606234284696967718e+00
1.262094364485836451e+00 1.595760508610463813e+00
1.271715390012057245e+00 1.585291516944586476e+00
1.281336415538277818e+00 1.574828610736650258e+00
1.290957441064498612e+00 1.564373091023967488e+00
1.300578466590719184e+00 1.553926258843852271e+00
1.310199492116939979e+00 1.543489415233618933e+00
1.319820517643160773e+00 1.533063861229124969e+00
1.329441543169381568e+00 1.522650861666151600e+00
1.339062568695602362e+00 1.512251551175782582e+00
1.348683594221823157e+00 1.501867035125663996e+00
1.358304619748043729e+00 1.491498418883440369e+00
1.367925645274264523e+00 1.481146807816756006e+00
1.377546670800485096e+00 1.470813307293258321e+00
1.387167696326705890e+00 1.460499022680589842e+00
1.396788721852926685e+00 1.450205059346397540e+00
1.406409747379147479e+00 1.439932522658325276e+00
1.416030772905368273e+00 1.429682517984018908e+00
1.425651798431588846e+00 1.419456150691123408e+00
1.435272823957809640e+00 1.409254526147283748e+00
1.444893849484030213e+00 1.399078749720145121e+00
1.454514875010251007e+00 1.388929926777352497e+00
1.464135900536471802e+00 1.378809162686551293e+00
1.473756926062692596e+00 1.368717562815386257e+00
1.483377951588913390e+00 1.358656232531502805e+00
1.492998977115133963e+00 1.348626277202545687e+00
1.502620002641354757e+00 1.338628802196160317e+00
1.512241028167575330e+00 1.328664912879991888e+00
1.521862053693796124e+00 1.318735714621684707e+00
1.531483079220016918e+00 1.308842256891146638e+00
1.541104104746237713e+00 1.298985200341435275e+00
1.550725130272458507e+00 1.289165040431937026e+00
1.560346155798679302e+00 1.279382272018671385e+00
1.569967181324899874e+00 1.269637389957660956e+00
1.579588206851120669e+00 1.259930889104925011e+00
1.589209232377341241e+00 1.250263264316486600e+00
1.598830257903562035e+00 1.240635010448365438e+00
1.608451283429782830e+00 1.231046622356583242e+00
1.618072308956003624e+00 1.221498594897161061e+00
1.627693334482224419e+00 1.211991422926119943e+00
1.637314360008444991e+00 1.202525601299480940e+00
1.646935385534665786e+00 1.193101624873265321e+00
1.656556411060886358e+00 1.183719988503494136e+00
1.666177436587107152e+00 1.174381187046188657e+00
1.675798462113327947e+00 1.165085715357369489e+00
1.685419487639548741e+00 1.155834068293057904e+00
1.695040513165769536e+00 1.146626740709275616e+00
1.704661538691990108e+00 1.137464227461428834e+00
1.714282564218210902e+00 1.128347022977416403e+00
1.723903589744431475e+00 1.119275620510574942e+00
1.733524615270652269e+00 1.110250513114291682e+00
1.743145640796873064e+00 1.101272193841954739e+00
1.752766666323093858e+00 1.092341155746951564e+00
1.762387691849314653e+00 1.083457891882668722e+00
1.772008717375535225e+00 1.074622895302494330e+00
1.781629742901756019e+00 1.065836659059815839e+00
1.791250768427976814e+00 1.057099676208020034e+00
1.800871793954197386e+00 1.048412439800495477e+00
1.810492819480418181e+00 1.039775442890628065e+00
1.820113845006638975e+00 1.031189178531806583e+00
1.829734870532859770e+00 1.022654139777417148e+00
1.839355896059080342e+00 1.014170819680848545e+00
1.848976921585301136e+00 1.005739711295487115e+00
1.858597947111521931e+00 9.973613076747206430e-01
1.868218972637742725e+00 9.890361008986620073e-01
1.877839998163963298e+00 9.807644348520740962e-01
1.887461023690184092e+00 9.725463475824982496e-01
1.897082049216404886e+00 9.643818393459449023e-01
1.906703074742625459e+00 9.562709103984246006e-01
1.916324100268846253e+00 9.482135609959466693e-01
1.925945125795067048e+00 9.402097913945209884e-01
1.935566151321287842e+00 9.322596018501582149e-01
1.945187176847508415e+00 9.243629926188678958e-01
1.954808202373729209e+00 9.165199639566600220e-01
1.964429227899950003e+00 9.087305161195448067e-01
1.974050253426170798e+00 9.009946493635321296e-01
1.983671278952391370e+00 8.933123639446320929e-01
1.993292304478612165e+00 8.856836601188545766e-01
2.002913330004832737e+00 8.781085381422097935e-01
2.012534355531053532e+00 8.705869982707072907e-01
2.022155381057274326e+00 8.631190407603573922e-01
2.031776406583495120e+00 8.557046658671702000e-01
2.041397432109715915e+00 8.483438738471551499e-01
2.051018457635936265e+00 8.410366649563231212e-01
2.060639483162157504e+00 8.337830394506833276e-01
2.070260508688377854e+00 8.265829975862465373e-01
2.079881534214599093e+00 8.194365396190214090e-01
2.089502559740819443e+00 8.123436658050199322e-01
2.099123585267040237e+00 8.053043764002504323e-01
2.108744610793261032e+00 7.983186716607233446e-01
2.118365636319481382e+00 7.913865518424493262e-01
2.127986661845702621e+00 7.845080172014372577e-01
2.137607687371922971e+00 7.776830679936982404e-01
2.147228712898144209e+00 7.709117044752412662e-01
2.156849738424364560e+00 7.641939263581276620e-01
2.166470763950585354e+00 7.575296461685403493e-01
2.176091789476806149e+00 7.509185941864658931e-01
2.185712815003026943e+00 7.443604778297627789e-01
2.195333840529247738e+00 7.378550045162884929e-01
2.204954866055468088e+00 7.314018816639014098e-01
2.214575891581689326e+00 7.250008166904585716e-01
2.224196917107909677e+00 7.186515170138193520e-01
2.233817942634130471e+00 7.123536900518406823e-01
2.243438968160351266e+00 7.061070432223809368e-01
2.253059993686572060e+00 6.999112839432978239e-01
2.262681019212792854e+00 6.937661196324497181e-01
2.272302044739013205e+00 6.876712577076946609e-01
2.281923070265234443e+00 6.816264055868901384e-01
2.291544095791454794e+00 6.756312957128663976e-01
2.301165121317675588e+00 6.696859838410889054e-01
2.310786146843896383e+00 6.637907508068083828e-01
2.320407172370117177e+00 6.579458820122862095e-01
2.330028197896337971e+00 6.521516628597829879e-01
2.339649223422558322e+00 6.464083787515597646e-01
2.349270248948779560e+00 6.407163150898770310e-01
2.358891274474999911e+00 6.350757572769970549e-01
2.368512300001220705e+00 6.294869907151795507e-01
2.378133325527441500e+00 6.239503008066861200e-01
2.387754351053662294e+00 6.184659729537773654e-01
2.397375376579883088e+00 6.130342925587146663e-01
2.406996402106103439e+00 6.076555450237591804e-01
2.416617427632324677e+00 6.023299408907727415e-01
2.426238453158545028e+00 5.970571170535330374e-01
2.435859478684765822e+00 5.918364450967479318e-01
2.445480504210986616e+00 5.866672951675858672e-01
2.455101529737207411e+00 5.815490374132150642e-01
2.464722555263428205e+00 5.764810419808037434e-01
2.474343580789648556e+00 5.714626790175203475e-01
2.483964606315869794e+00 5.664933186705322088e-01
2.493585631842090145e+00 5.615723310870089913e-01
2.503206657368311383e+00 5.566990864141174722e-01
2.512827682894531733e+00 5.518729547990269824e-01
2.522448708420752528e+00 5.470933063889051873e-01
2.532069733946973322e+00 5.423595155122712397e-01
2.541690759473193673e+00 5.376710279072517418e-01
2.551311784999414911e+00 5.330273491897140614e-01
2.560932810525635261e+00 5.284279868280523651e-01
2.570553836051856500e+00 5.238724482906594870e-01
2.580174861578076850e+00 5.193602410459304819e-01
2.589795887104297645e+00 5.148908725622582949e-01
2.599416912630518439e+00 5.104638503080364265e-01
2.609037938156739234e+00 5.060786817516590430e-01
2.618658963682960028e+00 5.017348743615199780e-01
2.628279989209180378e+00 4.974319356060126207e-01
2.637901014735401617e+00 4.931693729535307491e-01
2.647522040261621967e+00 4.889467102648533681e-01
2.657143065787842762e+00 4.847635627949336556e-01
2.666764091314063556e+00 4.806195774617066374e-01
2.676385116840284351e+00 4.765144012139853058e-01
2.686006142366505145e+00 4.724476810005826533e-01
2.695627167892725495e+00 4.684190637703119497e-01
2.705248193418946734e+00 4.644281964719859657e-01
2.714869218945167084e+00 4.604747260544178600e-01
2.724490244471387879e+00 4.565582994664205696e-01
2.734111269997608673e+00 4.526785636568070870e-01
2.743732295523829467e+00 4.488351655743905710e-01
2.753353321050050262e+00 4.450277379666455757e-01
2.762974346576271056e+00 4.412557617034457147e-01
2.772595372102491407e+00 4.375186255988343098e-01
2.782216397628712201e+00 4.338157171782729415e-01
2.791837423154932996e+00 4.301464239672240231e-01
2.801458448681153790e+00 4.265101334911499120e-01
2.811079474207374584e+00 4.229062332755126885e-01
2.820700499733595379e+00 4.193341108457744326e-01
2.830321525259816173e+00 4.157931537273974465e-01
2.839942550786036524e+00 4.122827494458439768e-01
2.849563576312257318e+00 4.088022855265760480e-01
2.859184601838478113e+00 4.053512615541415842e-01
2.868805627364698907e+00 4.019297597748147099e-01
2.878426652890919701e+00 3.985380512154830246e-01
2.888047678417140496e+00 3.951764070001714813e-01
2.897668703943361290e+00 3.918450982529049220e-01
2.907289729469582085e+00 3.885443960977085776e-01
2.916910754995802435e+00 3.852745716586075120e-01
2.926531780522023229e+00 3.820358960596261788e-01
2.936152806048244024e+00 3.788286404247896422e-01
2.945773831574464818e+00 3.756530758781231327e-01
2.955394857100685613e+00 3.725094735436513815e-01
2.965015882626906407e+00 3.693981045453992307e-01
2.974636908153127202e+00 3.663192400073920219e-01
2.984257933679347552e+00 3.632731510536544306e-01
2.993878959205568346e+00 3.602601088082113545e-01
3.003499984731789141e+00 3.572803843950878022e-01
3.013121010258009935e+00 3.543342489383087823e-01
3.022742035784230730e+00 3.514219735618991369e-01
3.032363061310451524e+00 3.485438293898839857e-01
3.041984086836672319e+00 3.457000875462880596e-01
3.051605112362892669e+00 3.428909893511870033e-01
3.061226137889113463e+00 3.401159301286686421e-01
3.070847163415334258e+00 3.373733590796382242e-01
3.080468188941555052e+00 3.346616754970335172e-01
3.090089214467775847e+00 3.319792786737917889e-01
3.099710239993996641e+00 3.293245679028508621e-01
3.109331265520217435e+00 3.266959424771483933e-01
3.118952291046438230e+00 3.240918016896217058e-01
3.128573316572658580e+00 3.215105448332085669e-01
3.138194342098879375e+00 3.189505712008463556e-01
3.147815367625100169e+00 3.164104305120451488e-01
3.157436393151320964e+00 3.138901747844998202e-01
3.167057418677541758e+00 3.113907197888056144e-01
3.176678444203762552e+00 3.089129916170120782e-01
3.186299469729983347e+00 3.064579163611687584e-01
3.195920495256203697e+00 3.040264201133253130e-01
3.205541520782424492e+00 3.016194289655309002e-01
3.215162546308645286e+00 2.992378690098352334e-01
3.224783571834866081e+00 2.968826663382879150e-01
3.234404597361086875e+00 2.945547394169690247e-01
3.244025622887307669e+00 2.922540328519438457e-01
3.253646648413528464e+00 2.899785717314439237e-01
3.263267673939748814e+00 2.877261566250977065e-01
3.272888699465969609e+00 2.854945881025333643e-01
3.282509724992190403e+00 2.832816667333794003e-01
3.292130750518411197e+00 2.810851930872641513e-01
3.301751776044631992e+00 2.789029677338160651e-01
3.311372801570852786e+00 2.767327912426635339e-01
3.320993827097073581e+00 2.745724642241051394e-01
3.330614852623293931e+00 2.724205452874020050e-01
3.340235878149514726e+00 2.702782892402471604e-01
3.349856903675735520e+00 2.681475501062987599e-01
3.359477929201956314e+00 2.660301819092147912e-01
3.369098954728177109e+00 2.639280386726532424e-01
3.378719980254397903e+00 2.618429744202719900e-01
3.388341005780618698e+00 2.597768431757290220e-01
3.397962031306839492e+00 2.577314989626822705e-01
3.407583056833059842e+00 2.557087956115480232e-01
3.417204082359280637e+00 2.537099736058344157e-01
3.426825107885501431e+00 2.517343001821884529e-01
3.436446133411722226e+00 2.497806465329213410e-01
3.446067158937943020e+00 2.478478838503443415e-01
3.455688184464163815e+00 2.459348833267689105e-01
3.465309209990384609e+00 2.440405161545061985e-01
3.474930235516604959e+00 2.421636535258677725e-01
3.484551261042825754e+00 2.403031666331646166e-01
3.494172286569046548e+00 2.384579328395544928e-01
3.503793312095267343e+00 2.366272136535294279e-01
3.513414337621488137e+00 2.348108741386857878e-01
3.523035363147708932e+00 2.330088322392951661e-01
3.532656388673929726e+00 2.312210058996292117e-01
3.542277414200150076e+00 2.294473130639594072e-01
3.551898439726370871e+00 2.276876716765572628e-01
3.561519465252591665e+00 2.259419996816942888e-01
3.571140490778812460e+00 2.242102150236421065e-01
3.580761516305033254e+00 2.224922744489170323e-01
3.590382541831254049e+00 2.207884314585134011e-01
3.600003567357474843e+00 2.190990765684503183e-01
3.609624592883695637e+00 2.174246010317556210e-01
3.619245618409915988e+00 2.157653961014570354e-01
3.628866643936136782e+00 2.141218530305820378e-01
3.638487669462357577e+00 2.124943630721586318e-01
3.648108694988578371e+00 2.108833174792145160e-01
3.657729720514799165e+00 2.092891075047774163e-01
3.667350746041019960e+00 2.077121244018749757e-01
3.676971771567240754e+00 2.061527594235351146e-01
3.686592797093461105e+00 2.046114038227854481e-01
3.696213822619681899e+00 2.030884488526537579e-01
3.705834848145902694e+00 2.015842857661677701e-01
3.715455873672123488e+00 2.000993058163552385e-01
3.725076899198344282e+00 1.986339002562438061e-01
3.734697924724565077e+00 1.971884492002174971e-01
3.744318950250785871e+00 1.957622682903549516e-01
3.753939975777006222e+00 1.943527429656625449e-01
3.763561001303227016e+00 1.929570549117945177e-01
3.773182026829447810e+00 1.915723858144054437e-01
3.782803052355668605e+00 1.901959173591495911e-01
3.792424077881889399e+00 1.888248312316815336e-01
3.802045103408110194e+00 1.874563091176555119e-01
3.811666128934330988e+00 1.860875493240818357e-01
3.821287154460551783e+00 1.847173231052966491e-01
3.830908179986772133e+00 1.833472453971680405e-01
3.840529205512992927e+00 1.819792301890197916e-01
3.850150231039213722e+00 1.806151914701757677e-01
3.859771256565434516e+00 1.792570432299602223e-01
3.869392282091655311e+00 1.779066994576968264e-01
3.879013307617876105e+00 1.765660741427097224e-01
3.888634333144096900e+00 1.752370570631190949e-01
3.898255358670317250e+00 1.739207688326486201e-01
3.907876384196538044e+00 1.726174203873492019e-01
3.917497409722758839e+00 1.713271701011735704e-01
3.927118435248979633e+00 1.700501763480743445e-01
3.936739460775200428e+00 1.687865975020042542e-01
3.946360486301421222e+00 1.675365919369159462e-01
3.955981511827642016e+00 1.663003180267620673e-01
3.965602537353862367e+00 1.650778924638329759e-01
3.975223562880083161e+00 1.638690626501890513e-01
3.984844588406303956e+00 1.626733830494890287e-01
3.994465613932524750e+00 1.614904064455925381e-01
4.004086639458745545e+00 1.603196856223592370e-01
4.013707664984966783e+00 1.591607733636485611e-01
4.023328690511187133e+00 1.580132224533202234e-01
4.032949716037407484e+00 1.568765856752338261e-01
4.042570741563627834e+00 1.557504158132488326e-01
4.052191767089849073e+00 1.546342656512246783e-01
4.061812792616070311e+00 1.535276879730211874e-01
4.071433818142290662e+00 1.524302355624979344e-01
4.081054843668511012e+00 1.513414612035143825e-01
4.090675869194732250e+00 1.502609176799300783e-01
4.100296894720953489e+00 1.491881577756046795e-01
4.109917920247173839e+00 1.481228362945607724e-01
4.119538945773394190e+00 1.470654163239396572e-01
4.129159971299614540e+00 1.460167456168063316e-01
4.138780996825835778e+00 1.449776742756679337e-01
4.148402022352057017e+00 1.439490524030317131e-01
4.158023047878277367e+00 1.429317301014050579e-01
4.167644073404497718e+00 1.419265574732949675e-01
4.177265098930718068e+00 1.409343467178702236e-01
4.186886124456939307e+00 1.399549917497288076e-01
4.196507149983160545e+00 1.389874415930940910e-01
4.206128175509380895e+00 1.380306020463293593e-01
4.215749201035601246e+00 1.370833789077979536e-01
4.225370226561822484e+00 1.361446779758630765e-01
4.234991252088043723e+00 1.352134050488880967e-01
4.244612277614264073e+00 1.342884659252364388e-01
4.254233303140484423e+00 1.333687664032713605e-01
4.263854328666704774e+00 1.324532122813561474e-01
4.273475354192926012e+00 1.315407093578540576e-01
4.283096379719147251e+00 1.306301634311284876e-01
4.292717405245367601e+00 1.297204802995427786e-01
4.302338430771587952e+00 1.288105657614602162e-01
4.311959456297809190e+00 1.278993368203132086e-01
4.321580481824029540e+00 1.269868748909226408e-01
4.331201507350250779e+00 1.260754265823313680e-01
4.340822532876471129e+00 1.251674743419684543e-01
4.350443558402691480e+00 1.242655006172625615e-01
4.360064583928912718e+00 1.233719878556424898e-01
4.369685609455133957e+00 1.224894185045372202e-01
4.379306634981354307e+00 1.216202565919607403e-01
4.388927660507574657e+00 1.207657566003249305e-01
4.398548686033795008e+00 1.199252355991807656e-01
4.408169711560016246e+00 1.190978364592583799e-01
4.417790737086237485e+00 1.182827020512879079e-01
4.427411762612457835e+00 1.174789752459996645e-01
4.437032788138678185e+00 1.166857989141237006e-01
4.446653813664899424e+00 1.159023006773625131e-01
4.456274839191120662e+00 1.151272234259154287e-01
4.465895864717341013e+00 1.143589054219842915e-01
4.475516890243561363e+00 1.135956656962725381e-01
4.485137915769781713e+00 1.128358232794837573e-01
4.494758941296002952e+00 1.120776972023214552e-01
4.504379966822224191e+00 1.113196064954892761e-01
4.514000992348444541e+00 1.105601849095419892e-01
4.523622017874664891e+00 1.098008971569632286e-01
4.533243043400885242e+00 1.090447054148003247e-01
4.542864068927106480e+00 1.082945854748340042e-01
4.552485094453327719e+00 1.075535131288451740e-01
4.562106119979548069e+00 1.068244641686146579e-01
4.571727145505768419e+00 1.061104134875968802e-01
4.581348171031989658e+00 1.054129752750064541e-01
4.590969196558210896e+00 1.047296643740711353e-01
4.600590222084431247e+00 1.040572267523449390e-01
4.610211247610651597e+00 1.033924083773818947e-01
4.619832273136871947e+00 1.027319552167360456e-01
4.629453298663093186e+00 1.020726132379613099e-01
4.639074324189314424e+00 1.014112725476501303e-01
4.648695349715534775e+00 1.007475650450578714e-01
4.658316375241755125e+00 1.000835792789592782e-01
4.667937400767975475e+00 9.942149069286956853e-02
4.677558426294196714e+00 9.876347473030383517e-02
4.687179451820417952e+00 9.811170683477743459e-02
4.696800477346638303e+00 9.746836223750107719e-02
4.706421502872858653e+00 9.683503257794465191e-02
4.716042528399079892e+00 9.621145322995915128e-02
4.725663553925301130e+00 9.559699132566644442e-02
4.735284579451521481e+00 9.499101399718824779e-02
4.744905604977741831e+00 9.439288837664626397e-02
4.754526630503962181e+00 9.380198159616227882e-02
4.764147656030184308e+00 9.321766078785784226e-02
4.773768681556404658e+00 9.263929308385494832e-02
4.783389707082625009e+00 9.206624561627520242e-02
4.793010732608845359e+00 9.149788551724037655e-02
4.802631758135065709e+00 9.093357991887221492e-02
4.812252783661287836e+00 9.037269595329232297e-02
4.821873809187508186e+00 8.981461356269732077e-02
4.831494834713728537e+00 8.925922054125305649e-02
4.841115860239948887e+00 8.870707016250743704e-02
4.850736885766169237e+00 8.815876075946332824e-02
4.860357911292391364e+00 8.761489066512334611e-02
4.869978936818611714e+00 8.707605821249045364e-02
4.879599962344832065e+00 8.654286066347330331e-02
4.889220987871052415e+00 8.601557787673529132e-02
4.898842013397274542e+00 8.549373099754854766e-02
4.908463038923494892e+00 8.497673019224004365e-02
4.918084064449715243e+00 8.446398562713647307e-02
4.927705089975935593e+00 8.395490746856464070e-02
4.937326115502155943e+00 8.344890589127045011e-02
4.946947141028378070e+00 8.294573871459041958e-02
4.956568166554598420e+00 8.244643555477429442e-02
4.966189192080818771e+00 8.195231677893474731e-02
4.975810217607039121e+00 8.146470275418453422e-02
4.985431243133259471e+00 8.098491384763645273e-02
4.995052268659481598e+00 8.051427042640310616e-02
5.004673294185701948e+00 8.005357897613023244e-02
5.014294319711922299e+00 7.960130561478799549e-02
5.023915345238142649e+00 7.915525055854309711e-02
5.033536370764364776e+00 7.871321397622192684e-02
5.043157396290585126e+00 7.827299603665111016e-02
5.052778421816805476e+00 7.783239690865707827e-02
5.062399447343025827e+00 7.738986973956604731e-02
5.072020472869246177e+00 7.694686661373530134e-02
5.081641498395468304e+00 7.650570002638827638e-02
5.091262523921688654e+00 7.606868254596055312e-02
5.100883549447909004e+00 7.563812674088758736e-02
5.110504574974129355e+00 7.521634517509395712e-02
5.120125600500351482e+00 7.480495917996438093e-02
5.129746626026571832e+00 7.440297862360732706e-02
5.139367651552792182e+00 7.400879676792104789e-02
5.148988677079012533e+00 7.362080687480394847e-02
5.158609702605232883e+00 7.323740220615437835e-02
5.168230728131455010e+00 7.285697703722110452e-02
5.177851753657675360e+00 7.247838083900547124e-02
5.187472779183895710e+00 7.210163438452764362e-02
5.197093804710116061e+00 7.172694426229100917e-02
5.206714830236336411e+00 7.135451706079903866e-02
5.216335855762558538e+00 7.098455936855500858e-02
5.225956881288778888e+00 7.061727777406250073e-02
5.235577906814999238e+00 7.025287886582488872e-02
5.245198932341219589e+00 6.989156923234549068e-02
5.254819957867441715e+00 6.953355546212776350e-02
5.264440983393662066e+00 6.917904414367516408e-02
5.274062008919882416e+00 6.882824186549110768e-02
5.283683034446102766e+00 6.848134415920160978e-02
5.293304059972323117e+00 6.813838064959444607e-02
5.302925085498545243e+00 6.779925300873070049e-02
5.312546111024765594e+00 6.746385960354647771e-02
5.322167136550985944e+00 6.713209880097763260e-02
5.331788162077206294e+00 6.680386896796008944e-02
5.341409187603426645e+00 6.647910911474974593e-02
5.351030213129648772e+00 6.615796867818718452e-02
5.360651238655869122e+00 6.584066499086019264e-02
5.370272264182089472e+00 6.552741541875090059e-02
5.379893289708309823e+00 6.521843732784138314e-02
5.389514315234531949e+00 6.491394677720506434e-02
5.399135340760752300e+00 6.461404733999430439e-02
5.408756366286972650e+00 6.431864517413327098e-02
5.418377391813193000e+00 6.402762644124206093e-02
5.427998417339413351e+00 6.374087730294079879e-02
5.437619442865635477e+00 6.345828392084948422e-02
5.447240468391855828e+00 6.317972448031781985e-02
5.456861493918076178e+00 6.290499924914871865e-02
5.466482519444296528e+00 6.263386446614736813e-02
5.476103544970518655e+00 6.236607587181518947e-02
5.485724570496739005e+00 6.210138920665368018e-02
5.495345596022959356e+00 6.183956102969073720e-02
5.504966621549179706e+00 6.158052351478256192e-02
5.514587647075400056e+00 6.132460168566158942e-02
5.524208672601622183e+00 6.107217388122145735e-02
5.533829698127842533e+00 6.082361844035596987e-02
5.543450723654062884e+00 6.057931370195875770e-02
5.553071749180283234e+00 6.033955781405415247e-02
5.562692774706503585e+00 6.010391490592856961e-02
5.572313800232725711e+00 5.987155531474209341e-02
5.581934825758946062e+00 5.964164561919384211e-02
5.591555851285166412e+00 5.941335239798276741e-02
5.601176876811386762e+00 5.918585119186946936e-02
5.610797902337608889e+00 5.895890083827178690e-02
5.620418927863829239e+00 5.873319151058004756e-02
5.630039953390049590e+00 5.850949676594600218e-02
5.639660978916269940e+00 5.828859016152140859e-02
5.649282004442490290e+00 5.807124525445806623e-02
5.658903029968712417e+00 5.785823560190771209e-02
5.668524055494932767e+00 5.765033476102219417e-02
5.678145081021153118e+00 5.744831628895329806e-02
5.687766106547373468e+00 5.725295374285276767e-02
5.697387132073593818e+00 5.706502067987239551e-02
5.707008157599815945e+00 5.688512733996414772e-02
5.716629183126036295e+00 5.671182833501817872e-02
5.726250208652256646e+00 5.654227346197773785e-02
5.735871234178476996e+00 5.637358530525270889e-02
5.745492259704699123e+00 5.620288644925298255e-02
5.755113285230919473e+00 5.602735268728134543e-02
5.764734310757139824e+00 5.584652543342617792e-02
5.774355336283360174e+00 5.566320300112056335e-02
5.783976361809580524e+00 5.548042090060608528e-02
5.793597387335802651e+00 5.530121464212428561e-02
5.803218412862023001e+00 5.512861662440988325e-02
5.812839438388243352e+00 5.496442379404364170e-02
5.822460463914463702e+00 5.480731887086057880e-02
5.832081489440684052e+00 5.465550151636973386e-02
5.841702514966906179e+00 5.450717139208011153e-02
5.851323540493126529e+00 5.436052815950071643e-02
5.860944566019346880e+00 5.421414413214180328e-02
5.870565591545567230e+00 5.406817154554607874e-02
5.880186617071789357e+00 5.392318126607970052e-02
5.889807642598009707e+00 5.377974416299132615e-02
5.899428668124230057e+00 5.363843110552946741e-02
5.909049693650450408e+00 5.349981296294274019e-02
5.918670719176670758e+00 5.336446060447969791e-02
5.928291744702892885e+00 5.323294489938888707e-02
5.937912770229113235e+00 5.310583671691894436e-02
5.947533795755333585e+00 5.298370692631841627e-02
5.957154821281553936e+00 5.286703960684602938e-02
5.966775846807776063e+00 5.275558336481538102e-02
5.976396872333996413e+00 5.264871639770970363e-02
5.986017897860216763e+00 5.254581408049672359e-02
5.995638923386437114e+00 5.244625178814414646e-02
6.005259948912657464e+00 5.234941625706143742e-02
6.014880974438879591e+00 5.225480765847194398e-02
6.024501999965099941e+00 5.216199136951791410e-02
6.034123025491320291e+00 5.207053354600717221e-02
6.043744051017540642e+00 5.198000034374764683e-02
6.053365076543760992e+00 5.188995791854726647e-02
6.062986102069983119e+00 5.179997242621386944e-02
6.072607127596203469e+00 5.170961002255541894e-02
6.082228153122423819e+00 5.161843686337980880e-02
6.091849178648644170e+00 5.152601910449491895e-02
6.101470204174866296e+00 5.143208876053934064e-02
6.111091229701086647e+00 5.133790408742022054e-02
6.120712255227306997e+00 5.124554566158824598e-02
6.130333280753527347e+00 5.115710202267174933e-02
6.139954306279747698e+00 5.107466171029902829e-02
6.149575331805969824e+00 5.100012821213604358e-02
6.159196357332190175e+00 5.093405395347480602e-02
6.168817382858410525e+00 5.087639223975229386e-02
6.178438408384630876e+00 5.082709368546771411e-02
6.188059433910851226e+00 5.078610890512031545e-02
6.197680459437073353e+00 5.075278846029391416e-02
6.207301484963293703e+00 5.072335341946638404e-02
6.216922510489514053e+00 5.069300793034670072e-02
6.226543536015734404e+00 5.065695560066679065e-02
6.236164561541956530e+00 5.061040041132543882e-02
6.245785587068176881e+00 5.055092125026959538e-02
6.255406612594397231e+00 5.048410747934236470e-02
6.265027638120617581e+00 5.041723563103208544e-02
6.274648663646837932e+00 5.035758223782706849e-02
6.284269689173060058e+00 5.031238911664466518e-02
6.293890714699280409e+00 5.028416066771011772e-02
6.303511740225500759e+00 5.026589664470700741e-02
6.313132765751721109e+00 5.024946113761347838e-02
6.322753791277941460e+00 5.022671823640777883e-02
6.332374816804163586e+00 5.018978449408056930e-02
6.341995842330383937e+00 5.013803466656505115e-02
6.351616867856604287e+00 5.007901340432455162e-02
6.361237893382824637e+00 5.002070095978417702e-02
6.370858918909046764e+00 4.997107758536901284e-02
6.380479944435267114e+00 4.993745106196326861e-02
6.390100969961487465e+00 4.992032305662644914e-02
6.399721995487707815e+00 4.991624113621401931e-02
6.409343021013928166e+00 4.992170408153588645e-02
6.418964046540150292e+00 4.993321067340198566e-02
6.428585072066370643e+00 4.994725969262221038e-02
6.438206097592590993e+00 4.996034992000648878e-02
6.447827123118811343e+00 4.996898013636476288e-02
6.457448148645033470e+00 4.996964912250687757e-02
6.467069174171253820e+00 4.995891103389635268e-02
6.476690199697474171e+00 4.993732699817623327e-02
6.486311225223694521e+00 4.991209821251448714e-02
6.495932250749914871e+00 4.989105035786484121e-02
6.505553276276136998e+00 4.988200911518097386e-02
6.515174301802357348e+00 4.989202982278349852e-02
6.524795327328577699e+00 4.991894898131121749e-02
6.534416352854798049e+00 4.995452784359263876e-02
6.544037378381018399e+00 4.999042051757731503e-02
6.553658403907240526e+00 5.001828125442314005e-02
6.563279429433460876e+00 5.003214815569931306e-02
6.572900454959681227e+00 5.003449913593727150e-02
6.582521480485901577e+00 5.002967900083107183e-02
6.592142506012123704e+00 5.002203255607474280e-02
6.601763531538344054e+00 5.001590029853734271e-02
6.611384557064564405e+00 5.001549835689453327e-02
6.621005582590784755e+00 5.002490258961393016e-02
6.630626608117005105e+00 5.004818135149396996e-02
6.640247633643227232e+00 5.008940299733310314e-02
6.649868659169447582e+00 5.015093834457581140e-02
6.659489684695667933e+00 5.022590706555332685e-02
6.669110710221888283e+00 5.030429281002341685e-02
6.678731735748108633e+00 5.037607670146120736e-02
6.688352761274330760e+00 5.043138800391580578e-02
6.697973786800551110e+00 5.046723792467086578e-02
6.707594812326771461e+00 5.049028760699080659e-02
6.717215837852991811e+00 5.050791984158188586e-02
6.726836863379213938e+00 5.052751741915045836e-02
6.736457888905434288e+00 5.055548773703821136e-02
6.746078914431654638e+00 5.059252173475952546e-02
6.755699939957874989e+00 5.063723424260464789e-02
6.765320965484095339e+00 5.068823715512173200e-02
6.774941991010317466e+00 5.074414236685893809e-02
6.784563016536537816e+00 5.080356177236439175e-02
6.794184042062758166e+00 5.086510726618622552e-02
6.803805067588978517e+00 5.092739074287261358e-02
6.813426093115200644e+00 5.098902409697170929e-02
6.823047118641420994e+00 5.104945939738469302e-02
6.832668144167641344e+00 5.111188057179791994e-02
6.842289169693861695e+00 5.118050732702684319e-02
6.851910195220082045e+00 5.125955940959908003e-02
6.861531220746304172e+00 5.135287723611828975e-02
6.871152246272524522e+00 5.145740246265515655e-02
6.880773271798744872e+00 5.156406167961292281e-02
6.890394297324965223e+00 5.166357992810225591e-02
6.900015322851185573e+00 5.174669733854851683e-02
6.909636348377407700e+00 5.180923830117382944e-02
6.919257373903628050e+00 5.185947657110584474e-02
6.928878399429848400e+00 5.190755625503176013e-02
6.938499424956068751e+00 5.196362145963871054e-02
6.948120450482290877e+00 5.203621048262521698e-02
6.957741476008511228e+00 5.212230384256244520e-02
6.967362501534731578e+00 5.221382074998138362e-02
6.976983527060951928e+00 5.230265898189409568e-02
6.986604552587172279e+00 5.238099299266014974e-02
6.996225578113394405e+00 5.244815160771943569e-02
7.005846603639614756e+00 5.251108704828957169e-02
7.015467629165835106e+00 5.257712213645777954e-02
7.025088654692055457e+00 5.265356959089057681e-02
7.034709680218275807e+00 5.274442692375776870e-02
7.044330705744497934e+00 5.284561342990092697e-02
7.053951731270718284e+00 5.295184128413787938e-02
7.063572756796938634e+00 5.305782266128648145e-02
7.073193782323158985e+00 5.315906313338278344e-02
7.082814807849381111e+00 5.325553179040350138e-02
7.092435833375601462e+00 5.334875737460505196e-02
7.102056858901821812e+00 5.344027026194670543e-02
7.111677884428042162e+00 5.353160082838762795e-02
7.121298909954262513e+00 5.362427944988702733e-02
7.130919935480484639e+00 5.371983650240415992e-02
7.140540961006704990e+00 5.381980236189818495e-02
7.150161986532925340e+00 5.392565954429717756e-02
7.159783012059145690e+00 5.403700682736418265e-02
7.169404037585366041e+00 5.415098245159421370e-02
7.179025063111588167e+00 5.426455885112335675e-02
7.188646088637808518e+00 5.437471752029354732e-02
7.198267114164028868e+00 5.448064527270927299e-02
7.207888139690249218e+00 5.458659695957111119e-02
7.217509165216471345e+00 5.469753665810089122e-02
7.227130190742691696e+00 5.481842844533117709e-02
7.236751216268912046e+00 5.495228667895402097e-02
7.246372241795132396e+00 5.509443409618995646e-02
7.255993267321352747e+00 5.523829697560741353e-02
7.265614292847574873e+00 5.537730159577479438e-02
7.275235318373795224e+00 5.550579609029875072e-02
7.284856343900015574e+00 5.562407510477837547e-02
7.294477369426235924e+00 5.573479357474719897e-02
7.304098394952458051e+00 5.584061239837512930e-02
7.313719420478678401e+00 5.594419247383197041e-02
7.323340446004898752e+00 5.604819469928760955e-02
7.332961471531119102e+00 5.615527997291192008e-02
7.342582497057339452e+00 5.626810919287478924e-02
7.352203522583561579e+00 5.638918072460429726e-02
7.361824548109781929e+00 5.651843779503961523e-02
7.371445573636002280e+00 5.665379172005757802e-02
7.381066599162222630e+00 5.679309765351688716e-02
7.390687624688442980e+00 5.693424638412656474e-02
7.400308650214665107e+00 5.707597477224922444e-02
7.409929675740885457e+00 5.721788072213982584e-02
7.419550701267105808e+00 5.735960076764046178e-02
7.429171726793326158e+00 5.750077144259316958e-02
7.438792752319548285e+00 5.764102928084006983e-02
7.448413777845768635e+00 5.778001081622317903e-02
7.458034803371988986e+00 5.791735258258456226e-02
7.467655828898209336e+00 5.805269766826347960e-02
7.477276854424429686e+00 5.818599691785832084e-02
7.486897879950651813e+00 5.831763461586612907e-02
7.496518905476872163e+00 5.844802766571945141e-02
7.506139931003092514e+00 5.857760356203770002e-02
7.515760956529312864e+00 5.870739942750318602e-02
7.525381982055533214e+00 5.883938274066759927e-02
7.535003007581755341e+00 5.897559933196069859e-02
7.544624033107975691e+00 5.911806319901875134e-02
7.554245058634196042e+00 5.926682685986378596e-02
7.563866084160416392e+00 5.941887254388400486e-02
7.573487109686638519e+00 5.957091483248431324e-02
7.583108135212858869e+00 5.971971247803437716e-02
7.592729160739079219e+00 5.986454149283388509e-02
7.602350186265299570e+00 6.000850503104192268e-02
7.611971211791519920e+00 6.015502689482277177e-02
7.621592237317742047e+00 6.030748535928889820e-02
7.631213262843962397e+00 6.046715105911354415e-02
7.640834288370182747e+00 6.063234351779115544e-02
7.650455313896403098e+00 6.080116202278082471e-02
7.660076339422623448e+00 6.097170009859670392e-02
7.669697364948845575e+00 6.114185423828473465e-02
7.679318390475065925e+00 6.130927959426864249e-02
7.688939416001286276e+00 6.147161657973546772e-02
7.698560441527506626e+00 6.162661804848922759e-02
7.708181467053728753e+00 6.177471407125534331e-02
7.717802492579949103e+00 6.191906353668529678e-02
7.727423518106169453e+00 6.206294809542758223e-02
7.737044543632389804e+00 6.220964939813068001e-02
7.746665569158610154e+00 6.236244909544304271e-02
7.756286594684832281e+00 6.252462883801315763e-02
7.765907620211052631e+00 6.269947027648944959e-02
7.775528645737272981e+00 6.288949124616841080e-02
7.785149671263493332e+00 6.308906111103780578e-02
7.794770696789715458e+00 6.328761960596293590e-02
7.804391722315935809e+00 6.347453783878471978e-02
7.814012747842156159e+00 6.364053642276755463e-02
7.823633773368376509e+00 6.378575921097594248e-02
7.833254798894596860e+00 6.391436741003071742e-02
7.842875824420818986e+00 6.403053715496713483e-02
7.852496849947039337e+00 6.414068857491649067e-02
7.862117875473259687e+00 6.426126315375843556e-02
7.871738900999480038e+00 6.441149879592376892e-02
7.881359926525700388e+00 6.461061349036092971e-02
7.890980952051922515e+00 6.486389194825326054e-02
7.900601977578142865e+00 6.513834323699234374e-02
7.910223003104363215e+00 6.539446160980839917e-02
7.919844028630583566e+00 6.559311706089376859e-02
7.929465054156805692e+00 6.572234480920109700e-02
7.939086079683026043e+00 6.581518282530957054e-02
7.948707105209246393e+00 6.590889982036710060e-02
7.958328130735466743e+00 6.603958253070522921e-02
7.967949156261687094e+00 6.621709021939352346e-02
7.977570181787909220e+00 6.642557608205393316e-02
7.987191207314129571e+00 6.664811563383638005e-02
7.996812232840349921e+00 6.686885557161781346e-02
8.006433258366570271e+00 6.708211129116771476e-02
8.016054283892790622e+00 6.728781535438752015e-02
8.025675309419012748e+00 6.748595942106187795e-02
8.035296334945233099e+00 6.767653515097532546e-02
8.044917360471453449e+00 6.785953420391253876e-02
8.054538385997673799e+00 6.803494823965811067e-02
8.064159411523895926e+00 6.820276891799667562e-02
8.073780437050116277e+00 6.836298789871279868e-02
8.083401462576336627e+00 6.851559684159112817e-02
8.093022488102556977e+00 6.866058740641627078e-02
8.102643513628777328e+00 6.879814611262707880e-02
8.112264539154999454e+00 6.893348870853674426e-02
8.121885564681219805e+00 6.907718453626104926e-02
8.131506590207440155e+00 6.924006275000893496e-02
8.141127615733660505e+00 6.943107466628158086e-02
8.150748641259882632e+00 6.964335581398629904e-02
8.160369666786102982e+00 6.986211693144865620e-02
8.169990692312323333e+00 7.007251027962681234e-02
8.179611717838543683e+00 7.026390097038288929e-02
8.189232743364764033e+00 7.043973896914940136e-02
8.198853768890986160e+00 7.060641430147129860e-02
8.208474794417206510e+00 7.077029789283818817e-02
8.218095819943426861e+00 7.093690183649926928e-02
8.227716845469647211e+00 7.111055018826258067e-02
8.237337870995867561e+00 7.129547988198305097e-02
8.246958896522089688e+00 7.149529554181165147e-02
8.256579922048310038e+00 7.170725715682434165e-02
8.266200947574530389e+00 7.192496340571985503e-02
8.275821973100750739e+00 7.214196893708889335e-02
8.285442998626972866e+00 7.235332255419445191e-02
8.295064024153193216e+00 7.255913096944292817e-02
8.304685049679413567e+00 7.276057009575587209e-02
8.314306075205633917e+00 7.295881584605477810e-02
8.323927100731854267e+00 7.315504413326114064e-02
8.333548126258076394e+00 7.335043087029649578e-02
8.343169151784296744e+00 7.354615197008231020e-02
8.352790177310517095e+00 7.374302869204771294e-02
8.362411202836737445e+00 7.393923789482900744e-02
8.372032228362957795e+00 7.413176203367721762e-02
8.381653253889179922e+00 7.431759673161060509e-02
8.391274279415400272e+00 7.449829008465606861e-02
8.400895304941620623e+00 7.468581773102368759e-02
8.410516330467840973e+00 7.489360910082662470e-02
8.420137355994063100e+00 7.513381681033939885e-02
8.429758381520283450e+00 7.539940659137196743e-02
8.439379407046503800e+00 7.566853204001772193e-02
8.449000432572724151e+00 7.591896335195863488e-02
8.458621458098944501e+00 7.613407442564174010e-02
8.468242483625166628e+00 7.631823050909802841e-02
8.477863509151386978e+00 7.648071115226520722e-02
8.487484534677607328e+00 7.663079590508101169e-02
8.497105560203827679e+00 7.677776431748328800e-02
8.506726585730048029e+00 7.693089593940971582e-02
8.516347611256270156e+00 7.709947032079812745e-02
8.525968636782490506e+00 7.728984263622770690e-02
8.535589662308710857e+00 7.749307980486444536e-02
8.545210687834931207e+00 7.769526934684799213e-02
8.554831713361153334e+00 7.788269351329839274e-02
8.564452738887373684e+00 7.805045773516454399e-02
8.574073764413594034e+00 7.820584108761456654e-02
8.583694789939814385e+00 7.835701202047040681e-02
8.593315815466034735e+00 7.851213898355409448e-02
8.602936840992256862e+00 7.867939042668763150e-02
8.612557866518477212e+00 7.886693479969301979e-02
8.622178892044697562e+00 7.908275472412157336e-02
8.631799917570917913e+00 7.932497422761643213e-02
8.641420943097140039e+00 7.957713599233767754e-02
8.651041968623360390e+00 7.982160672548450908e-02
8.660662994149580740e+00 8.004376330917388482e-02
8.670284019675801090e+00 8.024748752901358917e-02
8.679905045202021441e+00 8.044368807040844227e-02
8.689526070728243567e+00 8.064312530854329808e-02
8.699147096254463918e+00 8.084942846898861279e-02
8.708768121780684268e+00 8.105644548481945322e-02
8.718389147306904619e+00 8.125731578816926259e-02
8.728010172833124969e+00 8.144697168987022340e-02
8.737631198359347096e+00 8.162964624234615718e-02
8.747252223885567446e+00 8.181257918220832814e-02
8.756873249411787796e+00 8.200287832260967635e-02
8.766494274938009923e+00 8.220394268842250163e-02
8.776115300464230273e+00 8.241506785045379924e-02
8.785736325990450624e+00 8.263533675329208517e-02
8.795357351516670974e+00 8.286317119240971252e-02
8.804978377042891324e+00 8.309451604666052982e-02
8.814599402569113451e+00 8.332473625943169482e-02
8.824220428095333801e+00 8.354937113652652347e-02
8.833841453621554152e+00 8.376661765330555010e-02
8.843462479147774502e+00 8.397674385693783272e-02
8.853083504673996629e+00 8.418007254546990004e-02
8.862704530200216979e+00 8.437692651694825297e-02
8.872325555726437329e+00 8.456762856941953121e-02
8.881946581252657680e+00 8.475250150093029122e-02
8.891567606778878030e+00 8.493263399219448673e-02
8.901188632305100157e+00 8.511514358095455257e-02
8.910809657831320507e+00 8.531000120611439974e-02
8.920430683357540858e+00 8.552692164069419789e-02
8.930051708883761208e+00 8.576446929845325806e-02
8.939672734409981558e+00 8.600640985131860483e-02
8.949293759936203685e+00 8.623548773155427505e-02
8.958914785462424035e+00 8.643952390881966263e-02
8.968535810988644386e+00 8.662571950026017042e-02
8.978156836514864736e+00 8.680589962375746815e-02
8.987777862041086863e+00 8.699136192848715143e-02
8.997398887567307213e+00 8.718692160575677863e-02
9.007019913093527563e+00 8.739303886681336342e-02
9.016640938619747914e+00 8.761005586815252821e-02
9.026261964145968264e+00 8.783541665095122297e-02
9.035882989672190391e+00 8.806164585978583370e-02
9.045504015198410741e+00 8.828079075408537535e-02
9.055125040724631091e+00 8.848751036185635577e-02
9.064746066250851442e+00 8.868826430427073637e-02
9.074367091777071792e+00 8.889284345311114499e-02
9.083988117303293919e+00 8.911041313202523739e-02
9.093609142829514269e+00 8.934184182709473121e-02
9.103230168355734619e+00 8.958211593372404635e-02
9.112851193881954970e+00 8.982609703401125967e-02
9.122472219408177097e+00 9.006864671005458678e-02
9.132093244934397447e+00 9.030462654395203514e-02
9.141714270460617797e+00 9.052889811938032161e-02
9.151335295986838148e+00 9.073809302039757829e-02
9.160956321513058498e+00 9.093571939952549421e-02
9.170577347039280625e+00 9.112695514622574933e-02
9.180198372565500975e+00 9.131630970227637423e-02
9.189819398091721325e+00 9.150176932592724022e-02
9.199440423617941676e+00 9.167763717301159743e-02
9.209061449144162026e+00 9.183876587239242495e-02
9.218682474670384153e+00 9.199895826202091065e-02
9.228303500196604503e+00 9.219452905831035383e-02
9.237924525722824853e+00 9.246301953093941095e-02
9.247545551249045204e+00 9.281204843228406387e-02
9.257166576775267330e+00 9.317514105268985547e-02
9.266787602301487681e+00 9.347455267743254304e-02
9.276408627827708031e+00 9.365023642248693214e-02
9.286029653353928381e+00 9.373691290339153381e-02
9.295650678880148732e+00 9.380089040536231104e-02
9.305271704406370858e+00 9.390450194495363057e-02
9.314892729932591209e+00 9.406149420052761778e-02
9.324513755458811559e+00 9.425323020442961941e-02
9.334134780985031909e+00 9.446070813991379322e-02
9.343755806511254036e+00 9.467282303686411216e-02
9.353376832037474387e+00 9.488829292691960959e-02
9.362997857563694737e+00 9.510645030580462678e-02
9.372618883089915087e+00 9.532662766924336617e-02
9.382239908616135438e+00 9.554815751296008575e-02
9.391860934142357564e+00 9.577037233267914063e-02
9.401481959668577915e+00 9.599228921223706967e-02
9.411102985194798265e+00 9.621155632412123349e-02
9.420724010721018615e+00 9.642545055576384749e-02
9.430345036247238966e+00 9.663169302841720376e-02
9.439966061773461092e+00 9.683166128670117612e-02
9.449587087299681443e+00 9.702853004751672839e-02
9.459208112825901793e+00 9.722548034522984772e-02
9.468829138352122143e+00 9.742558965256176151e-02
9.478450163878344270e+00 9.763184949915681976e-02
9.488071189404564620e+00 9.784716849677135841e-02
9.497692214930784971e+00 9.807106359392799011e-02
9.507313240457005321e+00 9.829848334203539206e-02
9.516934265983225671e+00 9.852405406582612213e-02
9.526555291509447798e+00 9.874240209003282143e-02
9.536176317035668148e+00 9.894815373938786740e-02
9.545797342561888499e+00 9.913593574701667910e-02
9.555418368088108849e+00 9.930497965809872984e-02
9.565039393614329200e+00 9.947053497903415864e-02
9.574660419140551326e+00 9.965133189268311764e-02
9.584281444666771677e+00 9.986242388243060653e-02
9.593902470192992027e+00 1.000984872452624075e-01
9.603523495719212377e+00 1.003471787105831015e-01
9.613144521245434504e+00 1.005961484867336636e-01
9.622765546771654854e+00 1.008330467820547915e-01
9.632386572297875205e+00 1.010455238048874188e-01
9.642007597824095555e+00 1.012228275065553545e-01
9.651628623350315905e+00 1.013769649593683903e-01
9.661249648876538032e+00 1.015368941402245290e-01
9.670870674402758382e+00 1.017306951108903346e-01
9.680491699928978733e+00 1.019551503854434632e-01
9.690112725455199083e+00 1.021747083770777331e-01
9.699733750981419433e+00 1.023530667662843202e-01
9.709354776507641560e+00 1.024880018537140947e-01
9.718975802033861910e+00 1.026249310912146634e-01
9.728596827560082261e+00 1.028124969738660882e-01
9.738217853086302611e+00 1.030660280911977617e-01
9.747838878612524738e+00 1.033390000961723343e-01
9.757459904138745088e+00 1.035782444474836195e-01
9.767080929664965439e+00 1.037563908337670593e-01
9.776701955191185789e+00 1.039086740055548685e-01
9.786322980717406139e+00 1.040796337612586026e-01
9.795944006243628266e+00 1.042975996022510454e-01
9.805565031769848616e+00 1.045403314881643980e-01
9.815186057296068967e+00 1.047757558991751631e-01
9.824807082822289317e+00 1.049796084891659459e-01
9.834428108348511444e+00 1.051583079395846387e-01
9.844049133874731794e+00 1.053258077167194273e-01
9.853670159400952144e+00 1.054960612868584419e-01
9.863291184927172495e+00 1.056830221162899236e-01
9.872912210453392845e+00 1.059006436713020166e-01
9.882533235979614972e+00 1.061581814661473749e-01
9.892154261505835322e+00 1.064377698522362969e-01
9.901775287032055672e+00 1.067118320515824254e-01
9.911396312558276023e+00 1.069563125477756699e-01
9.921017338084496373e+00 1.071709857024250589e-01
9.930638363610718500e+00 1.073654733677957551e-01
9.940259389136938850e+00 1.075490351901005892e-01
9.949880414663159200e+00 1.077279076371467081e-01
9.959501440189379551e+00 1.079069254062732658e-01
9.969122465715601678e+00 1.080901539091330132e-01
9.978743491241822028e+00 1.082751578814163257e-01
9.988364516768042378e+00 1.084562084464698734e-01
9.997985542294262729e+00 1.086288029661402893e-01
1.000760656782048308e+01 1.087999866497127294e-01
1.001722759334670521e+01 1.089830386438877668e-01
1.002684861887292556e+01 1.091894215378410998e-01
1.003646964439914591e+01 1.094124112261610771e-01
1.004609066992536626e+01 1.096350742174351661e-01
1.005571169545158661e+01 1.098418039250808609e-01
1.006533272097780873e+01 1.100312194550728123e-01
1.007495374650402908e+01 1.102100494765982791e-01
1.008457477203024943e+01 1.103851170196844117e-01
1.009419579755646978e+01 1.105632451143584993e-01
1.010381682308269191e+01 1.107512567906478035e-01
1.011343784860891226e+01 1.109545236752229880e-01
1.012305887413513261e+01 1.111647731518382448e-01
1.013267989966135296e+01 1.113662540751951119e-01
1.014230092518757331e+01 1.115455738524016721e-01
1.015192195071379544e+01 1.117107401611805440e-01
1.016154297624001579e+01 1.118808668834440218e-01
1.017116400176623614e+01 1.120724056553138726e-01
1.018078502729245649e+01 1.122797530193312687e-01
1.019040605281867862e+01 1.124867217415376902e-01
1.020002707834489897e+01 1.126794854166559834e-01
1.020964810387111932e+01 1.128614711401187826e-01
1.021926912939733967e+01 1.130435775894652189e-01
1.022889015492356002e+01 1.132347810933569399e-01
1.023851118044978215e+01 1.134320127851850407e-01
1.024813220597600250e+01 1.136276145804353543e-01
1.025775323150222285e+01 1.138150259413497345e-01
1.026737425702844320e+01 1.139934845158969007e-01
1.027699528255466355e+01 1.141641205909531970e-01
1.028661630808088567e+01 1.143286394792300820e-01
1.029623733360710602e+01 1.144912456467122447e-01
1.030585835913332637e+01 1.146568235841937539e-01
1.031547938465954672e+01 1.148302577965928800e-01
1.032510041018576885e+01 1.150164327888281296e-01
1.033472143571198920e+01 1.152202268796687495e-01
1.034434246123820955e+01 1.154413400369436876e-01
1.035396348676442990e+01 1.156648930351715926e-01
1.036358451229065025e+01 1.158735075421478272e-01
1.037320553781687238e+01 1.160595025947373377e-01
1.038282656334309273e+01 1.162366043879129313e-01
1.039244758886931308e+01 1.164212650579388303e-01
1.040206861439553343e+01 1.166191969085690894e-01
1.041168963992175378e+01 1.168177580848581004e-01
1.042131066544797591e+01 1.170027580907047893e-01
1.043093169097419626e+01 1.171697707362969604e-01
1.044055271650041661e+01 1.173271226348812091e-01
1.045017374202663696e+01 1.174839996291580646e-01
1.045979476755285908e+01 1.176495875618279452e-01
1.046941579307907944e+01 1.178330722755912829e-01
1.047903681860529979e+01 1.180420987440810726e-01
1.048865784413152014e+01 1.182632376635989330e-01
1.049827886965774049e+01 1.184677940289809023e-01
1.050789989518396261e+01 1.186302608687591492e-01
1.051752092071018296e+01 1.187561489824756900e-01
1.052714194623640331e+01 1.188670683989855731e-01
1.053676297176262366e+01 1.189847660777525740e-01
1.054638399728884401e+01 1.191309889782404263e-01
1.055600502281506614e+01 1.193274839901145301e-01
1.056562604834128649e+01 1.195828031406968167e-01
1.057524707386750684e+01 1.198554524276451427e-01
1.058486809939372719e+01 1.200921475944778105e-01
1.059448912491994932e+01 1.202652903032648407e-01
1.060411015044616967e+01 1.204106817208726726e-01
1.061373117597239002e+01 1.205733491923552669e-01
1.062335220149861037e+01 1.207725965786868721e-01
1.063297322702483072e+01 1.209862020414064210e-01
1.064259425255105285e+01 1.211888966443230436e-01
1.065221527807727320e+01 1.213738355151554177e-01
1.066183630360349355e+01 1.215536166944802821e-01
1.067145732912971390e+01 1.217406032926773574e-01
1.068107835465593602e+01 1.219326539903552165e-01
1.069069938018215637e+01 1.221177890311120062e-01
1.070032040570837673e+01 1.222858663559889814e-01
1.070994143123459708e+01 1.224406249364891480e-01
1.071956245676081743e+01 1.225916254976876646e-01
1.072918348228703955e+01 1.227468104307700703e-01
1.073880450781325990e+01 1.229076945015822458e-01
1.074842553333948025e+01 1.230742163054758670e-01
1.075804655886570060e+01 1.232463144378027065e-01
1.076766758439192095e+01 1.234239274939144815e-01
1.077728860991814308e+01 1.236068453299478120e-01
1.078690963544436343e+01 1.237888447199747416e-01
1.079653066097058378e+01 1.239557549969499683e-01
1.080615168649680413e+01 1.240939864832828893e-01
1.081577271202302626e+01 1.242069697199821021e-01
1.082539373754924661e+01 1.243113254758678871e-01
1.083501476307546696e+01 1.244240145695540700e-01
1.084463578860168731e+01 1.245619663632669544e-01
1.085425681412790766e+01 1.247420962855826654e-01
1.086387783965412979e+01 1.249715368213245859e-01
1.087349886518035014e+01 1.252212540428152832e-01
1.088311989070657049e+01 1.254539810564046787e-01
1.089274091623279084e+01 1.256471567658561106e-01
1.090236194175901119e+01 1.258067030209545356e-01
1.091198296728523331e+01 1.259418111739397661e-01
1.092160399281145367e+01 1.260618686187416626e-01
1.093122501833767402e+01 1.261764679509244647e-01
1.094084604386389437e+01 1.262947172726545664e-01
1.095046706939011649e+01 1.264209765338080438e-01
1.096008809491633684e+01 1.265569574939019726e-01
1.096970912044255719e+01 1.267043431683708976e-01
1.097933014596877754e+01 1.268648165726493360e-01
1.098895117149499789e+01 1.270400353561119411e-01
1.099857219702122002e+01 1.272272978804500632e-01
1.100819322254744037e+01 1.274146344023898425e-01
1.101781424807366072e+01 1.275891879261614736e-01
1.102743527359988107e+01 1.277458339925984232e-01
1.103705629912610142e+01 1.278876920186629296e-01
1.104667732465232355e+01 1.280193776246252857e-01
1.105629835017854390e+01 1.281553558553609196e-01
1.106591937570476425e+01 1.283153012899647949e-01
1.107554040123098460e+01 1.285089698167092009e-01
1.108516142675720673e+01 1.287075978025198353e-01
1.109478245228342708e+01 1.288734233786824057e-01
1.110440347780964743e+01 1.289946440945551887e-01
1.111402450333586778e+01 1.291047710926415959e-01
1.112364552886208813e+01 1.292401341081492738e-01
1.113326655438831025e+01 1.294080613510985855e-01
1.114288757991453060e+01 1.295919314625542662e-01
1.115250860544075096e+01 1.297759189338104080e-01
1.116212963096697131e+01 1.299533495539884620e-01
1.117175065649319343e+01 1.301209710464990010e-01
1.118137168201941378e+01 1.302755370771773169e-01
1.119099270754563413e+01 1.304138013118587291e-01
1.120061373307185448e+01 1.305329948650188476e-01
1.121023475859807483e+01 1.306434603502669989e-01
1.121985578412429696e+01 1.307699573513576019e-01
1.122947680965051731e+01 1.309332141369587421e-01
1.123909783517673766e+01 1.311154698206069003e-01
1.124871886070295801e+01 1.312803690435825343e-01
1.125833988622917836e+01 1.314052510239770988e-01
1.126796091175540049e+01 1.315099187365526834e-01
1.127758193728162084e+01 1.316219189815870660e-01
1.128720296280784119e+01 1.317545847653648072e-01
1.129682398833406154e+01 1.319032699736293335e-01
1.130644501386028367e+01 1.320621745007951042e-01
1.131606603938650402e+01 1.322254982412764124e-01
1.132568706491272437e+01 1.323874418548170173e-01
1.133530809043894472e+01 1.325447550638539640e-01
1.134492911596516507e+01 1.327024186214408874e-01
1.135455014149138719e+01 1.328668956508000376e-01
1.136417116701760754e+01 1.330382577808605915e-01
1.137379219254382789e+01 1.332085231986619989e-01
1.138341321807004825e+01 1.333691962339571546e-01
1.139303424359626860e+01 1.335117812164989815e-01
1.140265526912249072e+01 1.336277908143519710e-01
1.141227629464871107e+01 1.337174345813774146e-01
1.142189732017493142e+01 1.338060756271319818e-01
1.143151834570115177e+01 1.339229338679244763e-01
1.144113937122737390e+01 1.340792908393589333e-01
1.145076039675359425e+01 1.342668731698280493e-01
1.146038142227981460e+01 1.344709376063823181e-01
1.147000244780603495e+01 1.346399723037501883e-01
1.147962347333225530e+01 1.347076276111252857e-01
1.148924449885847743e+01 1.346676078414783817e-01
1.149886552438469778e+01 1.346477527912302574e-01
1.150848654991091813e+01 1.347848442029700444e-01
1.151810757543713848e+01 1.350631965249947108e-01
1.152772860096336061e+01 1.353418105994871889e-01
1.153734962648958096e+01 1.355080240012941917e-01
1.154697065201580131e+01 1.355955124655640887e-01
1.155659167754202166e+01 1.356790916915571743e-01
1.156621270306824201e+01 1.358000472223460930e-01
1.157583372859446413e+01 1.359489606066403011e-01
1.158545475412068448e+01 1.361121971788036566e-01
1.159507577964690483e+01 1.362761222732000455e-01
1.160469680517312518e+01 1.364271032593470656e-01
1.161431783069934554e+01 1.365527602468577517e-01
1.162393885622556766e+01 1.366440962861722175e-01
1.163355988175178801e+01 1.366947401935093009e-01
1.164318090727800836e+01 1.367384883160499831e-01
1.165280193280422871e+01 1.368456602652660115e-01
1.166242295833045084e+01 1.370611107447358146e-01
1.167204398385667119e+01 1.373034684143753237e-01
1.168166500938289154e+01 1.374559222101286726e-01
1.169128603490911189e+01 1.374861942258253922e-01
1.170090706043533224e+01 1.374839937618708985e-01
1.171052808596155437e+01 1.375381251575889807e-01
1.172014911148777472e+01 1.376554281427263549e-01
1.172977013701399507e+01 1.378039741956266773e-01
1.173939116254021542e+01 1.379593046634955134e-01
1.174901218806643577e+01 1.381138604632582145e-01
1.175863321359265790e+01 1.382625605069976171e-01
1.176825423911887825e+01 1.384033698614685615e-01
1.177787526464509860e+01 1.385363803033026198e-01
1.178749629017131895e+01 1.386617270684113445e-01
1.179711731569754107e+01 1.387795453927064271e-01
1.180673834122376142e+01 1.388899705120993089e-01
1.181635936674998177e+01 1.389931376625018200e-01
1.182598039227620212e+01 1.390891820798254852e-01
1.183560141780242247e+01 1.391807989295877068e-01
1.184522244332864460e+01 1.392821504415950318e-01
1.185484346885486495e+01 1.394098528853362218e-01
1.186446449438108530e+01 1.395535508279913961e-01
1.187408551990730565e+01 1.396691783576358425e-01
1.188370654543352600e+01 1.397217116706723494e-01
1.189332757095974813e+01 1.397418709814892135e-01
1.190294859648596848e+01 1.397838629463940552e-01
1.191256962201218883e+01 1.398726970729869679e-01
1.192219064753840918e+01 1.399883008001411022e-01
1.193181167306463131e+01 1.401090249167819546e-01
1.194143269859085166e+01 1.402298563982003199e-01
1.195105372411707201e+01 1.403531453289226794e-01
1.196067474964329236e+01 1.404789412162519291e-01
1.197029577516951271e+01 1.406030775961610024e-01
1.197991680069573484e+01 1.407209451052418570e-01
1.198953782622195519e+01 1.408279343800863948e-01
1.199915885174817554e+01 1.409195001117674317e-01
1.200877987727439589e+01 1.409998236840527830e-01
1.201840090280061801e+01 1.410905871645440901e-01
1.202802192832683836e+01 1.412114418843895269e-01
1.203764295385305871e+01 1.413432678986367430e-01
1.204726397937927906e+01 1.414458245785079615e-01
1.205688500490549941e+01 1.415026585802688086e-01
1.206650603043172154e+01 1.415479043695018480e-01
1.207612705595794189e+01 1.416188832560699440e-01
1.208574808148416224e+01 1.417217973202932746e-01
1.209536910701038259e+01 1.418454117964816075e-01
1.210499013253660294e+01 1.419782998115713679e-01
1.211461115806282507e+01 1.421090344924989535e-01
1.212423218358904542e+01 1.422267165724240834e-01
1.213385320911526577e+01 1.423253404403123090e-01
1.214347423464148612e+01 1.424015855789614038e-01
1.215309526016770825e+01 1.424561963986086532e-01
1.216271628569392860e+01 1.424978801206077950e-01
1.217233731122014895e+01 1.425362756872489145e-01
1.218195833674636930e+01 1.425810220408218754e-01
1.219157936227258965e+01 1.426417581236166798e-01
1.220120038779881178e+01 1.427281228779232192e-01
1.221082141332503213e+01 1.428497552460315512e-01
1.222044243885125248e+01 1.430112744806237568e-01
1.223006346437747283e+01 1.431818262272627484e-01
1.223968448990369318e+01 1.433157829447724851e-01
1.224930551542991530e+01 1.433953833235882824e-01
1.225892654095613565e+01 1.434446219693903402e-01
1.226854756648235600e+01 1.434890231733422505e-01
1.227816859200857635e+01 1.435433937385745540e-01
1.228778961753479848e+01 1.436183239743571149e-01
1.229741064306101883e+01 1.437096574614853683e-01
1.230703166858723918e+01 1.437953859396967349e-01
1.231665269411345953e+01 1.438580753359036957e-01
1.232627371963967988e+01 1.439047176942196693e-01
1.233589474516590201e+01 1.439487200753546969e-01
1.234551577069212236e+01 1.439995995142206997e-01
1.235513679621834271e+01 1.440632339700989861e-01
1.236475782174456306e+01 1.441453615244021047e-01
1.237437884727078341e+01 1.442517202585425762e-01
1.238399987279700554e+01 1.443861249280139758e-01
1.239362089832322589e+01 1.445280013388968998e-01
1.240324192384944624e+01 1.446401030416047950e-01
1.241286294937566659e+01 1.447007434546159488e-01
1.242248397490188871e+01 1.447228302438417213e-01
1.243210500042810907e+01 1.447262226065281487e-01
1.244172602595432942e+01 1.447497680899096362e-01
1.245134705148054977e+01 1.448404222697351751e-01
1.246096807700677012e+01 1.449975347840990469e-01
1.247058910253299224e+01 1.451505063873302914e-01
1.248021012805921259e+01 1.452395015900750097e-01
1.248983115358543294e+01 1.452846108712190776e-01
1.249945217911165329e+01 1.453285930685683236e-01
1.250907320463787542e+01 1.453775470090470923e-01
1.251869423016409577e+01 1.454025157368724341e-01
1.252831525569031612e+01 1.453874881580973777e-01
1.253793628121653647e+01 1.453584224133281644e-01
1.254755730674275682e+01 1.453489081550495554e-01
1.255717833226897895e+01 1.453925350357462010e-01
1.256679935779519930e+01 1.455223093169638049e-01
1.257642038332141965e+01 1.457244261771057092e-01
1.258604140884764000e+01 1.459047706948529421e-01
1.259566243437386035e+01 1.459830519941965332e-01
1.260528345990008248e+01 1.459974911061718283e-01
1.261490448542630283e+01 1.460245646445630374e-01
1.262452551095252318e+01 1.460964921074912048e-01
1.263414653647874353e+01 1.462015705098779483e-01
1.264376756200496565e+01 1.463167678307766562e-01
1.265338858753118600e+01 1.463920767271947587e-01
1.266300961305740636e+01 1.463822026218676020e-01
1.267263063858362671e+01 1.463307059035710844e-01
1.268225166410984706e+01 1.463285860906804736e-01
1.269187268963606918e+01 1.464084254125831153e-01
1.270149371516228953e+01 1.465148981528529015e-01
1.271111474068850988e+01 1.465968036745272929e-01
1.272073576621473023e+01 1.466522721707872734e-01
1.273035679174095058e+01 1.466928882660624434e-01
1.273997781726717271e+01 1.467302368873674712e-01
1.274959884279339306e+01 1.467758205570905972e-01
1.275921986831961341e+01 1.468289358291201552e-01
1.276884089384583376e+01 1.468638646866001485e-01
1.277846191937205589e+01 1.468608519712213678e-01
1.278808294489827624e+01 1.468542441403950238e-01
1.279770397042449659e+01 1.468963397069849020e-01
1.280732499595071694e+01 1.469924946839778757e-01
1.281694602147693729e+01 1.471019616743504677e-01
1.282656704700315942e+01 1.471935550506544288e-01
1.283618807252937977e+01 1.472655350848283418e-01
1.284580909805560012e+01 1.473208072360745469e-01
1.285543012358182047e+01 1.473622769635953289e-01
1.286505114910804259e+01 1.473928182495614081e-01
1.287467217463426294e+01 1.474143919882095477e-01
1.288429320016048329e+01 1.474279273927141254e-01
1.289391422568670365e+01 1.474350719542509291e-01
1.290353525121292400e+01 1.474397069710450814e-01
1.291315627673914612e+01 1.474461144779474486e-01
1.292277730226536647e+01 1.474585765098087309e-01
1.293239832779158682e+01 1.474813466139049400e-01
1.294201935331780717e+01 1.475177742404571724e-01
1.295164037884402752e+01 1.475701365476103366e-01
1.296126140437024965e+01 1.476365212945662531e-01
1.297088242989647000e+01 1.477029321267981643e-01
1.298050345542269035e+01 1.477565287973558739e-01
1.299012448094891070e+01 1.478110823558581866e-01
1.299974550647513283e+01 1.478916778108203545e-01
1.300936653200135318e+01 1.479845277856124131e-01
1.301898755752757353e+01 1.480321481799747318e-01
1.302860858305379388e+01 1.480097934172877883e-01
1.303822960858001423e+01 1.479864085232514004e-01
1.304785063410623636e+01 1.480319308841648029e-01
1.305747165963245671e+01 1.481163724531596448e-01
1.306709268515867706e+01 1.481697529357865750e-01
1.307671371068489741e+01 1.481687821425619611e-01
1.308633473621111776e+01 1.481357117809099511e-01
1.309595576173733988e+01 1.480946750720088523e-01
1.310557678726356023e+01 1.480698052370368889e-01
1.311519781278978058e+01 1.480797706126263658e-01
1.312481883831600094e+01 1.481137406229690867e-01
1.313443986384222306e+01 1.481520828877286866e-01
1.314406088936844341e+01 1.481916236005766108e-01
1.315368191489466376e+01 1.482416101365058303e-01
1.316330294042088411e+01 1.482964339032362688e-01
1.317292396594710446e+01 1.483251787801827537e-01
1.318254499147332659e+01 1.483093522556400701e-01
1.319216601699954694e+01 1.482872108483154205e-01
1.320178704252576729e+01 1.483045976925453369e-01
1.321140806805198764e+01 1.483509915460730078e-01
1.322102909357820799e+01 1.483859927917488275e-01
1.323065011910443012e+01 1.484003848826803418e-01
1.324027114463065047e+01 1.484214645187124648e-01
1.324989217015687082e+01 1.484666138770834309e-01
1.325951319568309117e+01 1.485235875290393248e-01
1.326913422120931330e+01 1.485756322533685891e-01
1.327875524673553365e+01 1.486059948288597221e-01
1.328837627226175400e+01 1.486000681445659166e-01
1.329799729778797435e+01 1.485736183205270122e-01
1.330761832331419470e+01 1.485641410196894829e-01
1.331723934884041682e+01 1.485659578158355643e-01
1.332686037436663717e+01 1.485078113642191999e-01
1.333648139989285752e+01 1.483635476473939563e-01
1.334610242541907787e+01 1.482660121374723694e-01
1.335572345094530000e+01 1.483463776148455093e-01
1.336534447647152035e+01 1.485070201000509016e-01
1.337496550199774070e+01 1.485624437844518253e-01
1.338458652752396105e+01 1.484908233103174047e-01
1.339420755305018140e+01 1.484094726971305622e-01
1.340382857857640353e+01 1.483922539894436399e-01
1.341344960410262388e+01 1.484333454256900608e-01
1.342307062962884423e+01 1.485161611303485174e-01
1.343269165515506458e+01 1.486131875391280277e-01
1.344231268068128493e+01 1.486946076134746386e-01
1.345193370620750706e+01 1.487306043148345636e-01
1.346155473173372741e+01 1.486940251163915983e-01
1.347117575725994776e+01 1.486033390098648876e-01
1.348079678278616811e+01 1.485150323566953312e-01
1.349041780831239024e+01 1.484680642498784064e-01
1.350003883383861059e+01 1.484718992464673648e-01
1.350965985936483094e+01 1.485214323425756433e-01
1.351928088489105129e+01 1.485750459538947854e-01
1.352890191041727164e+01 1.485912016516498513e-01
1.353852293594349376e+01 1.485714160389810523e-01
1.354814396146971411e+01 1.485335361338490645e-01
1.355776498699593446e+01 1.484954401271483537e-01
1.356738601252215481e+01 1.484746441912242754e-01
1.357700703804837516e+01 1.484749590741925862e-01
1.358662806357459729e+01 1.484826179272491498e-01
1.359624908910081764e+01 1.484870302480626736e-01
1.360587011462703799e+01 1.484877529195970103e-01
1.361549114015325834e+01 1.484857940739961746e-01
1.362511216567948047e+01 1.484821618434040702e-01
1.363473319120570082e+01 1.484778643599646564e-01
1.364435421673192117e+01 1.484739097558218923e-01
1.365397524225814152e+01 1.484705408959702821e-01
1.366359626778436187e+01 1.484531769945194590e-01
1.367321729331058400e+01 1.483943700966329771e-01
1.368283831883680435e+01 1.483006455785205457e-01
1.369245934436302470e+01 1.482323874524538732e-01
1.370208036988924505e+01 1.482228598817393050e-01
1.371170139541546540e+01 1.482175124464773230e-01
1.372132242094168753e+01 1.481654269488495157e-01
1.373094344646790788e+01 1.481094427226795351e-01
1.374056447199412823e+01 1.481138079002377317e-01
1.375018549752034858e+01 1.481675482039288283e-01
1.375980652304657070e+01 1.482197390110137347e-01
1.376942754857279105e+01 1.482462949039614619e-01
1.377904857409901140e+01 1.482482134724788791e-01
1.378866959962523175e+01 1.482274261413593919e-01
1.379829062515145210e+01 1.481858643353965443e-01
1.380791165067767423e+01 1.481254594793839918e-01
1.381753267620389458e+01 1.480481429981151675e-01
1.382715370173011493e+01 1.479591964214651556e-01
1.383677472725633528e+01 1.478786127552453866e-01
1.384639575278255741e+01 1.478304220830083948e-01
1.385601677830877776e+01 1.478386545990586498e-01
1.386563780383499811e+01 1.479223360155678957e-01
1.387525882936121846e+01 1.480285344332272490e-01
1.388487985488743881e+01 1.480528795574345968e-01
1.389450088041366094e+01 1.479690286855906978e-01
1.390412190593988129e+01 1.478443088835063035e-01
1.391374293146610164e+01 1.477330880346152120e-01
1.392336395699232199e+01 1.476554170165272073e-01
1.393298498251854234e+01 1.476204772881384020e-01
1.394260600804476447e+01 1.476160981325912169e-01
1.395222703357098482e+01 1.476261198863037805e-01
1.396184805909720517e+01 1.476343828856942209e-01
1.397146908462342552e+01 1.476247274671806387e-01
1.398109011014964764e+01 1.475809939671811344e-01
1.399071113567586799e+01 1.474906090521989066e-01
1.400033216120208834e+01 1.473921443658259278e-01
1.400995318672830869e+01 1.473586729147058072e-01
1.401957421225452904e+01 1.473614223344733021e-01
1.402919523778075117e+01 1.472584703360333425e-01
1.403881626330697152e+01 1.470315249600385454e-01
1.404843728883319187e+01 1.468787359091200118e-01
1.405805831435941222e+01 1.469237330235859673e-01
1.406767933988563257e+01 1.470502503368953662e-01
1.407730036541185470e+01 1.471310045167912306e-01
1.408692139093807505e+01 1.471401219796342752e-01
1.409654241646429540e+01 1.470810840794999630e-01
1.410616344199051575e+01 1.469861689607769306e-01
1.411578446751673788e+01 1.468982668688197102e-01
1.412540549304295823e+01 1.468602847131946221e-01
1.413502651856917858e+01 1.469079241618449216e-01
1.414464754409539893e+01 1.469662138445321509e-01
1.415426856962161928e+01 1.468793493454961518e-01
1.416388959514784140e+01 1.466525466932389332e-01
1.417351062067406176e+01 1.464705179323075035e-01
1.418313164620028211e+01 1.464275457440536721e-01
1.419275267172650246e+01 1.464620225583773416e-01
1.420237369725272458e+01 1.465132476116949023e-01
1.421199472277894493e+01 1.465524667315630247e-01
1.422161574830516528e+01 1.465551986619121894e-01
1.423123677383138563e+01 1.464969621466729877e-01
1.424085779935760598e+01 1.463674828200723643e-01
1.425047882488382811e+01 1.462207503043927992e-01
1.426009985041004846e+01 1.461199322847498983e-01
1.426972087593626881e+01 1.460699524273652017e-01
1.427934190146248916e+01 1.460525092780039780e-01
1.428896292698870951e+01 1.460492411239396049e-01
1.429858395251493164e+01 1.460423871025763043e-01
1.430820497804115199e+01 1.460226648564131868e-01
1.431782600356737234e+01 1.459869958683279734e-01
1.432744702909359269e+01 1.459308722418542204e-01
1.433706805461981482e+01 1.458487924931981816e-01
1.434668908014603517e+01 1.457567930232280817e-01
1.435631010567225552e+01 1.456983958294182924e-01
1.436593113119847587e+01 1.456768888543412410e-01
1.437555215672469622e+01 1.456239309726123643e-01
1.438517318225091834e+01 1.454969568310675032e-01
1.439479420777713869e+01 1.453269318759800310e-01
1.440441523330335905e+01 1.451548318132455107e-01
1.441403625882957940e+01 1.450216323445788769e-01
1.442365728435579975e+01 1.449577192613228371e-01
1.443327830988202187e+01 1.449520474334487219e-01
1.444289933540824222e+01 1.449834411122571387e-01
1.445252036093446257e+01 1.450307245490488339e-01
1.446214138646068292e+01 1.450715984444923001e-01
1.447176241198690505e+01 1.450761766065805369e-01
1.448138343751312540e+01 1.450175951391234341e-01
1.449100446303934575e+01 1.449238353813863400e-01
1.450062548856556610e+01 1.448468124276509061e-01
1.451024651409178645e+01 1.447812384372904881e-01
1.451986753961800858e+01 1.446864961241653147e-01
1.452948856514422893e+01 1.445585188683740363e-01
1.453910959067044928e+01 1.444233013904532847e-01
1.454873061619666963e+01 1.443076984702383880e-01
1.455835164172288998e+01 1.442376542154660546e-01
1.456797266724911211e+01 1.442094809286600943e-01
1.457759369277533246e+01 1.441843902917826215e-01
1.458721471830155281e+01 1.441389893161877378e-01
1.459683574382777316e+01 1.440750912949205209e-01
1.460645676935399528e+01 1.439964709711054336e-01
1.461607779488021563e+01 1.439069030878669664e-01
1.462569882040643598e+01 1.438101623883294711e-01
1.463531984593265634e+01 1.437100414069635013e-01
1.464494087145887669e+01 1.436165338948028891e-01
1.465456189698509881e+01 1.435548967376059359e-01
1.466418292251131916e+01 1.435356265011921983e-01
1.467380394803753951e+01 1.435192751525815602e-01
1.468342497356375986e+01 1.434702723674609603e-01
1.469304599908998199e+01 1.433979013049176410e-01
1.470266702461620234e+01 1.433211389628299970e-01
1.471228805014242269e+01 1.432589623390764511e-01
1.472190907566864304e+01 1.432254578192822536e-01
1.473153010119486339e+01 1.432115027250745465e-01
1.474115112672108552e+01 1.432003721617704783e-01
1.475077215224730587e+01 1.431713561467861939e-01
1.476039317777352622e+01 1.431023824993537807e-01
1.477001420329974657e+01 1.429713778532593071e-01
1.477963522882596692e+01 1.427688500680015515e-01
1.478925625435218905e+01 1.425766082664850776e-01
1.479887727987840940e+01 1.424999014110142626e-01
1.480849830540462975e+01 1.425049069077883312e-01
1.481811933093085010e+01 1.424964630973482860e-01
1.482774035645707222e+01 1.424483098187709629e-01
1.483736138198329257e+01 1.423721639033021513e-01
1.484698240750951292e+01 1.422801297946202082e-01
1.485660343303573327e+01 1.421843119364033514e-01
1.486622445856195363e+01 1.420968147723299657e-01
1.487584548408817575e+01 1.420284213574234955e-01
1.488546650961439610e+01 1.419723674945999048e-01
1.489508753514061645e+01 1.419102102644674013e-01
1.490470856066683680e+01 1.418346599810348108e-01
1.491432958619305715e+01 1.417471281393231086e-01
1.492395061171927928e+01 1.416492450033649819e-01
1.493357163724549963e+01 1.415426408371931177e-01
1.494319266277171998e+01 1.414289459048402031e-01
1.495281368829794033e+01 1.413103202428614147e-01
1.496243471382416246e+01 1.411991432778435807e-01
1.497205573935038281e+01 1.411149935512423237e-01
1.498167676487660316e+01 1.410355706857707447e-01
1.499129779040282351e+01 1.409030480995499268e-01
1.500091881592904386e+01 1.407526717735194388e-01
1.501053984145526599e+01 1.407061726024749770e-01
1.502016086698148634e+01 1.407487861318064692e-01
1.502978189250770669e+01 1.407285413032716148e-01
1.503940291803392704e+01 1.405863163489259049e-01
1.504902394356014739e+01 1.403650808555897966e-01
1.505864496908636951e+01 1.401149758768371889e-01
1.506826599461258986e+01 1.398887584021565877e-01
1.507788702013881021e+01 1.397393085503532140e-01
1.508750804566503056e+01 1.397162379895779682e-01
1.509712907119125269e+01 1.397857986577831502e-01
1.510675009671747304e+01 1.398294452767064322e-01
1.511637112224369339e+01 1.398099258410954726e-01
1.512599214776991374e+01 1.397781665320166344e-01
1.513561317329613409e+01 1.397422397314549147e-01
1.514523419882235622e+01 1.396629689694584842e-01
1.515485522434857657e+01 1.395436854404830951e-01
1.516447624987479692e+01 1.394323597043570229e-01
1.517409727540101727e+01 1.393509125399355064e-01
1.518371830092723940e+01 1.392931566008092925e-01
1.519333932645345975e+01 1.392516840677299750e-01
1.520296035197968010e+01 1.392190500708485323e-01
1.521258137750590045e+01 1.391870542701611480e-01
1.522220240303212080e+01 1.391467909631882716e-01
1.523182342855834293e+01 1.390893274331841123e-01
1.524144445408456328e+01 1.390057309634029625e-01
1.525106547961078363e+01 1.388870688370990314e-01
1.526068650513700398e+01 1.387273178314253896e-01
1.527030753066322433e+01 1.385668710443244134e-01
1.527992855618944645e+01 1.384771347437512568e-01
1.528954958171566680e+01 1.384399865478173342e-01
1.529917060724188715e+01 1.383754787306638590e-01
1.530879163276810750e+01 1.382859162119080831e-01
1.531841265829432963e+01 1.382230996965701231e-01
1.532803368382054998e+01 1.381292532369342851e-01
1.533765470934677033e+01 1.378932722779725173e-01
1.534727573487299068e+01 1.375988421371336090e-01
1.535689676039921103e+01 1.374287533734850353e-01
1.536651778592543316e+01 1.373997062610041453e-01
1.537613881145165351e+01 1.374370600639835960e-01
1.538575983697787386e+01 1.374652559712312982e-01
1.539538086250409421e+01 1.374205077109819650e-01
1.540500188803031456e+01 1.373247870065602838e-01
1.541462291355653669e+01 1.372291930053312625e-01
1.542424393908275704e+01 1.371285444771512263e-01
1.543386496460897739e+01 1.370004550808806842e-01
1.544348599013519774e+01 1.368505751947959315e-01
1.545310701566141987e+01 1.366959975279290751e-01
1.546272804118764022e+01 1.365620261150968240e-01
1.547234906671386057e+01 1.364764531882873833e-01
1.548197009224008092e+01 1.364670705395436001e-01
1.549159111776630127e+01 1.365341156304796799e-01
1.550121214329252339e+01 1.365783761122815188e-01
1.551083316881874374e+01 1.365137864660052880e-01
1.552045419434496409e+01 1.363640257553946078e-01
1.553007521987118444e+01 1.361738627402538371e-01
1.553969624539740657e+01 1.359880661803874458e-01
1.554931727092362692e+01 1.358514048355999315e-01
1.555893829644984727e+01 1.358080417491620839e-01
1.556855932197606762e+01 1.358359701640785011e-01
1.557818034750228797e+01 1.357899746633005611e-01
1.558780137302851010e+01 1.356171719275399701e-01
1.559742239855473045e+01 1.354324114446507632e-01
1.560704342408095080e+01 1.353039073611635446e-01
1.561666444960717115e+01 1.352170181287551676e-01
1.562628547513339150e+01 1.351512904556793349e-01
1.563590650065961363e+01 1.350869687245029871e-01
1.564552752618583398e+01 1.350186675508382450e-01
1.565514855171205433e+01 1.349539637227284428e-01
1.566476957723827468e+01 1.348928243000804550e-01
1.567439060276449680e+01 1.348288842485001193e-01
1.568401162829071716e+01 1.347556114517864945e-01
1.569363265381693751e+01 1.346664737937385004e-01
1.570325367934315786e+01 1.345549391581551679e-01
1.571287470486937821e+01 1.344177228832426629e-01
1.572249573039560033e+01 1.342737597706881170e-01
1.573211675592182068e+01 1.341512867823562161e-01
1.574173778144804103e+01 1.340785723899023119e-01
1.575135880697426138e+01 1.340628515523225039e-01
1.576097983250048173e+01 1.340241222700848112e-01
1.577060085802670386e+01 1.339041877118324619e-01
1.578022188355292421e+01 1.337876130417914589e-01
1.578984290907914456e+01 1.337418844116241012e-01
1.579946393460536491e+01 1.337205243153773426e-01
1.580908496013158704e+01 1.336791000700977838e-01
1.581870598565780739e+01 1.336111216451842942e-01
1.582832701118402774e+01 1.335144556904875046e-01
1.583794803671024809e+01 1.333874166822427154e-01
1.584756906223646844e+01 1.332425144366250758e-01
1.585719008776269057e+01 1.331080583314422361e-01
1.586681111328891092e+01 1.329940635882012889e-01
1.587643213881513127e+01 1.328930111275563875e-01
1.588605316434135162e+01 1.327988766082059124e-01
1.589567418986757197e+01 1.327071622239080206e-01
1.590529521539379409e+01 1.326134026073867989e-01
1.591491624092001445e+01 1.325131323913664172e-01
1.592453726644623480e+01 1.324018862085709625e-01
1.593415829197245515e+01 1.322783330160783588e-01
1.594377931749867727e+01 1.321561758073369619e-01
1.595340034302489762e+01 1.320506347581944240e-01
1.596302136855111797e+01 1.319665507709569252e-01
1.597264239407733832e+01 1.319065100350389486e-01
1.598226341960355867e+01 1.318729814064915351e-01
1.599188444512978080e+01 1.318564424950705583e-01
1.600150547065599937e+01 1.318255595926494106e-01
1.601112649618222150e+01 1.317629713518423118e-01
1.602074752170844008e+01 1.316736579661948736e-01
1.603036854723466220e+01 1.315642055414734668e-01
1.603998957276088433e+01 1.314411464708773458e-01
1.604961059828710290e+01 1.313102556496217876e-01
1.605923162381332503e+01 1.311767476110084762e-01
1.606885264933954360e+01 1.310458237294594153e-01
1.607847367486576573e+01 1.309226853793964140e-01
1.608809470039198786e+01 1.308125339352414762e-01
1.609771572591820643e+01 1.307191215233279025e-01
1.610733675144442856e+01 1.306400748421964186e-01
1.611695777697064713e+01 1.305714025254795241e-01
1.612657880249686926e+01 1.305091131973178942e-01
1.613619982802309138e+01 1.304492154818522598e-01
1.614582085354930996e+01 1.303877180032232685e-01
1.615544187907553209e+01 1.303206293855715681e-01
1.616506290460175421e+01 1.302443388924134082e-01
1.617468393012797279e+01 1.301640019840061835e-01
1.618430495565419491e+01 1.300925774585532102e-01
1.619392598118041349e+01 1.300307114047451196e-01
1.620354700670663561e+01 1.299701269377002699e-01
1.621316803223285774e+01 1.299023617697439015e-01
1.622278905775907631e+01 1.298189536132010602e-01
1.623241008328529844e+01 1.297114408737182201e-01
1.624203110881151702e+01 1.295774312907238546e-01
1.625165213433773914e+01 1.294353752760096232e-01
1.626127315986396127e+01 1.293081938116514285e-01
1.627089418539017984e+01 1.292184084538598732e-01
1.628051521091640197e+01 1.291655126042106638e-01
1.629013623644262054e+01 1.291145965831239917e-01
1.629975726196884267e+01 1.290465193571201374e-01
1.630937828749506480e+01 1.289617280829118973e-01
1.631899931302128337e+01 1.288636120333610524e-01
1.632862033854750550e+01 1.287570110461880024e-01
1.633824136407372407e+01 1.286469373318070986e-01
1.634786238959994620e+01 1.285384696103522573e-01
1.635748341512616832e+01 1.284366857803768691e-01
1.636710444065238690e+01 1.283447993228276629e-01
1.637672546617860903e+01 1.282603894368787578e-01
1.638634649170482760e+01 1.281799751484070660e-01
1.639596751723104973e+01 1.281000754832893329e-01
1.640558854275727185e+01 1.280172094674023320e-01
1.641520956828349043e+01 1.279278961266229753e-01
1.642483059380971255e+01 1.278286544868278973e-01
1.643445161933593468e+01 1.277177904020931343e-01
1.644407264486215325e+01 1.276099920257131592e-01
1.645369367038837538e+01 1.275243104199285105e-01
1.646331469591459395e+01 1.274558457693253932e-01
1.647293572144081608e+01 1.273944020563420598e-01
1.648255674696703821e+01 1.273389718160504169e-01
1.649217777249325678e+01 1.272904294125840885e-01
1.650179879801947891e+01 1.272493478068624229e-01
1.651141982354569748e+01 1.272050131668187312e-01
1.652104084907191961e+01 1.271335384052879047e-01
1.653066187459814174e+01 1.270303403915496177e-01
1.654028290012436031e+01 1.269072927350700930e-01
1.654990392565058244e+01 1.267767460511149968e-01
1.655952495117680101e+01 1.266510509549502728e-01
1.656914597670302314e+01 1.265425538598975164e-01
1.657876700222924526e+01 1.264592404173294216e-01
1.658838802775546384e+01 1.263964912811648134e-01
1.659800905328168596e+01 1.263474229247346370e-01
1.660763007880790454e+01 1.263052422392858254e-01
1.661725110433412667e+01 1.262655306244546416e-01
1.662687212986034879e+01 1.262264203824112196e-01
1.663649315538656737e+01 1.261861695688658580e-01
1.664611418091278949e+01 1.261430362395287996e-01
1.665573520643901162e+01 1.260952784501103152e-01
1.666535623196523019e+01 1.260411542563206755e-01
1.667497725749145232e+01 1.259789217138701234e-01
1.668459828301767089e+01 1.259068388784690129e-01
1.669421930854389302e+01 1.258231638058275037e-01
1.670384033407011515e+01 1.257261545516559220e-01
1.671346135959633372e+01 1.256140691716645663e-01
1.672308238512255585e+01 1.254851657215636518e-01
1.673270341064877442e+01 1.253403900622833966e-01
1.674232443617499655e+01 1.252003436336155962e-01
1.675194546170121868e+01 1.250943564481459547e-01
1.676156648722743725e+01 1.250515895064304717e-01
1.677118751275365938e+01 1.250572528141439266e-01
1.678080853827987795e+01 1.250010234185757463e-01
1.679042956380610008e+01 1.248519311120580150e-01
1.680005058933231865e+01 1.246949498065365314e-01
1.680967161485854078e+01 1.245678383570043013e-01
1.681929264038476290e+01 1.244664517159966288e-01
1.682891366591098148e+01 1.243855986074687420e-01
1.683853469143720361e+01 1.243200877553756328e-01
1.684815571696342218e+01 1.242647278836725711e-01
1.685777674248964431e+01 1.242143277163147291e-01
1.686739776801586643e+01 1.241637705483211451e-01
1.687701879354208501e+01 1.241103018552311144e-01
1.688663981906830713e+01 1.240539568931383063e-01
1.689626084459452571e+01 1.239949317519963706e-01
1.690588187012074783e+01 1.239335661109675496e-01
1.691550289564696996e+01 1.238710700714317353e-01
1.692512392117318853e+01 1.238089799892831966e-01
1.693474494669941066e+01 1.237488220395090155e-01
1.694436597222563279e+01 1.236912680355715388e-01
1.695398699775185136e+01 1.236355289380420414e-01
1.696360802327807349e+01 1.235806726003969291e-01
1.697322904880429206e+01 1.235257668761127053e-01
1.698285007433051419e+01 1.234698796186657899e-01
1.699247109985673632e+01 1.234120786815326859e-01
1.700209212538295489e+01 1.233514319181897717e-01
1.701171315090917702e+01 1.232870071821135505e-01
1.702133417643539559e+01 1.232178998352140842e-01
1.703095520196161772e+01 1.231441973914888105e-01
1.704057622748783984e+01 1.230672332215454745e-01
1.705019725301405842e+01 1.229884197714613964e-01
1.705981827854028055e+01 1.229091694873139379e-01
1.706943930406649912e+01 1.228308945151417031e-01
1.707906032959272125e+01 1.227546486770856038e-01
1.708868135511894337e+01 1.226804332644626239e-01
1.709830238064516195e+01 1.226080572960381865e-01
1.710792340617138407e+01 1.225373297905777564e-01
1.711754443169760265e+01 1.224680597668468540e-01
1.712716545722382477e+01 1.224000562436109163e-01
1.713678648275004690e+01 1.223331282396353942e-01
1.714640750827626547e+01 1.222670847736858912e-01
1.715602853380248760e+01 1.222017021999270842e-01
1.716564955932870618e+01 1.221340303506399660e-01
1.717527058485492830e+01 1.220563808414342755e-01
1.718489161038115043e+01 1.219605913498523070e-01
1.719451263590736900e+01 1.218405094774633463e-01
1.720413366143359113e+01 1.217059494105465073e-01
1.721375468695981326e+01 1.215743411386343981e-01
1.722337571248603183e+01 1.214631615985652113e-01
1.723299673801225396e+01 1.213898877271769872e-01
1.724261776353847253e+01 1.213719964613078489e-01
1.725223878906469466e+01 1.214269647377958367e-01
1.726185981459091678e+01 1.215539743189282124e-01
1.727148084011713536e+01 1.216042221433964038e-01
1.728110186564335748e+01 1.214335268199379508e-01
1.729072289116957606e+01 1.211795825238197594e-01
1.730034391669579819e+01 1.209749999137077620e-01
1.730996494222202031e+01 1.208256936351395916e-01
1.731958596774823889e+01 1.207244097106923014e-01
1.732920699327446101e+01 1.206638941629427364e-01
1.733882801880067959e+01 1.206368930144678803e-01
1.734844904432690171e+01 1.206361522878446751e-01
1.735807006985312384e+01 1.206544180056501187e-01
1.736769109537934241e+01 1.206844361904610557e-01
1.737731212090556454e+01 1.207189528648545257e-01
1.738693314643178311e+01 1.207507140514074151e-01
1.739655417195800524e+01 1.207732342166392414e-01
1.740617519748422737e+01 1.207849905863069839e-01
1.741579622301044594e+01 1.207864323230925380e-01
1.742541724853666807e+01 1.207780136025608242e-01
1.743503827406289020e+01 1.207601886002767910e-01
1.744465929958910877e+01 1.207334114918053314e-01
1.745428032511533090e+01 1.206981364527113798e-01
1.746390135064154947e+01 1.206548176585598570e-01
1.747352237616777160e+01 1.206039092849156280e-01
1.748314340169399372e+01 1.205458655073436969e-01
1.749276442722021230e+01 1.204811405014089148e-01
1.750238545274643442e+01 1.204101884426762303e-01
1.751200647827265300e+01 1.203334635067105779e-01
1.752162750379887513e+01 1.202514198690768366e-01
1.753124852932509725e+01 1.201645117053399547e-01
1.754086955485131583e+01 1.200731931910648670e-01
1.755049058037753795e+01 1.199779185018164523e-01
1.756011160590375653e+01 1.198792973403242090e-01
1.756973263142997865e+01 1.197804602562934084e-01
1.757935365695620078e+01 1.196865824508277221e-01
1.758897468248241935e+01 1.196028981024666871e-01
1.759859570800864148e+01 1.195346413897496046e-01
1.760821673353486005e+01 1.194867632861469631e-01
1.761783775906108218e+01 1.194550886011077340e-01
1.762745878458730431e+01 1.194245742187475257e-01
1.763707981011352288e+01 1.193795421357095737e-01
1.764670083563974501e+01 1.193096452633460453e-01
1.765632186116596358e+01 1.192252401054913341e-01
1.766594288669218571e+01 1.191417085294793204e-01
1.767556391221840784e+01 1.190737504267200125e-01
1.768518493774462641e+01 1.190255698955565850e-01
1.769480596327084854e+01 1.189931396668398589e-01
1.770442698879707066e+01 1.189722117818236002e-01
1.771404801432328924e+01 1.189585382817615472e-01
1.772366903984951136e+01 1.189478712079074796e-01
1.773329006537572994e+01 1.189359626015151494e-01
1.774291109090195206e+01 1.189189542923394377e-01
1.775253211642817419e+01 1.188960803758814383e-01
1.776215314195439277e+01 1.188680482191177834e-01
1.777177416748061489e+01 1.188355742286055644e-01
1.778139519300683347e+01 1.187993748109020392e-01
1.779101621853305559e+01 1.187601663725642714e-01
1.780063724405927772e+01 1.187186653201495745e-01
1.781025826958549629e+01 1.186755880602150676e-01
1.781987929511171842e+01 1.186316509993178836e-01
1.782950032063793699e+01 1.185875705440152805e-01
1.783912134616415912e+01 1.185440631008643636e-01
1.784874237169038125e+01 1.185018450764223630e-01
1.785836339721659982e+01 1.184616328772464394e-01
1.786798442274282195e+01 1.184241406325008406e-01
1.787760544826904052e+01 1.183897179376085795e-01
1.788722647379526265e+01 1.183579526509878632e-01
1.789684749932148478e+01 1.183283371114230986e-01
1.790646852484770335e+01 1.183003636576985679e-01
1.791608955037392548e+01 1.182735246285986086e-01
1.792571057590014760e+01 1.182473123629075723e-01
1.793533160142636618e+01 1.182212191994097966e-01
1.794495262695258830e+01 1.181947374768895914e-01
1.795457365247880688e+01 1.181673595341313221e-01
1.796419467800502900e+01 1.181385777099192430e-01
1.797381570353125113e+01 1.181078843430378028e-01
1.798343672905746971e+01 1.180747717722712697e-01
1.799305775458369183e+01 1.180387323364039537e-01
1.800267878010991041e+01 1.179992583742202200e-01
1.801229980563613253e+01 1.179558422245043786e-01
1.802192083116235466e+01 1.179079762260407671e-01
1.803154185668857323e+01 1.178551527176137925e-01
1.804116288221479536e+01 1.177968640380076537e-01
1.805078390774101393e+01 1.177333468092957997e-01
1.806040493326723606e+01 1.176714061758362684e-01
1.807002595879345819e+01 1.176212681213390648e-01
1.807964698431967676e+01 1.175929456901528003e-01
1.808926800984589889e+01 1.175873442397297047e-01
1.809888903537211746e+01 1.175937170714342755e-01
1.810851006089833959e+01 1.176005573091582629e-01
1.811813108642456172e+01 1.175989812075459023e-01
1.812775211195078029e+01 1.175885765768311525e-01
1.813737313747700242e+01 1.175706382258164540e-01
1.814699416300322099e+01 1.175464609633042889e-01
1.815661518852944312e+01 1.175173395980971397e-01
1.816623621405566524e+01 1.174845689389974468e-01
1.817585723958188382e+01 1.174494437948076508e-01
1.818547826510810594e+01 1.174132589743302202e-01
1.819509929063432807e+01 1.173773092863676648e-01
1.820472031616054664e+01 1.173428892635062504e-01
1.821434134168676877e+01 1.173109690280559753e-01
1.822396236721298735e+01 1.172815675649740014e-01
1.823358339273920947e+01 1.172545304477108641e-01
1.824320441826543160e+01 1.172297032497171682e-01
1.825282544379165017e+01 1.172069315444435461e-01
1.826244646931787230e+01 1.171860609053406166e-01
1.827206749484409087e+01 1.171669369058589705e-01
1.828168852037031300e+01 1.171494051194492403e-01
1.829130954589653513e+01 1.171333111195621002e-01
1.830093057142275370e+01 1.171185004796480439e-01
1.831055159694897583e+01 1.171048187731577456e-01
1.832017262247519440e+01 1.170921115735418655e-01
1.832979364800141653e+01 1.170802244542509252e-01
1.833941467352763866e+01 1.170690029887355849e-01
1.834903569905385723e+01 1.170582927504464910e-01
1.835865672458007936e+01 1.170479393128341650e-01
1.836827775010629793e+01 1.170377882493493366e-01
1.837789877563252006e+01 1.170276851334425272e-01
1.838751980115874218e+01 1.170174755385644111e-01
1.839714082668496076e+01 1.170070050381655374e-01
1.840676185221118288e+01 1.169961192056965943e-01
1.841638287773740501e+01 1.169846636146081448e-01
1.842600390326362358e+01 1.169724838383508353e-01
1.843562492878984571e+01 1.169594254503752706e-01
1.844524595431606429e+01 1.169453340241320277e-01
1.845486697984228641e+01 1.169300551330717253e-01
1.846448800536850854e+01 1.169134343506450652e-01
1.847410903089472711e+01 1.168953184812334956e-01
1.848373005642094924e+01 1.168761512538714353e-01
1.849335108194716781e+01 1.168579313804450903e-01
1.850297210747338994e+01 1.168429075669477346e-01
1.851259313299961207e+01 1.168329405471197208e-01
1.852221415852583064e+01 1.168276791184146013e-01
1.853183518405205277e+01 1.168259893575208652e-01
1.854145620957827134e+01 1.168267364332062908e-01
1.855107723510449347e+01 1.168287855142388920e-01
1.856069826063071559e+01 1.168310017693865444e-01
1.857031928615693417e+01 1.168322612888706424e-01
1.857994031168315630e+01 1.168319375233086432e-01
1.858956133720937487e+01 1.168300955911123207e-01
1.859918236273559700e+01 1.168268517234421905e-01
1.860880338826181912e+01 1.168223221514587407e-01
1.861842441378803770e+01 1.168166231063224036e-01
1.862804543931425982e+01 1.168098708191936119e-01
1.863766646484047840e+01 1.168021815212329229e-01
1.864728749036670052e+01 1.167936714436008244e-01
1.865690851589292265e+01 1.167844568174577213e-01
1.866652954141914122e+01 1.167746538739641293e-01
1.867615056694536335e+01 1.167643788442804670e-01
1.868577159247158548e+01 1.167537479595672639e-01
1.869539261799780405e+01 1.167428774509850081e-01
1.870501364352402618e+01 1.167318835496941182e-01
1.871463466905024475e+01 1.167208824868550682e-01
1.872425569457646688e+01 1.167099904936284016e-01
1.873387672010268901e+01 1.166993238011745093e-01
1.874349774562890758e+01 1.166889986406539070e-01
1.875311877115512971e+01 1.166791312432270689e-01
1.876273979668134828e+01 1.166698378400544689e-01
1.877236082220757041e+01 1.166612346622965674e-01
1.878198184773379253e+01 1.166534379411138522e-01
1.879160287326001111e+01 1.166465639076667837e-01
1.880122389878623324e+01 1.166407287931158637e-01
1.881084492431245181e+01 1.166360488286215108e-01
1.882046594983867394e+01 1.166326402453442546e-01
1.883008697536489606e+01 1.166306192744445275e-01
1.883970800089111464e+01 1.166301021470828730e-01
1.884932902641733676e+01 1.166312050944196682e-01
1.885895005194355534e+01 1.166340443476154426e-01
1.886857107746977746e+01 1.166387361378306287e-01
1.887819210299599959e+01 1.166453966962257977e-01
1.888781312852221816e+01 1.166541422539613265e-01
1.889743415404844029e+01 1.166650890421977310e-01
1.890705517957466242e+01 1.166783532920954436e-01
1.891667620510088099e+01 1.166940512348149661e-01
1.892629723062710312e+01 1.167122888395611402e-01
1.893591825615332169e+01 1.167326840860203052e-01
1.894553928167954382e+01 1.167541640880730286e-01
1.895516030720576595e+01 1.167756047425294041e-01
1.896478133273198452e+01 1.167961948246947490e-01
1.897440235825820665e+01 1.168158568745215342e-01
1.898402338378442522e+01 1.168346184931417786e-01
1.899364440931064735e+01 1.168525072816874594e-01
1.900326543483686947e+01 1.168695508412906647e-01
1.901288646036308805e+01 1.168857767730833441e-01
1.902250748588931017e+01 1.169012126781974609e-01
1.903212851141552875e+01 1.169158861577651448e-01
1.904174953694175088e+01 1.169298248129183593e-01
1.905137056246797300e+01 1.169430562447891092e-01
1.906099158799419158e+01 1.169556080545093718e-01
1.907061261352041370e+01 1.169675078432112353e-01
1.908023363904663228e+01 1.169787832120266075e-01
1.908985466457285440e+01 1.169894617620875488e-01
1.909947569009907653e+01 1.169995710945261058e-01
1.910909671562529510e+01 1.170091388104742419e-01
1.911871774115151723e+01 1.170181925110640314e-01
1.912833876667773936e+01 1.170267597974273682e-01
1.913795979220395793e+01 1.170348682706963683e-01
1.914758081773018006e+01 1.170425455320030367e-01
1.915720184325639863e+01 1.170498191824792950e-01
1.916682286878262076e+01 1.170567168232572591e-01
1.917644389430884289e+01 1.170632660554688925e-01
1.918606491983506146e+01 1.170694944802462278e-01
1.919568594536128359e+01 1.170754296987212284e-01
1.920530697088750216e+01 1.170810993120259685e-01
1.921492799641372429e+01 1.170865309212923977e-01
1.922454902193994641e+01 1.170917521276525625e-01
1.923417004746616499e+01 1.170967905322384678e-01
1.924379107299238711e+01 1.171016737361821047e-01
1.925341209851860569e+01 1.171064293406155199e-01
1.926303312404482782e+01 1.171110849466706905e-01
1.927265414957104994e+01 1.171156681554796908e-01
1.928227517509726852e+01 1.171202065681744425e-01
1.929189620062349064e+01 1.171247277858870062e-01
1.930151722614970922e+01 1.171292594097493728e-01
1.931113825167593134e+01 1.171338290408935889e-01
1.932075927720215347e+01 1.171384642804516318e-01
1.933038030272837204e+01 1.171431927295555203e-01
1.934000132825459417e+01 1.171480419893372454e-01
1.934962235378081274e+01 1.171530396609289093e-01
1.935924337930703487e+01 1.171582133454623781e-01
1.936886440483325700e+01 1.171635906440697955e-01
1.937848543035947557e+01 1.171691991578830694e-01
1.938810645588569770e+01 1.171750664880343018e-01
1.939772748141191983e+01 1.171812202356554283e-01
1.940734850693813840e+01 1.171876880018785094e-01
1.941696953246436053e+01 1.171944973878355223e-01
1.942659055799057910e+01 1.172016759946584996e-01
1.943621158351680123e+01 1.172092514234794602e-01
1.944583260904302335e+01 1.172172512754304091e-01
1.945545363456924193e+01 1.172257031516432957e-01
1.946507466009546405e+01 1.172346346532502082e-01
1.947469568562168263e+01 1.172440733813831515e-01
1.948431671114790475e+01 1.172540469371740890e-01
1.949393773667412688e+01 1.172645829217550811e-01
1.950355876220034546e+01 1.172757089362581051e-01
1.951317978772656758e+01 1.172874525818152075e-01
1.952280081325278616e+01 1.172998414595583239e-01
1.953242183877900828e+01 1.173129031706195563e-01
1.954204286430523041e+01 1.173266653161309236e-01
1.955166388983144898e+01 1.173411554972243059e-01
1.956128491535767111e+01 1.173564013150318330e-01
1.957090594088388968e+01 1.173724303706854960e-01
1.958052696641011181e+01 1.173892702653172720e-01
1.959014799193633394e+01 1.174069486000592077e-01
1.959976901746255251e+01 1.174254929760432942e-01
1.960939004298877464e+01 1.174449309944015363e-01
1.961901106851499677e+01 1.174652902562659668e-01
1.962863209404121534e+01 1.174865983627685628e-01
1.963825311956743747e+01 1.175088829150413988e-01
1.964787414509365604e+01 1.175321715142164103e-01
1.965749517061987817e+01 1.175564917614256299e-01
1.966711619614610029e+01 1.175818712578011044e-01
1.967673722167231887e+01 1.176083376044748247e-01
1.968635824719854099e+01 1.176359184025787818e-01
1.969597927272475957e+01 1.176646412532449809e-01
1.970560029825098169e+01 1.176945337576054823e-01
1.971522132377720382e+01 1.177256235167923049e-01
1.972484234930342240e+01 1.177579381319373703e-01
1.973446337482964452e+01 1.177915052041727667e-01
1.974408440035586310e+01 1.178263523346304437e-01
1.975370542588208522e+01 1.178625071244424755e-01
1.976332645140830735e+01 1.178999971747409087e-01
1.977294747693452592e+01 1.179388500866576095e-01
1.978256850246074805e+01 1.179790934613247216e-01
1.979218952798696662e+01 1.180207548998741668e-01
