7.618010371223582489e-01 2.788340504624783889e-01
7.714220626485789323e-01 2.837461368243060500e-01
7.810430881747997267e-01 2.886001798918502170e-01
7.906641137010204101e-01 2.933955104557069982e-01
8.002851392272412046e-01 2.981314595990632865e-01
8.099061647534618880e-01 3.028073587779054887e-01
8.195271902796826824e-01 3.074225399025075633e-01
8.291482158059033658e-01 3.119763354202031991e-01
8.387692413321241602e-01 3.164680783994436308e-01
8.483902668583448436e-01 3.208971026151472006e-01
8.580112923845655271e-01 3.252627426353388307e-01
8.676323179107863215e-01 3.295643339090831847e-01
8.772533434370071159e-01 3.338012128557051872e-01
8.868743689632277993e-01 3.379727169553037314e-01
8.964953944894484827e-01 3.420781848405437531e-01
9.061164200156692772e-01 3.461169563897323331e-01
9.157374455418899606e-01 3.500883728211630630e-01
9.253584710681107550e-01 3.539917767887222899e-01
9.349794965943314384e-01 3.578265124787431417e-01
9.446005221205522329e-01 3.615919257080970062e-01
9.542215476467729163e-01 3.652873640234985397e-01
9.638425731729935997e-01 3.689121768020074965e-01
9.734635986992143941e-01 3.724657153527056175e-01
9.830846242254351885e-01 3.759473330195131635e-01
9.927056497516558720e-01 3.793563852851206120e-01
1.002326675277876555e+00 3.826922298759972141e-01
1.011947700804097350e+00 3.859542268684321153e-01
1.021568726330317922e+00 3.891417387955663498e-01
1.031189751856538717e+00 3.922541307553600864e-01
1.040810777382759511e+00 3.952907705194395604e-01
1.050431802908980305e+00 3.982510286427573543e-01
1.060052828435201100e+00 4.011342785739926975e-01
1.069673853961421672e+00 4.039398967666162910e-01
1.079294879487642467e+00 4.066672627905263959e-01
1.088915905013863261e+00 4.093157594441615421e-01
1.098536930540083834e+00 4.118847728669808306e-01
1.108157956066304628e+00 4.143736926522002539e-01
1.117778981592525422e+00 4.167819119596457567e-01
1.127400007118746217e+00 4.191088276285937497e-01
1.137021032644966789e+00 4.213538402904383195e-01
1.146642058171187584e+00 4.235163544810217062e-01
1.156263083697408378e+00 4.255957787524449754e-01
1.165884109223628951e+00 4.275915257841655381e-01
1.175505134749849745e+00 4.295030124931649707e-01
1.185126160276070539e+00 4.313296601429601473e-01
1.194747185802291334e+00 4.330708944512113856e-01
1.204368211328512128e+00 4.347261456956567627e-01
1.213989236854732701e+00 4.362948488180927176e-01
1.223610262380953495e+00 4.377764435260905196e-01
1.233231287907174067e+00 4.391703743921223091e-01
1.242852313433394862e+00 4.404760909497481003e-01
1.252473338959615656e+00 4.416930477864908222e-01
1.262094364485836451e+00 4.428207046330045471e-01
1.271715390012057245e+00 4.438585264481175741e-01
1.281336415538277818e+00 4.448059834993066675e-01
1.290957441064498612e+00 4.456625514381372666e-01
1.300578466590719184e+00 4.464277113701784483e-01
1.310199492116939979e+00 4.471009499188801639e-01
1.319820517643160773e+00 4.476817593029214226e-01
1.329441543169381568e+00 4.481701361854493193e-01
1.339062568695602362e+00 4.485678761777335821e-01
1.348683594221823157e+00 4.488771813466576610e-01
1.358304619748043729e+00 4.491002564675345976e-01
1.367925645274264523e+00 4.492393086908458288e-01
1.377546670800485096e+00 4.492965472183293452e-01
1.387167696326705890e+00 4.492741829884189242e-01
1.396788721852926685e+00 4.491744283710345509e-01
1.406409747379147479e+00 4.489994968716974899e-01
1.416030772905368273e+00 4.487516028449448080e-01
1.425651798431588846e+00 4.484329612169929424e-01
1.435272823957809640e+00 4.480457872175921952e-01
1.444893849484030213e+00 4.475922961209992668e-01
1.454514875010251007e+00 4.470747029959782348e-01
1.464135900536471802e+00 4.464952224647298906e-01
1.473756926062692596e+00 4.458560684706297517e-01
1.483377951588913390e+00 4.451594540546451872e-01
1.492998977115133963e+00 4.444075911402823320e-01
1.502620002641354757e+00 4.436026903268997512e-01
1.512241028167575330e+00 4.427469606912077804e-01
1.521862053693796124e+00 4.418426095967604716e-01
1.531483079220016918e+00 4.408917010056653263e-01
1.541104104746237713e+00 4.398953132915279229e-01
1.550725130272458507e+00 4.388541071090461543e-01
1.560346155798679302e+00 4.377687424064760635e-01
1.569967181324899874e+00 4.366398798924873703e-01
1.579588206851120669e+00 4.354681809744567200e-01
1.589209232377341241e+00 4.342543076963329973e-01
1.598830257903562035e+00 4.329989226760165288e-01
1.608451283429782830e+00 4.317026890422079877e-01
1.618072308956003624e+00 4.303662703706679915e-01
1.627693334482224419e+00 4.289903306198376565e-01
1.637314360008444991e+00 4.275755340657645398e-01
1.646935385534665786e+00 4.261225452362792376e-01
1.656556411060886358e+00 4.246320288443641844e-01
1.666177436587107152e+00 4.231046497206635837e-01
1.675798462113327947e+00 4.215410727450740747e-01
1.685419487639548741e+00 4.199419627773640640e-01
1.695040513165769536e+00 4.183079845867647695e-01
1.704661538691990108e+00 4.166398027428668271e-01
1.714282564218210902e+00 4.149380553574898434e-01
1.723903589744431475e+00 4.132033078984408969e-01
1.733524615270652269e+00 4.114361125294231925e-01
1.743145640796873064e+00 4.096370203105962893e-01
1.752766666323093858e+00 4.078065811776233063e-01
1.762387691849314653e+00 4.059453439221231141e-01
1.772008717375535225e+00 4.040538561735368961e-01
1.781629742901756019e+00 4.021326643824129077e-01
1.791250768427976814e+00 4.001823138051123219e-01
1.800871793954197386e+00 3.982033484899402120e-01
1.810492819480418181e+00 3.961963112646953444e-01
1.820113845006638975e+00 3.941617437256405565e-01
1.829734870532859770e+00 3.921001862278786221e-01
1.839355896059080342e+00 3.900121778771307168e-01
1.848976921585301136e+00 3.878982565228957236e-01
1.858597947111521931e+00 3.857589587529797193e-01
1.868218972637742725e+00 3.835948216634167407e-01
1.877839998163963298e+00 3.814066511139793114e-01
1.887461023690184092e+00 3.791958084174715804e-01
1.897082049216404886e+00 3.769637212759287537e-01
1.906703074742625459e+00 3.747118148265615734e-01
1.916324100268846253e+00 3.724415115999912262e-01
1.925945125795067048e+00 3.701542314831187674e-01
1.935566151321287842e+00 3.678513916865962519e-01
1.945187176847508415e+00 3.655344067168661004e-01
1.954808202373729209e+00 3.632046883527328962e-01
1.964429227899950003e+00 3.608636456264254777e-01
1.974050253426170798e+00 3.585126848091002572e-01
1.983671278952391370e+00 3.561532094007405225e-01
1.993292304478612165e+00 3.537866201243929920e-01
2.002913330004832737e+00 3.514143149246893860e-01
2.012534355531053532e+00 3.490376889705865127e-01
2.022155381057274326e+00 3.466581346622638615e-01
2.031776406583495120e+00 3.442770416421082613e-01
2.041397432109715915e+00 3.418957968097156019e-01
2.051018457635936265e+00 3.395157843408342369e-01
2.060639483162157504e+00 3.371383857101720172e-01
2.070260508688377854e+00 3.347649797179892972e-01
2.079881534214599093e+00 3.323969425203911476e-01
2.089502559740819443e+00 3.300356476632391733e-01
2.099123585267040237e+00 3.276824661195874566e-01
2.108744610793261032e+00 3.253387663305640221e-01
2.118365636319481382e+00 3.230059142495975144e-01
2.127986661845702621e+00 3.206852733898996610e-01
2.137607687371922971e+00 3.183782048751125915e-01
2.147228712898144209e+00 3.160860674930189296e-01
2.156849738424364560e+00 3.138102120581047205e-01
2.166470763950585354e+00 3.115510748663983254e-01
2.176091789476806149e+00 3.093071852415611445e-01
2.185712815003026943e+00 3.070768357685234040e-01
2.195333840529247738e+00 3.048583216741055368e-01
2.204954866055468088e+00 3.026499407938544328e-01
2.214575891581689326e+00 3.004499935441624636e-01
2.224196917107909677e+00 2.982567828996594006e-01
2.233817942634130471e+00 2.960686143758587963e-01
2.243438968160351266e+00 2.938837960170490038e-01
2.253059993686572060e+00 2.917006383894122368e-01
2.262681019212792854e+00 2.895174545793533505e-01
2.272302044739013205e+00 2.873325601970234677e-01
2.281923070265234443e+00 2.851442733850165778e-01
2.291544095791454794e+00 2.829511048070396662e-01
2.301165121317675588e+00 2.807540208765119116e-01
2.310786146843896383e+00 2.785556939804160748e-01
2.320407172370117177e+00 2.763588271715198830e-01
2.330028197896337971e+00 2.741661195169277088e-01
2.339649223422558322e+00 2.719802661364535412e-01
2.349270248948779560e+00 2.698039582472103182e-01
2.358891274474999911e+00 2.676398832139649242e-01
2.368512300001220705e+00 2.654907246047952252e-01
2.378133325527441500e+00 2.633591622515927821e-01
2.387754351053662294e+00 2.612478723149321280e-01
2.397375376579883088e+00 2.591595273528268240e-01
2.406996402106103439e+00 2.570967963928635913e-01
2.416617427632324677e+00 2.550620314782022224e-01
2.426238453158545028e+00 2.530551798872557878e-01
2.435859478684765822e+00 2.510750785588316547e-01
2.445480504210986616e+00 2.491205599586021613e-01
2.455101529737207411e+00 2.471904580595774004e-01
2.464722555263428205e+00 2.452836082383376970e-01
2.474343580789648556e+00 2.433988471055865688e-01
2.483964606315869794e+00 2.415350122668848964e-01
2.493585631842090145e+00 2.396909420093707443e-01
2.503206657368311383e+00 2.378654749102625532e-01
2.512827682894531733e+00 2.360574493630218373e-01
2.522448708420752528e+00 2.342657030171881039e-01
2.532069733946973322e+00 2.324890364582440638e-01
2.541690759473193673e+00 2.307256401855246053e-01
2.551311784999414911e+00 2.289731973756537198e-01
2.560932810525635261e+00 2.272293814078319152e-01
2.570553836051856500e+00 2.254918725488479214e-01
2.580174861578076850e+00 2.237583585705590072e-01
2.589795887104297645e+00 2.220265351096393502e-01
2.599416912630518439e+00 2.202941057531721536e-01
2.609037938156739234e+00 2.185587818336469923e-01
2.618658963682960028e+00 2.168182819168071040e-01
2.628279989209180378e+00 2.150703309655360995e-01
2.637901014735401617e+00 2.133126591625546797e-01
2.647522040261621967e+00 2.115438742344912249e-01
2.657143065787842762e+00 2.097674542334518888e-01
2.666764091314063556e+00 2.079885550749663581e-01
2.676385116840284351e+00 2.062123241860241984e-01
2.686006142366505145e+00 2.044439002466447997e-01
2.695627167892725495e+00 2.026884142968019831e-01
2.705248193418946734e+00 2.009509905402005470e-01
2.714869218945167084e+00 1.992367468226751426e-01
2.724490244471387879e+00 1.975507947622753002e-01
2.734111269997608673e+00 1.958982395072907390e-01
2.743732295523829467e+00 1.942841790975168847e-01
2.753353321050050262e+00 1.927131406853495321e-01
2.762974346576271056e+00 1.911836269833997182e-01
2.772595372102491407e+00 1.896904957013205439e-01
2.782216397628712201e+00 1.882285594730233880e-01
2.791837423154932996e+00 1.867926375676736972e-01
2.801458448681153790e+00 1.853775564628771799e-01
2.811079474207374584e+00 1.839781503496890902e-01
2.820700499733595379e+00 1.825892615605030911e-01
2.830321525259816173e+00 1.812057409102878214e-01
2.839942550786036524e+00 1.798224479411252297e-01
2.849563576312257318e+00 1.784342510595737508e-01
2.859184601838478113e+00 1.770369706189877101e-01
2.868805627364698907e+00 1.756313359143865938e-01
2.878426652890919701e+00 1.742196632931957145e-01
2.888047678417140496e+00 1.728042669865998415e-01
2.897668703943361290e+00 1.713874582988876016e-01
2.907289729469582085e+00 1.699715456225308896e-01
2.916910754995802435e+00 1.685588344608627276e-01
2.926531780522023229e+00 1.671516274580191475e-01
2.936152806048244024e+00 1.657522244358065611e-01
2.945773831574464818e+00 1.643629224371497555e-01
2.955394857100685613e+00 1.629860157757719030e-01
2.965015882626906407e+00 1.616237960917534244e-01
2.974636908153127202e+00 1.602785524126053018e-01
2.984257933679347552e+00 1.589525712194867768e-01
2.993878959205568346e+00 1.576481365181834071e-01
3.003499984731789141e+00 1.563675299144494657e-01
3.013121010258009935e+00 1.551130306932987368e-01
3.022742035784230730e+00 1.538869159018091126e-01
3.032363061310451524e+00 1.526914604349804416e-01
3.041984086836672319e+00 1.515289371241524685e-01
3.051605112362892669e+00 1.504014909143991108e-01
3.061226137889113463e+00 1.493076919729511287e-01
3.070847163415334258e+00 1.482421181718511505e-01
3.080468188941555052e+00 1.471991437018868587e-01
3.090089214467775847e+00 1.461731497427845028e-01
3.099710239993996641e+00 1.451585241809402183e-01
3.109331265520217435e+00 1.441496612768664864e-01
3.118952291046438230e+00 1.431409612752534144e-01
3.128573316572658580e+00 1.421268299504117871e-01
3.138194342098879375e+00 1.411016780798526327e-01
3.147815367625100169e+00 1.400605344053209023e-01
3.157436393151320964e+00 1.390045568508603835e-01
3.167057418677541758e+00 1.379384214765807803e-01
3.176678444203762552e+00 1.368668405053103387e-01
3.186299469729983347e+00 1.357945209689402633e-01
3.195920495256203697e+00 1.347261651248045644e-01
3.205541520782424492e+00 1.336664705082614701e-01
3.215162546308645286e+00 1.326201295986328133e-01
3.224783571834866081e+00 1.315918290756511178e-01
3.234404597361086875e+00 1.305862286629033142e-01
3.244025622887307669e+00 1.296054289907901946e-01
3.253646648413528464e+00 1.286465001224088855e-01
3.263267673939748814e+00 1.277059284257605065e-01
3.272888699465969609e+00 1.267802064987992305e-01
3.282509724992190403e+00 1.258658342437695699e-01
3.292130750518411197e+00 1.249593195486195379e-01
3.301751776044631992e+00 1.240571785552200407e-01
3.311372801570852786e+00 1.231559354941559742e-01
3.320993827097073581e+00 1.222521221252552692e-01
3.330614852623293931e+00 1.213433926919694344e-01
3.340235878149514726e+00 1.204313726341200291e-01
3.349856903675735520e+00 1.195185645721139195e-01
3.359477929201956314e+00 1.186074660242591727e-01
3.369098954728177109e+00 1.177005701092786460e-01
3.378719980254397903e+00 1.168003660220231915e-01
3.388341005780618698e+00 1.159093392702867098e-01
3.397962031306839492e+00 1.150299716598914973e-01
3.407583056833059842e+00 1.141647408137353020e-01
3.417204082359280637e+00 1.133154819428637272e-01
3.426825107885501431e+00 1.124819745705511187e-01
3.436446133411722226e+00 1.116635850009993630e-01
3.446067158937943020e+00 1.108596783282423670e-01
3.455688184464163815e+00 1.100696182643218224e-01
3.465309209990384609e+00 1.092927669610663927e-01
3.474930235516604959e+00 1.085284848253944279e-01
3.484551261042825754e+00 1.077761303280628663e-01
3.494172286569046548e+00 1.070350548574167254e-01
3.503793312095267343e+00 1.063043003577698042e-01
3.513414337621488137e+00 1.055824289201938715e-01
3.523035363147708932e+00 1.048679684148500629e-01
3.532656388673929726e+00 1.041594559597668751e-01
3.542277414200150076e+00 1.034554385300907042e-01
3.551898439726370871e+00 1.027544732113147008e-01
3.561519465252591665e+00 1.020551270826250828e-01
3.571140490778812460e+00 1.013559767164210618e-01
3.580761516305033254e+00 1.006557646324249544e-01
3.590382541831254049e+00 9.995444190680977115e-02
3.600003567357474843e+00 9.925251388989869694e-02
3.609624592883695637e+00 9.855048617923176102e-02
3.619245618409915988e+00 9.784886170698020580e-02
3.628866643936136782e+00 9.714814081989879557e-02
3.638487669462357577e+00 9.644882135937729584e-02
3.648108694988578371e+00 9.575139874168589471e-02
3.657729720514799165e+00 9.505636603851047584e-02
3.667350746041019960e+00 9.436421405786907246e-02
3.676971771567240754e+00 9.367543142550315005e-02
3.686592797093461105e+00 9.299050466683213279e-02
3.696213822619681899e+00 9.230991828956103262e-02
3.705834848145902694e+00 9.163415486702647383e-02
3.715455873672123488e+00 9.096369512236605892e-02
3.725076899198344282e+00 9.029901801359119240e-02
3.734697924724565077e+00 8.964059911727904895e-02
3.744318950250785871e+00 8.898875002718611982e-02
3.753939975777006222e+00 8.834348831879357267e-02
3.763561001303227016e+00 8.770480358275738186e-02
3.773182026829447810e+00 8.707268902673089006e-02
3.782803052355668605e+00 8.644714077708806621e-02
3.792424077881889399e+00 8.582815600190323024e-02
3.802045103408110194e+00 8.521572979556912841e-02
3.811666128934330988e+00 8.460984894897052855e-02
3.821287154460551783e+00 8.401031689975435590e-02
3.830908179986772133e+00 8.341661721406261332e-02
3.840529205512992927e+00 8.282819914752370671e-02
3.850150231039213722e+00 8.224451527728451894e-02
3.859771256565434516e+00 8.166502539358359847e-02
3.869392282091655311e+00 8.108919945589906919e-02
3.879013307617876105e+00 8.051651956794202147e-02
3.888634333144096900e+00 7.994650098491690171e-02
3.898255358670317250e+00 7.937930737856825625e-02
3.907876384196538044e+00 7.881585838837529279e-02
3.917497409722758839e+00 7.825711555261893881e-02
3.927118435248979633e+00 7.770403874357352525e-02
3.936739460775200428e+00 7.715758624975005420e-02
3.946360486301421222e+00 7.661871485583698904e-02
3.955981511827642016e+00 7.608837991994005234e-02
3.965602537353862367e+00 7.556740529042976773e-02
3.975223562880083161e+00 7.505546071956221976e-02
3.984844588406303956e+00 7.455161356149700436e-02
3.994465613932524750e+00 7.405492624774925869e-02
4.004086639458745545e+00 7.356446151168122283e-02
4.013707664984966783e+00 7.307928236702981861e-02
4.023328690511187133e+00 7.259845208698580132e-02
4.032949716037407484e+00 7.212103418379266218e-02
4.042570741563627834e+00 7.164609238883694331e-02
4.052191767089849073e+00 7.117269063320438849e-02
4.061812792616070311e+00 7.069989302868093239e-02
4.071433818142290662e+00 7.022676384918165315e-02
4.081054843668511012e+00 6.975236751259708545e-02
4.090675869194732250e+00 6.927576856305385500e-02
4.100296894720953489e+00 6.879603165359195194e-02
4.109917920247173839e+00 6.831250091670354463e-02
4.119538945773394190e+00 6.782673370505470922e-02
4.129159971299614540e+00 6.734133951104141758e-02
4.138780996825835778e+00 6.685893279716460802e-02
4.148402022352057017e+00 6.638212664176912359e-02
4.158023047878277367e+00 6.591353282596525143e-02
4.167644073404497718e+00 6.545576192629749823e-02
4.177265098930718068e+00 6.501134151964832464e-02
4.186886124456939307e+00 6.458081430911954968e-02
4.196507149983160545e+00 6.416268137870655142e-02
4.206128175509380895e+00 6.375535060427285627e-02
4.215749201035601246e+00 6.335723001542913069e-02
4.225370226561822484e+00 6.296672771762083787e-02
4.234991252088043723e+00 6.258225177129793371e-02
4.244612277614264073e+00 6.220221002610632627e-02
4.254233303140484423e+00 6.182500990809775693e-02
4.263854328666704774e+00 6.144905815809516975e-02
4.273475354192926012e+00 6.107276051958727969e-02
4.283096379719147251e+00 6.069452137486602145e-02
4.292717405245367601e+00 6.031274332857702869e-02
4.302338430771587952e+00 5.992582673843034613e-02
4.311959456297809190e+00 5.953218329565033995e-02
4.321580481824029540e+00 5.913168726978441925e-02
4.331201507350250779e+00 5.872693770354028842e-02
4.340822532876471129e+00 5.832083283255128786e-02
4.350443558402691480e+00 5.791627431405332177e-02
4.360064583928912718e+00 5.751616797671560422e-02
4.369685609455133957e+00 5.712342434609259112e-02
4.379306634981354307e+00 5.674092899429462183e-02
4.388927660507574657e+00 5.636960640508166531e-02
4.398548686033795008e+00 5.600723836086017593e-02
4.408169711560016246e+00 5.565133099712711584e-02
4.417790737086237485e+00 5.529939676617261213e-02
4.427411762612457835e+00 5.494895262800278402e-02
4.437032788138678185e+00 5.459751770791604342e-02
4.446653813664899424e+00 5.424270582800663765e-02
4.456274839191120662e+00 5.388453370587893698e-02
4.465895864717341013e+00 5.352554172523560361e-02
4.475516890243561363e+00 5.316838541838751764e-02
4.485137915769781713e+00 5.281571854456600795e-02
4.494758941296002952e+00 5.247019297385536324e-02
4.504379966822224191e+00 5.213445479268655897e-02
4.514000992348444541e+00 5.181074352224557256e-02
4.523622017874664891e+00 5.149774770665775658e-02
4.533243043400885242e+00 5.119229025448750192e-02
4.542864068927106480e+00 5.089119561206471853e-02
4.552485094453327719e+00 5.059131237304811263e-02
4.562106119979548069e+00 5.028951332012863290e-02
4.571727145505768419e+00 4.998269052579199651e-02
4.581348171031989658e+00 4.966899870563082353e-02
4.590969196558210896e+00 4.935036537471829826e-02
4.600590222084431247e+00 4.902941315779648507e-02
4.610211247610651597e+00 4.870875949789554848e-02
4.619832273136871947e+00 4.839102246762812254e-02
4.629453298663093186e+00 4.807882138736462030e-02
4.639074324189314424e+00 4.777465337557229574e-02
4.648695349715534775e+00 4.747874820514495081e-02
4.658316375241755125e+00 4.718930795090632568e-02
4.667937400767975475e+00 4.690446671359981695e-02
4.677558426294196714e+00 4.662236784645971965e-02
4.687179451820417952e+00 4.634116719543160401e-02
4.696800477346638303e+00 4.605903402159818028e-02
4.706421502872858653e+00 4.577471896001975016e-02
4.716042528399079892e+00 4.548878906191758387e-02
4.725663553925301130e+00 4.520216642888421482e-02
4.735284579451521481e+00 4.491576887594564416e-02
4.744905604977741831e+00 4.463051105246541861e-02
4.754526630503962181e+00 4.434730534671590257e-02
4.764147656030184308e+00 4.406706256453668535e-02
4.773768681556404658e+00 4.379069237216824673e-02
4.783389707082625009e+00 4.351910349302700459e-02
4.793010732608845359e+00 4.325320364788701882e-02
4.802631758135065709e+00 4.299389922764645933e-02
4.812252783661287836e+00 4.274209468759705699e-02
4.821873809187508186e+00 4.249866040879071716e-02
4.831494834713728537e+00 4.226322510431741036e-02
4.841115860239948887e+00 4.203379577973172937e-02
4.850736885766169237e+00 4.180827461026817571e-02
4.860357911292391364e+00 4.158456988619122635e-02
4.869978936818611714e+00 4.136059600998862745e-02
4.879599962344832065e+00 4.113427606591926744e-02
4.889220987871052415e+00 4.090460232565587551e-02
4.898842013397274542e+00 4.067311377075991108e-02
4.908463038923494892e+00 4.044171774437849143e-02
4.918084064449715243e+00 4.021231846066265769e-02
4.927705089975935593e+00 3.998681714982670748e-02
4.937326115502155943e+00 3.976711055442664483e-02
4.946947141028378070e+00 3.955420676136883751e-02
4.956568166554598420e+00 3.934588642449325657e-02
4.966189192080818771e+00 3.913920143992437317e-02
4.975810217607039121e+00 3.893121592785909330e-02
4.985431243133259471e+00 3.871900582418812825e-02
4.995052268659481598e+00 3.849965497583875823e-02
5.004673294185701948e+00 3.827129428537778821e-02
5.014294319711922299e+00 3.803681315269465124e-02
5.023915345238142649e+00 3.780045055939262183e-02
5.033536370764364776e+00 3.756644637284014404e-02
5.043157396290585126e+00 3.733904497809536344e-02
5.052778421816805476e+00 3.712249422927406395e-02
5.062399447343025827e+00 3.691987349040501409e-02
5.072020472869246177e+00 3.672889949098223639e-02
5.081641498395468304e+00 3.654575151377744552e-02
5.091262523921688654e+00 3.636661452307829445e-02
5.100883549447909004e+00 3.618768231685468018e-02
5.110504574974129355e+00 3.600515681320978073e-02
5.120125600500351482e+00 3.581641788794370090e-02
5.129746626026571832e+00 3.562327887032491758e-02
5.139367651552792182e+00 3.542859644057236995e-02
5.148988677079012533e+00 3.523522706074964234e-02
5.158609702605232883e+00 3.504602897688076368e-02
5.168230728131455010e+00 3.486385895063398577e-02
5.177851753657675360e+00 3.469045638825101613e-02
5.187472779183895710e+00 3.452468754487108410e-02
5.197093804710116061e+00 3.436496220060479556e-02
5.206714830236336411e+00 3.420969155439463477e-02
5.216335855762558538e+00 3.405729017829252359e-02
5.225956881288778888e+00 3.390617719351966819e-02
5.235577906814999238e+00 3.375477664191445931e-02
5.245198932341219589e+00 3.360151702714101601e-02
5.254819957867441715e+00 3.344482999955541297e-02
5.264440983393662066e+00 3.328314815678685284e-02
5.274062008919882416e+00 3.311490192875486682e-02
5.283683034446102766e+00 3.293870752954281694e-02
5.293304059972323117e+00 3.275605371771644903e-02
5.302925085498545243e+00 3.257065086673060356e-02
5.312546111024765594e+00 3.238627539966870694e-02
5.322167136550985944e+00 3.220671574468678827e-02
5.331788162077206294e+00 3.203577045963676428e-02
5.341409187603426645e+00 3.187633811178341992e-02
5.351030213129648772e+00 3.172663598786520933e-02
5.360651238655869122e+00 3.158336706909786046e-02
5.370272264182089472e+00 3.144323493727874813e-02
5.379893289708309823e+00 3.130294837741295910e-02
5.389514315234531949e+00 3.115924401142557143e-02
5.399135340760752300e+00 3.101087193566899256e-02
5.408756366286972650e+00 3.086011272557931742e-02
5.418377391813193000e+00 3.070960388875934588e-02
5.427998417339413351e+00 3.056198562444525577e-02
5.437619442865635477e+00 3.041990258437308331e-02
5.447240468391855828e+00 3.028567982127991151e-02
5.456861493918076178e+00 3.015848195679885976e-02
5.466482519444296528e+00 3.003568519567093031e-02
5.476103544970518655e+00 2.991464427936696424e-02
5.485724570496739005e+00 2.979271353319895912e-02
5.495345596022959356e+00 2.966725267738239483e-02
5.504966621549179706e+00 2.953688577964930922e-02
5.514587647075400056e+00 2.940306721120361511e-02
5.524208672601622183e+00 2.926763599093665583e-02
5.533829698127842533e+00 2.913243237458279164e-02
5.543450723654062884e+00 2.899929832046176797e-02
5.553071749180283234e+00 2.886992410543863519e-02
5.562692774706503585e+00 2.874459611820946378e-02
5.572313800232725711e+00 2.862284670641317488e-02
5.581934825758946062e+00 2.850420051426144283e-02
5.591555851285166412e+00 2.838818175709700506e-02
5.601176876811386762e+00 2.827431639022048859e-02
5.610797902337608889e+00 2.816226759910907262e-02
5.620418927863829239e+00 2.805191801392791992e-02
5.630039953390049590e+00 2.794316982235478183e-02
5.639660978916269940e+00 2.783592510410325127e-02
5.649282004442490290e+00 2.773008582338280792e-02
5.658903029968712417e+00 2.762555381895023809e-02
5.668524055494932767e+00 2.752223079180258353e-02
5.678145081021153118e+00 2.742001829058210091e-02
5.687766106547373468e+00 2.731881769479026570e-02
5.697387132073593818e+00 2.721853019593926948e-02
5.707008157599815945e+00 2.711903164281325232e-02
5.716629183126036295e+00 2.701988126626949163e-02
5.726250208652256646e+00 2.692042169125965362e-02
5.735871234178476996e+00 2.681999083653818783e-02
5.745492259704699123e+00 2.671792600754104713e-02
5.755113285230919473e+00 2.661358441710481859e-02
5.764734310757139824e+00 2.650724011440713443e-02
5.774355336283360174e+00 2.640043158436443729e-02
5.783976361809580524e+00 2.629479210136029602e-02
5.793597387335802651e+00 2.619195787995350772e-02
5.803218412862023001e+00 2.609356625253584847e-02
5.812839438388243352e+00 2.600061719823714562e-02
5.822460463914463702e+00 2.591249862947585941e-02
5.832081489440684052e+00 2.582834657166069650e-02
5.841702514966906179e+00 2.574729545265773759e-02
5.851323540493126529e+00 2.566847837964834900e-02
5.860944566019346880e+00 2.559112471959685067e-02
5.870565591545567230e+00 2.551487615236448098e-02
5.880186617071789357e+00 2.543948343166645490e-02
5.889807642598009707e+00 2.536469692575185272e-02
5.899428668124230057e+00 2.529026656091145839e-02
5.909049693650450408e+00 2.521594175685024780e-02
5.918670719176670758e+00 2.514147135332614816e-02
5.928291744702892885e+00 2.506660352829841870e-02
5.937912770229113235e+00 2.499108570793400971e-02
5.947533795755333585e+00 2.491466446894364389e-02
5.957154821281553936e+00 2.483716260535069956e-02
5.966775846807776063e+00 2.475905632843153695e-02
5.976396872333996413e+00 2.468115209038994687e-02
5.986017897860216763e+00 2.460426029907177015e-02
5.995638923386437114e+00 2.452919299519842888e-02
6.005259948912657464e+00 2.445669806933544604e-02
6.014880974438879591e+00 2.438686703047326931e-02
6.024501999965099941e+00 2.431941436654803598e-02
6.034123025491320291e+00 2.425405117052219228e-02
6.043744051017540642e+00 2.419048963258953536e-02
6.053365076543760992e+00 2.412844299510136584e-02
6.062986102069983119e+00 2.406762548605125701e-02
6.072607127596203469e+00 2.400775223050346033e-02
6.082228153122423819e+00 2.394853913937697656e-02
6.091849178648644170e+00 2.388970277503945153e-02
6.101470204174866296e+00 2.383097927507424676e-02
6.111091229701086647e+00 2.377227977664435332e-02
6.120712255227306997e+00 2.371360690734439919e-02
6.130333280753527347e+00 2.365496063174949218e-02
6.139954306279747698e+00 2.359633715778893664e-02
6.149575331805969824e+00 2.353779844951126715e-02
6.159196357332190175e+00 2.347991507316989426e-02
6.168817382858410525e+00 2.342348450281752162e-02
6.178438408384630876e+00 2.336930613470636006e-02
6.188059433910851226e+00 2.331818066412904081e-02
6.197680459437073353e+00 2.327059128091463897e-02
6.207301484963293703e+00 2.322536058968622044e-02
6.216922510489514053e+00 2.318077838592244935e-02
6.226543536015734404e+00 2.313514260067009096e-02
6.236164561541956530e+00 2.308675852465622361e-02
6.245785587068176881e+00 2.303463487002901239e-02
6.255406612594397231e+00 2.298013278803950898e-02
6.265027638120617581e+00 2.292509884858086322e-02
6.274648663646837932e+00 2.287136894492535627e-02
6.284269689173060058e+00 2.282076060094347450e-02
6.293890714699280409e+00 2.277431874147961555e-02
6.303511740225500759e+00 2.273157264446462947e-02
6.313132765751721109e+00 2.269189442210281862e-02
6.322753791277941460e+00 2.265468324594140451e-02
6.332374816804163586e+00 2.261935866884424301e-02
6.341995842330383937e+00 2.258530511205144101e-02
6.351616867856604287e+00 2.255184500524014604e-02
6.361237893382824637e+00 2.251828439394798834e-02
6.370858918909046764e+00 2.248392084593892060e-02
6.380479944435267114e+00 2.244810756711767413e-02
6.390100969961487465e+00 2.241085310239265133e-02
6.399721995487707815e+00 2.237255097167051981e-02
6.409343021013928166e+00 2.233360302495793204e-02
6.418964046540150292e+00 2.229441819371165770e-02
6.428585072066370643e+00 2.225541494109604945e-02
6.438206097592590993e+00 2.221702264137280503e-02
6.447827123118811343e+00 2.217968190279848845e-02
6.457448148645033470e+00 2.214384385144100784e-02
6.467069174171253820e+00 2.210996605687487113e-02
6.476690199697474171e+00 2.207834135462898723e-02
6.486311225223694521e+00 2.204897413070109474e-02
6.495932250749914871e+00 2.202182948362573986e-02
6.505553276276136998e+00 2.199686047056096869e-02
6.515174301802357348e+00 2.197398807442371010e-02
6.524795327328577699e+00 2.195290448449267393e-02
6.534416352854798049e+00 2.193316628765831083e-02
6.544037378381018399e+00 2.191434413488024119e-02
6.553658403907240526e+00 2.189602640915523646e-02
6.563279429433460876e+00 2.187779631936202784e-02
6.572900454959681227e+00 2.185916821420114120e-02
6.582521480485901577e+00 2.183963478642802353e-02
6.592142506012123704e+00 2.181868352277462411e-02
6.601763531538344054e+00 2.179582030576833820e-02
6.611384557064564405e+00 2.177119713067714180e-02
6.621005582590784755e+00 2.174569237548143810e-02
6.630626608117005105e+00 2.172021444837932136e-02
6.640247633643227232e+00 2.169565941224132002e-02
6.649868659169447582e+00 2.167286410144076900e-02
6.659489684695667933e+00 2.165242949381376500e-02
6.669110710221888283e+00 2.163489887850836638e-02
6.678731735748108633e+00 2.162084459293958996e-02
6.688352761274330760e+00 2.161084586530096982e-02
6.697973786800551110e+00 2.160445297046507604e-02
6.707594812326771461e+00 2.159973867635893441e-02
6.717215837852991811e+00 2.159465029608904213e-02
6.726836863379213938e+00 2.158712245779571826e-02
6.736457888905434288e+00 2.157543542083842705e-02
6.746078914431654638e+00 2.155995605303344387e-02
6.755699939957874989e+00 2.154181338243630131e-02
6.765320965484095339e+00 2.152214128450289504e-02
6.774941991010317466e+00 2.150207775282287487e-02
6.784563016536537816e+00 2.148276503377753027e-02
6.794184042062758166e+00 2.146534955800472044e-02
6.803805067588978517e+00 2.145098167703148387e-02
6.813426093115200644e+00 2.144081521356694386e-02
6.823047118641420994e+00 2.143560971413270566e-02
6.832668144167641344e+00 2.143435918553351915e-02
6.842289169693861695e+00 2.143555950645580771e-02
6.851910195220082045e+00 2.143769696078502707e-02
6.861531220746304172e+00 2.143929403611719367e-02
6.871152246272524522e+00 2.143972326117949204e-02
6.880773271798744872e+00 2.143911516855028648e-02
6.890394297324965223e+00 2.143764355931069426e-02
6.900015322851185573e+00 2.143550070079888389e-02
6.909636348377407700e+00 2.143304588264695332e-02
6.919257373903628050e+00 2.143101080792037677e-02
6.928878399429848400e+00 2.143016942969943814e-02
6.938499424956068751e+00 2.143128244775954067e-02
6.948120450482290877e+00 2.143485090988003078e-02
6.957741476008511228e+00 2.143960370530590201e-02
6.967362501534731578e+00 2.144351049211466742e-02
6.976983527060951928e+00 2.144455737033122006e-02
6.986604552587172279e+00 2.144083975304145184e-02
6.996225578113394405e+00 2.143281868120467878e-02
7.005846603639614756e+00 2.142345637261332952e-02
7.015467629165835106e+00 2.141582377918781893e-02
7.025088654692055457e+00 2.141297577441330161e-02
7.034709680218275807e+00 2.141658864784098948e-02
7.044330705744497934e+00 2.142500763870573352e-02
7.053951731270718284e+00 2.143608915450407118e-02
7.063572756796938634e+00 2.144770102698284955e-02
7.073193782323158985e+00 2.145802789014255793e-02
7.082814807849381111e+00 2.146697603964974749e-02
7.092435833375601462e+00 2.147504953404026987e-02
7.102056858901821812e+00 2.148275055813610862e-02
7.111677884428042162e+00 2.149057904876152530e-02
7.121298909954262513e+00 2.149903287704967025e-02
7.130919935480484639e+00 2.150860796047670415e-02
7.140540961006704990e+00 2.151979830592331416e-02
7.150161986532925340e+00 2.153307641955512844e-02
7.159783012059145690e+00 2.154814311503464030e-02
7.169404037585366041e+00 2.156369376270500862e-02
7.179025063111588167e+00 2.157835751633954344e-02
7.188646088637808518e+00 2.159076874970515536e-02
7.198267114164028868e+00 2.160043483352242291e-02
7.207888139690249218e+00 2.160886510373397074e-02
7.217509165216471345e+00 2.161784602153445090e-02
7.227130190742691696e+00 2.162916056215571578e-02
7.236751216268912046e+00 2.164410682959722054e-02
7.246372241795132396e+00 2.166208534383063170e-02
7.255993267321352747e+00 2.168203661266492402e-02
7.265614292847574873e+00 2.170291002002610464e-02
7.275235318373795224e+00 2.172375251261743356e-02
7.284856343900015574e+00 2.174419307312008137e-02
7.294477369426235924e+00 2.176408716946748312e-02
7.304098394952458051e+00 2.178328714900161500e-02
7.313719420478678401e+00 2.180164231647386056e-02
7.323340446004898752e+00 2.181899940908870600e-02
7.332961471531119102e+00 2.183520289387658533e-02
7.342582497057339452e+00 2.185009509330878424e-02
7.352203522583561579e+00 2.186357576586161339e-02
7.361824548109781929e+00 2.187648025033230720e-02
7.371445573636002280e+00 2.189038983646327680e-02
7.381066599162222630e+00 2.190690797009471266e-02
7.390687624688442980e+00 2.192757933785093385e-02
7.400308650214665107e+00 2.195251590369261957e-02
7.409929675740885457e+00 2.198036968117941456e-02
7.419550701267105808e+00 2.200972576433292763e-02
7.429171726793326158e+00 2.203916772004328381e-02
7.438792752319548285e+00 2.206727747675678308e-02
7.448413777845768635e+00 2.209263516407025674e-02
7.458034803371988986e+00 2.211381890446784126e-02
7.467655828898209336e+00 2.212945063435858492e-02
7.477276854424429686e+00 2.214031486130592016e-02
7.486897879950651813e+00 2.215025128673581839e-02
7.496518905476872163e+00 2.216334201174210983e-02
7.506139931003092514e+00 2.218362875773774098e-02
7.515760956529312864e+00 2.221218024127690968e-02
7.525381982055533214e+00 2.224551332199832185e-02
7.535003007581755341e+00 2.227975346946290888e-02
7.544624033107975691e+00 2.231105742060247865e-02
7.554245058634196042e+00 2.233788187618997514e-02
7.563866084160416392e+00 2.236228947875274972e-02
7.573487109686638519e+00 2.238665735309066859e-02
7.583108135212858869e+00 2.241334041849742456e-02
7.592729160739079219e+00 2.244342006143389481e-02
7.602350186265299570e+00 2.247604175699094778e-02
7.611971211791519920e+00 2.251018987013644890e-02
7.621592237317742047e+00 2.254485543155408667e-02
7.631213262843962397e+00 2.257927886251790209e-02
7.640834288370182747e+00 2.261305044309892473e-02
7.650455313896403098e+00 2.264578981500655480e-02
7.660076339422623448e+00 2.267713631558782722e-02
7.669697364948845575e+00 2.270730375101063028e-02
7.679318390475065925e+00 2.273720526648046955e-02
7.688939416001286276e+00 2.276779309872501572e-02
7.698560441527506626e+00 2.279998826545542520e-02
7.708181467053728753e+00 2.283404653770575859e-02
7.717802492579949103e+00 2.286954783281205592e-02
7.727423518106169453e+00 2.290604191056248504e-02
7.737044543632389804e+00 2.294307888646129889e-02
7.746665569158610154e+00 2.298020935230061373e-02
7.756286594684832281e+00 2.301698448832044039e-02
7.765907620211052631e+00 2.305295616500179640e-02
7.775528645737272981e+00 2.308780951055465144e-02
7.785149671263493332e+00 2.312264429439116198e-02
7.794770696789715458e+00 2.315941812773944161e-02
7.804391722315935809e+00 2.320010354253079429e-02
7.814012747842156159e+00 2.324600254324509993e-02
7.823633773368376509e+00 2.329371869690786967e-02
7.833254798894596860e+00 2.333785173520566691e-02
7.842875824420818986e+00 2.337299330181572682e-02
7.852496849947039337e+00 2.339587398809942972e-02
7.862117875473259687e+00 2.341277805605828863e-02
7.871738900999480038e+00 2.343265137650157523e-02
7.881359926525700388e+00 2.346442541312260960e-02
7.890980952051922515e+00 2.351270961535789628e-02
7.900601977578142865e+00 2.357027987738278749e-02
7.910223003104363215e+00 2.362792305309448573e-02
7.919844028630583566e+00 2.367652912635139634e-02
7.929465054156805692e+00 2.371248548238505741e-02
7.939086079683026043e+00 2.374125464837465241e-02
7.948707105209246393e+00 2.376914237631603394e-02
7.958328130735466743e+00 2.380226704734676735e-02
7.967949156261687094e+00 2.384269973582231472e-02
7.977570181787909220e+00 2.388854992973412847e-02
7.987191207314129571e+00 2.393776644829397060e-02
7.996812232840349921e+00 2.398840483861951894e-02
8.006433258366570271e+00 2.403946611796337063e-02
8.016054283892790622e+00 2.409047061684147298e-02
8.025675309419012748e+00 2.414094314058505900e-02
8.035296334945233099e+00 2.419040765934757711e-02
8.044917360471453449e+00 2.423838744394109235e-02
8.054538385997673799e+00 2.428440518066386777e-02
8.064159411523895926e+00 2.432798306578235620e-02
8.073780437050116277e+00 2.436864288025374428e-02
8.083401462576336627e+00 2.440590604520460893e-02
8.093022488102556977e+00 2.443929365861648162e-02
8.102643513628777328e+00 2.446844860625965387e-02
8.112264539154999454e+00 2.449616458617489070e-02
8.121885564681219805e+00 2.452858916434328546e-02
8.131506590207440155e+00 2.457203201943504098e-02
8.141127615733660505e+00 2.463152517395396021e-02
8.150748641259882632e+00 2.470134576143639613e-02
8.160369666786102982e+00 2.477038205697210463e-02
8.169990692312323333e+00 2.482748272195772071e-02
8.179611717838543683e+00 2.486563065273316581e-02
8.189232743364764033e+00 2.489163293746856839e-02
8.198853768890986160e+00 2.491518744403872082e-02
8.208474794417206510e+00 2.494588517177432491e-02
8.218095819943426861e+00 2.498834431626095059e-02
8.227716845469647211e+00 2.504030112415605441e-02
8.237337870995867561e+00 2.509898562571930697e-02
8.246958896522089688e+00 2.516161821410859908e-02
8.256579922048310038e+00 2.522535123711104610e-02
8.266200947574530389e+00 2.528730479321512903e-02
8.275821973100750739e+00 2.534460920700508726e-02
8.285442998626972866e+00 2.539538591732382750e-02
8.295064024153193216e+00 2.544108068337430292e-02
8.304685049679413567e+00 2.548383775768178414e-02
8.314306075205633917e+00 2.552579944380272900e-02
8.323927100731854267e+00 2.556910739589323897e-02
8.333548126258076394e+00 2.561590231024363576e-02
8.343169151784296744e+00 2.566832203917684269e-02
8.352790177310517095e+00 2.572788621708485893e-02
8.362411202836737445e+00 2.579154771219531461e-02
8.372032228362957795e+00 2.585421122784130679e-02
8.381653253889179922e+00 2.591080007835743979e-02
8.391274279415400272e+00 2.595928752155199359e-02
8.400895304941620623e+00 2.600461492341646363e-02
8.410516330467840973e+00 2.605269474012755423e-02
8.420137355994063100e+00 2.610903585982126546e-02
8.429758381520283450e+00 2.617308192393280955e-02
8.439379407046503800e+00 2.623960311586512675e-02
8.449000432572724151e+00 2.630326525766098905e-02
8.458621458098944501e+00 2.636007494183451733e-02
8.468242483625166628e+00 2.641099859183839230e-02
8.477863509151386978e+00 2.645815658507750731e-02
8.487484534677607328e+00 2.650366556028233705e-02
8.497105560203827679e+00 2.654964105841042116e-02
8.506726585730048029e+00 2.659819878466786885e-02
8.516347611256270156e+00 2.665145451656600675e-02
8.525968636782490506e+00 2.671079915028880605e-02
8.535589662308710857e+00 2.677383916377855042e-02
8.545210687834931207e+00 2.683695059151508522e-02
8.554831713361153334e+00 2.689655844368199142e-02
8.564452738887373684e+00 2.695116469897737566e-02
8.574073764413594034e+00 2.700213341763083030e-02
8.583694789939814385e+00 2.705103675020688672e-02
8.593315815466034735e+00 2.709944641820738118e-02
8.602936840992256862e+00 2.714893408144995399e-02
8.612557866518477212e+00 2.720107142084908503e-02
8.622178892044697562e+00 2.725740823267514684e-02
8.631799917570917913e+00 2.731834208947343801e-02
8.641420943097140039e+00 2.738256675674028209e-02
8.651041968623360390e+00 2.744863865063583430e-02
8.660662994149580740e+00 2.751509261668542636e-02
8.670284019675801090e+00 2.758032984837941945e-02
8.679905045202021441e+00 2.764270205206922557e-02
8.689526070728243567e+00 2.770059776482160577e-02
8.699147096254463918e+00 2.775398492259594993e-02
8.708768121780684268e+00 2.780499672865587024e-02
8.718389147306904619e+00 2.785592191759953679e-02
8.728010172833124969e+00 2.790866848917787982e-02
8.737631198359347096e+00 2.796317580061715227e-02
8.747252223885567446e+00 2.801875149257664066e-02
8.756873249411787796e+00 2.807473510473703499e-02
8.766494274938009923e+00 2.813130586156840918e-02
8.776115300464230273e+00 2.818957626460767696e-02
8.785736325990450624e+00 2.825071509897673569e-02
8.795357351516670974e+00 2.831535330106609710e-02
8.804978377042891324e+00 2.838207621512970485e-02
8.814599402569113451e+00 2.844898722119811041e-02
8.824220428095333801e+00 2.851427756598090210e-02
8.833841453621554152e+00 2.857748514175863230e-02
8.843462479147774502e+00 2.863919721026344026e-02
8.853083504673996629e+00 2.870002921553526515e-02
8.862704530200216979e+00 2.876059761951631558e-02
8.872325555726437329e+00 2.882152006583385551e-02
8.881946581252657680e+00 2.888341512399137875e-02
8.891567606778878030e+00 2.894670575274751675e-02
8.901188632305100157e+00 2.901027247357540473e-02
8.910809657831320507e+00 2.907226557990219909e-02
8.920430683357540858e+00 2.913087683241843626e-02
8.930051708883761208e+00 2.918616417089937159e-02
8.939672734409981558e+00 2.924066264392370662e-02
8.949293759936203685e+00 2.929707762645843150e-02
8.958914785462424035e+00 2.935755483928546503e-02
8.968535810988644386e+00 2.942212065797640205e-02
8.978156836514864736e+00 2.949030788828816557e-02
8.987777862041086863e+00 2.956152102859190348e-02
8.997398887567307213e+00 2.963349189347996154e-02
9.007019913093527563e+00 2.970283423197758385e-02
9.016640938619747914e+00 2.976618913697859359e-02
9.026261964145968264e+00 2.982290490307474423e-02
9.035882989672190391e+00 2.987691442712815323e-02
9.045504015198410741e+00 2.993260234683678064e-02
9.055125040724631091e+00 2.999354701210697402e-02
9.064746066250851442e+00 3.005963058519760603e-02
9.074367091777071792e+00 3.012968675549780595e-02
9.083988117303293919e+00 3.020254837297941392e-02
9.093609142829514269e+00 3.027706248053500804e-02
9.103230168355734619e+00 3.035208683376713207e-02
9.112851193881954970e+00 3.042648029336631962e-02
9.122472219408177097e+00 3.049910231991112206e-02
9.132093244934397447e+00 3.056881225697971952e-02
9.141714270460617797e+00 3.063446820243086871e-02
9.151335295986838148e+00 3.069566678774165308e-02
9.160956321513058498e+00 3.075488321171021902e-02
9.170577347039280625e+00 3.081529607946953062e-02
9.180198372565500975e+00 3.087956685357646017e-02
9.189819398091721325e+00 3.094526110751683740e-02
9.199440423617941676e+00 3.100706393951156020e-02
9.209061449144162026e+00 3.105986919200831586e-02
9.218682474670384153e+00 3.110638446478611666e-02
9.228303500196604503e+00 3.115860428467873491e-02
9.237924525722824853e+00 3.122904454636921123e-02
9.247545551249045204e+00 3.132216919429421653e-02
9.257166576775267330e+00 3.142250639736599016e-02
9.266787602301487681e+00 3.151155596790555791e-02
9.276408627827708031e+00 3.157482958828091574e-02
9.286029653353928381e+00 3.161928255583743713e-02
9.295650678880148732e+00 3.165901649735541196e-02
9.305271704406370858e+00 3.170728579237756112e-02
9.314892729932591209e+00 3.176699925641558730e-02
9.324513755458811559e+00 3.183417134728628445e-02
9.334134780985031909e+00 3.190473541598509016e-02
9.343755806511254036e+00 3.197615963199336442e-02
9.353376832037474387e+00 3.204782267016484387e-02
9.362997857563694737e+00 3.211922543367736610e-02
9.372618883089915087e+00 3.218987399579963105e-02
9.382239908616135438e+00 3.225927953246977842e-02
9.391860934142357564e+00 3.232695567625450822e-02
9.401481959668577915e+00 3.239269113877190492e-02
9.411102985194798265e+00 3.245747583977735828e-02
9.420724010721018615e+00 3.252263046886200853e-02
9.430345036247238966e+00 3.258929724515586407e-02
9.439966061773461092e+00 3.265714183841056384e-02
9.449587087299681443e+00 3.272511702970312686e-02
9.459208112825901793e+00 3.279228522266577212e-02
9.468829138352122143e+00 3.285932193298780196e-02
9.478450163878344270e+00 3.292823003841686275e-02
9.488071189404564620e+00 3.300100995490398009e-02
9.497692214930784971e+00 3.307782469477685283e-02
9.507313240457005321e+00 3.315635647806324665e-02
9.516934265983225671e+00 3.323411085235359469e-02
9.526555291509447798e+00 3.330859197255146148e-02
9.536176317035668148e+00 3.337730293287512889e-02
9.545797342561888499e+00 3.343774624596110995e-02
9.555418368088108849e+00 3.348927936847673204e-02
9.565039393614329200e+00 3.353771606203979211e-02
9.574660419140551326e+00 3.359027849766045570e-02
9.584281444666771677e+00 3.365295087429072407e-02
9.593902470192992027e+00 3.372483303954989381e-02
9.603523495719212377e+00 3.380265080035686764e-02
9.613144521245434504e+00 3.388312726953114640e-02
9.622765546771654854e+00 3.396298588463096679e-02
9.632386572297875205e+00 3.403894890330870504e-02
9.642007597824095555e+00 3.410800354876601659e-02
9.651628623350315905e+00 3.417097567132464098e-02
9.661249648876538032e+00 3.423156166337554956e-02
9.670870674402758382e+00 3.429344745417049756e-02
9.680491699928978733e+00 3.435804808346813732e-02
9.690112725455199083e+00 3.442441682095623290e-02
9.699733750981419433e+00 3.449149778193198040e-02
9.709354776507641560e+00 3.455884000365151004e-02
9.718975802033861910e+00 3.462688732718387230e-02
9.728596827560082261e+00 3.469619101026027302e-02
9.738217853086302611e+00 3.476694863254096990e-02
9.747838878612524738e+00 3.483868006161233710e-02
9.757459904138745088e+00 3.491085639974072369e-02
9.767080929664965439e+00 3.498277386267794470e-02
9.776701955191185789e+00 3.505328454564432539e-02
9.786322980717406139e+00 3.512121953137577884e-02
9.795944006243628266e+00 3.518613467737102818e-02
9.805565031769848616e+00 3.524968535291853056e-02
9.815186057296068967e+00 3.531392346636773316e-02
9.824807082822289317e+00 3.538047010933993708e-02
9.834428108348511444e+00 3.544924777279374883e-02
9.844049133874731794e+00 3.551976506862090932e-02
9.853670159400952144e+00 3.559154206014854271e-02
9.863291184927172495e+00 3.566411164533978689e-02
9.872912210453392845e+00 3.573701228581314948e-02
9.882533235979614972e+00 3.581001436594578868e-02
9.892154261505835322e+00 3.588427022613642492e-02
9.901775287032055672e+00 3.596144923816244066e-02
9.911396312558276023e+00 3.604256075982559260e-02
9.921017338084496373e+00 3.612399987831346054e-02
9.930638363610718500e+00 3.620024712531754590e-02
9.940259389136938850e+00 3.626683675557651476e-02
9.949880414663159200e+00 3.632739763036280795e-02
9.959501440189379551e+00 3.638930168313533886e-02
9.969122465715601678e+00 3.645886981206594712e-02
9.978743491241822028e+00 3.653338509396535788e-02
9.988364516768042378e+00 3.660558434604869321e-02
9.997985542294262729e+00 3.666927508571746902e-02
1.000760656782048308e+01 3.672819590776296023e-02
1.001722759334670521e+01 3.679143329621483577e-02
1.002684861887292556e+01 3.686693777315461218e-02
1.003646964439914591e+01 3.695116132264376907e-02
1.004609066992536626e+01 3.703410771830044357e-02
1.005571169545158661e+01 3.710664803825449581e-02
1.006533272097780873e+01 3.716883518236568928e-02
1.007495374650402908e+01 3.722595488168248951e-02
1.008457477203024943e+01 3.728335964366091132e-02
1.009419579755646978e+01 3.734640579728804727e-02
1.010381682308269191e+01 3.742043866416720072e-02
1.011343784860891226e+01 3.750943923831461663e-02
1.012305887413513261e+01 3.760489329743696429e-02
1.013267989966135296e+01 3.769154270653828076e-02
1.014230092518757331e+01 3.775624249577007319e-02
1.015192195071379544e+01 3.780419136909311112e-02
1.016154297624001579e+01 3.785009158273140023e-02
1.017116400176623614e+01 3.790729427228078235e-02
1.018078502729245649e+01 3.797755248138834361e-02
1.019040605281867862e+01 3.805709405697229458e-02
1.020002707834489897e+01 3.814176885825252411e-02
1.020964810387111932e+01 3.822447980798406031e-02
1.021926912939733967e+01 3.829682300420882146e-02
1.022889015492356002e+01 3.835275114518076761e-02
1.023851118044978215e+01 3.840079524081593809e-02
1.024813220597600250e+01 3.845503497704635260e-02
1.025775323150222285e+01 3.852604635003244182e-02
1.026737425702844320e+01 3.860601697131139931e-02
1.027699528255466355e+01 3.868114943827895280e-02
1.028661630808088567e+01 3.874093254526196628e-02
1.029623733360710602e+01 3.878910780236381750e-02
1.030585835913332637e+01 3.883328662477886911e-02
1.031547938465954672e+01 3.888107778866534137e-02
1.032510041018576885e+01 3.894009017882453516e-02
1.033472143571198920e+01 3.901792361408899790e-02
1.034434246123820955e+01 3.911612147281139096e-02
1.035396348676442990e+01 3.921919099231575834e-02
1.036358451229065025e+01 3.930871915657809662e-02
1.037320553781687238e+01 3.937655706241011133e-02
1.038282656334309273e+01 3.943720928941542303e-02
1.039244758886931308e+01 3.950807833634164407e-02
1.040206861439553343e+01 3.959531795726939363e-02
1.041168963992175378e+01 3.968586789980804025e-02
1.042131066544797591e+01 3.976503949753942835e-02
1.043093169097419626e+01 3.982731624194184306e-02
1.044055271650041661e+01 3.987914011572667172e-02
1.045017374202663696e+01 3.992776096838703687e-02
1.045979476755285908e+01 3.998044732296120174e-02
1.046941579307907944e+01 4.004449184765442038e-02
1.047903681860529979e+01 4.012634309881958627e-02
1.048865784413152014e+01 4.022066335091117883e-02
1.049827886965774049e+01 4.031355881169924882e-02
1.050789989518396261e+01 4.039223253334467412e-02
1.051752092071018296e+01 4.045551220192909053e-02
1.052714194623640331e+01 4.050832592810928168e-02
1.053676297176262366e+01 4.055575145784524188e-02
1.054638399728884401e+01 4.060295712327599560e-02
1.055600502281506614e+01 4.065513798903483411e-02
1.056562604834128649e+01 4.071612851056325560e-02
1.057524707386750684e+01 4.078485071375585747e-02
1.058486809939372719e+01 4.085921875877660675e-02
1.059448912491994932e+01 4.093667089288673122e-02
1.060411015044616967e+01 4.101309679860355717e-02
1.061373117597239002e+01 4.108417277512051158e-02
1.062335220149861037e+01 4.114840122620474355e-02
1.063297322702483072e+01 4.120879274811088677e-02
1.064259425255105285e+01 4.126876052699828684e-02
1.065221527807727320e+01 4.133171557907518168e-02
1.066183630360349355e+01 4.140106923375281439e-02
1.067145732912971390e+01 4.147970929826755998e-02
1.068107835465593602e+01 4.156401014762269031e-02
1.069069938018215637e+01 4.164592729608528054e-02
1.070032040570837673e+01 4.171846399279934003e-02
1.070994143123459708e+01 4.178238720973088960e-02
1.071956245676081743e+01 4.184172180397865981e-02
1.072918348228703955e+01 4.190016048308035923e-02
1.073880450781325990e+01 4.196004136943545793e-02
1.074842553333948025e+01 4.202337337894471864e-02
1.075804655886570060e+01 4.209216876866824636e-02
1.076766758439192095e+01 4.216844214396492374e-02
1.077728860991814308e+01 4.225403457185505224e-02
1.078690963544436343e+01 4.234373367465475019e-02
1.079653066097058378e+01 4.242300007831209530e-02
1.080615168649680413e+01 4.247784366159576552e-02
1.081577271202302626e+01 4.251244377583872358e-02
1.082539373754924661e+01 4.254510254527369556e-02
1.083501476307546696e+01 4.259294934708804381e-02
1.084463578860168731e+01 4.266171250534794845e-02
1.085425681412790766e+01 4.275210990449960363e-02
1.086387783965412979e+01 4.286023346237602394e-02
1.087349886518035014e+01 4.296517494990546165e-02
1.088311989070657049e+01 4.304224416535708253e-02
1.089274091623279084e+01 4.308311455847509824e-02
1.090236194175901119e+01 4.311114389294251614e-02
1.091198296728523331e+01 4.315256398323439463e-02
1.092160399281145367e+01 4.321482448059619369e-02
1.093122501833767402e+01 4.328575158717107990e-02
1.094084604386389437e+01 4.335330279742387327e-02
1.095046706939011649e+01 4.341510250096404511e-02
1.096008809491633684e+01 4.347413646696850209e-02
1.096970912044255719e+01 4.353343633314377820e-02
1.097933014596877754e+01 4.359602677555409617e-02
1.098895117149499789e+01 4.366490625551242011e-02
1.099857219702122002e+01 4.373956655500532004e-02
1.100819322254744037e+01 4.381206704192830426e-02
1.101781424807366072e+01 4.387391208768372936e-02
1.102743527359988107e+01 4.392643628951439089e-02
1.103705629912610142e+01 4.398145411931966148e-02
1.104667732465232355e+01 4.404983565168694298e-02
1.105629835017854390e+01 4.412962956643506907e-02
1.106591937570476425e+01 4.421227773269634925e-02
1.107554040123098460e+01 4.429061772018076659e-02
1.108516142675720673e+01 4.436252758698118470e-02
1.109478245228342708e+01 4.442713741691694390e-02
1.110440347780964743e+01 4.448475081276418580e-02
1.111402450333586778e+01 4.453770684947631897e-02
1.112364552886208813e+01 4.458868948855178316e-02
1.113326655438831025e+01 4.464075367504852926e-02
1.114288757991453060e+01 4.469718148709600491e-02
1.115250860544075096e+01 4.476056413641516657e-02
1.116212963096697131e+01 4.482916188122147705e-02
1.117175065649319343e+01 4.489959590040729087e-02
1.118137168201941378e+01 4.496847346304169712e-02
1.119099270754563413e+01 4.503239707346765736e-02
1.120061373307185448e+01 4.508816524100598550e-02
1.121023475859807483e+01 4.513795637532653365e-02
1.121985578412429696e+01 4.518989197443085137e-02
1.122947680965051731e+01 4.525102308051535266e-02
1.123909783517673766e+01 4.531702919795536216e-02
1.124871886070295801e+01 4.537807713274170235e-02
1.125833988622917836e+01 4.542831523853275988e-02
1.126796091175540049e+01 4.547424688440362267e-02
1.127758193728162084e+01 4.552460958231453747e-02
1.128720296280784119e+01 4.558341828177404909e-02
1.129682398833406154e+01 4.564871894091766108e-02
1.130644501386028367e+01 4.571817860716632237e-02
1.131606603938650402e+01 4.578947026737294895e-02
1.132568706491272437e+01 4.586027322145409119e-02
1.133530809043894472e+01 4.592940391559072882e-02
1.134492911596516507e+01 4.599933453087905882e-02
1.135455014149138719e+01 4.607318124243938579e-02
1.136417116701760754e+01 4.615099600596391655e-02
1.137379219254382789e+01 4.622898412114070238e-02
1.138341321807004825e+01 4.630311697527574044e-02
1.139303424359626860e+01 4.636937859344737733e-02
1.140265526912249072e+01 4.642376475404858677e-02
1.141227629464871107e+01 4.646528371821863346e-02
1.142189732017493142e+01 4.650164721604908846e-02
1.143151834570115177e+01 4.654197049703541478e-02
1.144113937122737390e+01 4.659118641776856945e-02
1.145076039675359425e+01 4.664969936687745483e-02
1.146038142227981460e+01 4.671650835033927529e-02
1.147000244780603495e+01 4.678253382304384256e-02
1.147962347333225530e+01 4.683540626465082513e-02
1.148924449885847743e+01 4.687129051610366970e-02
1.149886552438469778e+01 4.690561545287566525e-02
1.150848654991091813e+01 4.695570242220785395e-02
1.151810757543713848e+01 4.702362229671244037e-02
1.152772860096336061e+01 4.709881722510548402e-02
1.153734962648958096e+01 4.717150533324417083e-02
1.154697065201580131e+01 4.723694421908217894e-02
1.155659167754202166e+01 4.729189458253836575e-02
1.156621270306824201e+01 4.733652306569210988e-02
1.157583372859446413e+01 4.737609248663523370e-02
1.158545475412068448e+01 4.741628077280344439e-02
1.159507577964690483e+01 4.746276341233246487e-02
1.160469680517312518e+01 4.752120515482081975e-02
1.161431783069934554e+01 4.759241079767968091e-02
1.162393885622556766e+01 4.766407638512766554e-02
1.163355988175178801e+01 4.772265686258555378e-02
1.164318090727800836e+01 4.777313700697337351e-02
1.165280193280422871e+01 4.783738225147116802e-02
1.166242295833045084e+01 4.792926669982651433e-02
1.167204398385667119e+01 4.802197359734500931e-02
1.168166500938289154e+01 4.807733283727857326e-02
1.169128603490911189e+01 4.808849503272510928e-02
1.170090706043533224e+01 4.809382830947143972e-02
1.171052808596155437e+01 4.813026377372813663e-02
1.172014911148777472e+01 4.819542733365652504e-02
1.172977013701399507e+01 4.826834926685789201e-02
1.173939116254021542e+01 4.833483664767378868e-02
1.174901218806643577e+01 4.839583698175514703e-02
1.175863321359265790e+01 4.845420851152569541e-02
1.176825423911887825e+01 4.851140684998603986e-02
1.177787526464509860e+01 4.856790203818030227e-02
1.178749629017131895e+01 4.862414126479897708e-02
1.179711731569754107e+01 4.868056976319969087e-02
1.180673834122376142e+01 4.873763092492165022e-02
1.181635936674998177e+01 4.879576572367897574e-02
1.182598039227620212e+01 4.885541145665794199e-02
1.183560141780242247e+01 4.891600798097674868e-02
1.184522244332864460e+01 4.897255417112617720e-02
1.185484346885486495e+01 4.901897589956785706e-02
1.186446449438108530e+01 4.905463649320394859e-02
1.187408551990730565e+01 4.908567439402366367e-02
1.188370654543352600e+01 4.911835496622532493e-02
1.189332757095974813e+01 4.915721391009091057e-02
1.190294859648596848e+01 4.920605937912151534e-02
1.191256962201218883e+01 4.926345756642242640e-02
1.192219064753840918e+01 4.931994021151805963e-02
1.193181167306463131e+01 4.936695789834046749e-02
1.194143269859085166e+01 4.940738498411556545e-02
1.195105372411707201e+01 4.944912399278382498e-02
1.196067474964329236e+01 4.949694871742468111e-02
1.197029577516951271e+01 4.954992358108142869e-02
1.197991680069573484e+01 4.960650705126632559e-02
1.198953782622195519e+01 4.966515470133902460e-02
1.199915885174817554e+01 4.972432658776191478e-02
1.200877987727439589e+01 4.978306237964264663e-02
1.201840090280061801e+01 4.984157665703511236e-02
1.202802192832683836e+01 4.989989253527499918e-02
1.203764295385305871e+01 4.995470992569184948e-02
1.204726397937927906e+01 5.000092366415969519e-02
1.205688500490549941e+01 5.003811909943212122e-02
1.206650603043172154e+01 5.007582392322652842e-02
1.207612705595794189e+01 5.012377416261329377e-02
1.208574808148416224e+01 5.018136471392905390e-02
1.209536910701038259e+01 5.024218544774144285e-02
1.210499013253660294e+01 5.029975913707127738e-02
1.211461115806282507e+01 5.034760605902570407e-02
1.212423218358904542e+01 5.038031641732835381e-02
1.213385320911526577e+01 5.040241986013584141e-02
1.214347423464148612e+01 5.042380895892732695e-02
1.215309526016770825e+01 5.045118523242930753e-02
1.216271628569392860e+01 5.048485756887410858e-02
1.217233731122014895e+01 5.052438791941030877e-02
1.218195833674636930e+01 5.056934004267528426e-02
1.219157936227258965e+01 5.061928000071896916e-02
1.220120038779881178e+01 5.067377631342969563e-02
1.221082141332503213e+01 5.073239976594341033e-02
1.222044243885125248e+01 5.079441413234662972e-02
1.223006346437747283e+01 5.085690063142964124e-02
1.223968448990369318e+01 5.091599215076914736e-02
1.224930551542991530e+01 5.096765991032770754e-02
1.225892654095613565e+01 5.100765351282256915e-02
1.226854756648235600e+01 5.103357956568191356e-02
1.227816859200857635e+01 5.105361902666308987e-02
1.228778961753479848e+01 5.107948335159771813e-02
1.229741064306101883e+01 5.111660688411034242e-02
1.230703166858723918e+01 5.116281665797758893e-02
1.231665269411345953e+01 5.121513788177942117e-02
1.232627371963967988e+01 5.126914334747435104e-02
1.233589474516590201e+01 5.132018079300237207e-02
1.234551577069212236e+01 5.136664435104649346e-02
1.235513679621834271e+01 5.140976347621287884e-02
1.236475782174456306e+01 5.145087501961825155e-02
1.237437884727078341e+01 5.149131292837305640e-02
1.238399987279700554e+01 5.153245702688517837e-02
1.239362089832322589e+01 5.157632248573276734e-02
1.240324192384944624e+01 5.162534068404726895e-02
1.241286294937566659e+01 5.167741293675936348e-02
1.242248397490188871e+01 5.172059604820131856e-02
1.243210500042810907e+01 5.174463905169978534e-02
1.244172602595432942e+01 5.176256811853606477e-02
1.245134705148054977e+01 5.179810705364884527e-02
1.246096807700677012e+01 5.185731017764980827e-02
1.247058910253299224e+01 5.192022031268882926e-02
1.248021012805921259e+01 5.196857087882302689e-02
1.248983115358543294e+01 5.200250384217600108e-02
1.249945217911165329e+01 5.202792683351066538e-02
1.250907320463787542e+01 5.205339448284514170e-02
1.251869423016409577e+01 5.208995605821999109e-02
1.252831525569031612e+01 5.214351211564637045e-02
1.253793628121653647e+01 5.220464627651365264e-02
1.254755730674275682e+01 5.226116546698408860e-02
1.255717833226897895e+01 5.230088532431784176e-02
1.256679935779519930e+01 5.231187079462559092e-02
1.257642038332141965e+01 5.230181235370256337e-02
1.258604140884764000e+01 5.231207101937521142e-02
1.259566243437386035e+01 5.237582636161657729e-02
1.260528345990008248e+01 5.246355275621066711e-02
1.261490448542630283e+01 5.252617060786401310e-02
1.262452551095252318e+01 5.255342728294421645e-02
1.263414653647874353e+01 5.257355573376042146e-02
1.264376756200496565e+01 5.260557035489409755e-02
1.265338858753118600e+01 5.263768051054162206e-02
1.266300961305740636e+01 5.265508122712497796e-02
1.267263063858362671e+01 5.266420842876993330e-02
1.268225166410984706e+01 5.268284943569495615e-02
1.269187268963606918e+01 5.271676446855293185e-02
1.270149371516228953e+01 5.275350086710185737e-02
1.271111474068850988e+01 5.278228698799324048e-02
1.272073576621473023e+01 5.280613907804797974e-02
1.273035679174095058e+01 5.283182699514418768e-02
1.273997781726717271e+01 5.286611756185027877e-02
1.274959884279339306e+01 5.291571825171240834e-02
1.275921986831961341e+01 5.297891276315083720e-02
1.276884089384583376e+01 5.303672606094128605e-02
1.277846191937205589e+01 5.307261450684998966e-02
1.278808294489827624e+01 5.309726483128455327e-02
1.279770397042449659e+01 5.313071013886571520e-02
1.280732499595071694e+01 5.317633221625150952e-02
1.281694602147693729e+01 5.322115825985211657e-02
1.282656704700315942e+01 5.325626516060895377e-02
1.283618807252937977e+01 5.328485875820095086e-02
1.284580909805560012e+01 5.331206114622562969e-02
1.285543012358182047e+01 5.334299649751074457e-02
1.286505114910804259e+01 5.338247723527553973e-02
1.287467217463426294e+01 5.342627039875929434e-02
1.288429320016048329e+01 5.345992257866586522e-02
1.289391422568670365e+01 5.347454571374453403e-02
1.290353525121292400e+01 5.347890593805079001e-02
1.291315627673914612e+01 5.348493916731943132e-02
1.292277730226536647e+01 5.350458751793261275e-02
1.293239832779158682e+01 5.354916848931692841e-02
1.294201935331780717e+01 5.360997148523779371e-02
1.295164037884402752e+01 5.365461540579317262e-02
1.296126140437024965e+01 5.366405106052770518e-02
1.297088242989647000e+01 5.366228549871882025e-02
1.298050345542269035e+01 5.367761336221237717e-02
1.299012448094891070e+01 5.371007872905044639e-02
1.299974550647513283e+01 5.374653889194409145e-02
1.300936653200135318e+01 5.378165137176695032e-02
1.301898755752757353e+01 5.381892738169802293e-02
1.302860858305379388e+01 5.385940362596033926e-02
1.303822960858001423e+01 5.389625547656465981e-02
1.304785063410623636e+01 5.392269912988362918e-02
1.305747165963245671e+01 5.394110236395139452e-02
1.306709268515867706e+01 5.395754288598155618e-02
1.307671371068489741e+01 5.397498192039679871e-02
1.308633473621111776e+01 5.399334497146129896e-02
1.309595576173733988e+01 5.401244611438344584e-02
1.310557678726356023e+01 5.403211522384781390e-02
1.311519781278978058e+01 5.405330302195065356e-02
1.312481883831600094e+01 5.408297824303846119e-02
1.313443986384222306e+01 5.412887249959937030e-02
1.314406088936844341e+01 5.418013454285025565e-02
1.315368191489466376e+01 5.421201460769142083e-02
1.316330294042088411e+01 5.421816459651680048e-02
1.317292396594710446e+01 5.422337376300392919e-02
1.318254499147332659e+01 5.424470593081354847e-02
1.319216601699954694e+01 5.425830931439264843e-02
1.320178704252576729e+01 5.423712771194189736e-02
1.321140806805198764e+01 5.421615133207663417e-02
1.322102909357820799e+01 5.426220837592626856e-02
1.323065011910443012e+01 5.437579765105228502e-02
1.324027114463065047e+01 5.448016309841518384e-02
1.324989217015687082e+01 5.452176187565861698e-02
1.325951319568309117e+01 5.451521220426024800e-02
1.326913422120931330e+01 5.448549498633063759e-02
1.327875524673553365e+01 5.445759221893241991e-02
1.328837627226175400e+01 5.445502533535878653e-02
1.329799729778797435e+01 5.448072328872410192e-02
1.330761832331419470e+01 5.452221080549331245e-02
1.331723934884041682e+01 5.455723924081647136e-02
1.332686037436663717e+01 5.454939161500956674e-02
1.333648139989285752e+01 5.448956356809377122e-02
1.334610242541907787e+01 5.445834048223641144e-02
1.335572345094530000e+01 5.453567123184973470e-02
1.336534447647152035e+01 5.467444730029771827e-02
1.337496550199774070e+01 5.477720083511170013e-02
1.338458652752396105e+01 5.481027573191202956e-02
1.339420755305018140e+01 5.479462244229692247e-02
1.340382857857640353e+01 5.475624697696499649e-02
1.341344960410262388e+01 5.472666459801873995e-02
1.342307062962884423e+01 5.472896244795540793e-02
1.343269165515506458e+01 5.475598343877455254e-02
1.344231268068128493e+01 5.479419027042859575e-02
1.345193370620750706e+01 5.483004391793495219e-02
1.346155473173372741e+01 5.485055039989038955e-02
1.347117575725994776e+01 5.485208224166136792e-02
1.348079678278616811e+01 5.483900870268396122e-02
1.349041780831239024e+01 5.482382451833810177e-02
1.350003883383861059e+01 5.483142958343793782e-02
1.350965985936483094e+01 5.487346082576265854e-02
1.351928088489105129e+01 5.491777846377528943e-02
1.352890191041727164e+01 5.493020929703872068e-02
1.353852293594349376e+01 5.491515742514851972e-02
1.354814396146971411e+01 5.489165993837615692e-02
1.355776498699593446e+01 5.487878195368443845e-02
1.356738601252215481e+01 5.489513449199864142e-02
1.357700703804837516e+01 5.494213554891898971e-02
1.358662806357459729e+01 5.499915241557746387e-02
1.359624908910081764e+01 5.504965669067558853e-02
1.360587011462703799e+01 5.509013125299659641e-02
1.361549114015325834e+01 5.511891909176828974e-02
1.362511216567948047e+01 5.513436153307952475e-02
1.363473319120570082e+01 5.513479697031545973e-02
1.364435421673192117e+01 5.511855919496548573e-02
1.365397524225814152e+01 5.508521934169421930e-02
1.366359626778436187e+01 5.505844299998278318e-02
1.367321729331058400e+01 5.508297415417641452e-02
1.368283831883680435e+01 5.515688219878263354e-02
1.369245934436302470e+01 5.520400013497710201e-02
1.370208036988924505e+01 5.517931979073343457e-02
1.371170139541546540e+01 5.514175199008661266e-02
1.372132242094168753e+01 5.515080422675706917e-02
1.373094344646790788e+01 5.517965759066796594e-02
1.374056447199412823e+01 5.517995759415317281e-02
1.375018549752034858e+01 5.515434668119455208e-02
1.375980652304657070e+01 5.513257627552312773e-02
1.376942754857279105e+01 5.512719419837697893e-02
1.377904857409901140e+01 5.513461330015022310e-02
1.378866959962523175e+01 5.515063304950074824e-02
1.379829062515145210e+01 5.517104277736079032e-02
1.380791165067767423e+01 5.519162410700397675e-02
1.381753267620389458e+01 5.520815323538672686e-02
1.382715370173011493e+01 5.521785232306579416e-02
1.383677472725633528e+01 5.522432091726663106e-02
1.384639575278255741e+01 5.523294468610887020e-02
1.385601677830877776e+01 5.524913716972623678e-02
1.386563780383499811e+01 5.527689820946854460e-02
1.387525882936121846e+01 5.530002858490853240e-02
1.388487985488743881e+01 5.528848190074509006e-02
1.389450088041366094e+01 5.525084311972559836e-02
1.390412190593988129e+01 5.524142856194694251e-02
1.391374293146610164e+01 5.528234751191592883e-02
1.392336395699232199e+01 5.533062375551226625e-02
1.393298498251854234e+01 5.534952602881218486e-02
1.394260600804476447e+01 5.534245511394365880e-02
1.395222703357098482e+01 5.532031373864541163e-02
1.396184805909720517e+01 5.529401272440286758e-02
1.397146908462342552e+01 5.527446560584942797e-02
1.398109011014964764e+01 5.527257314911885461e-02
1.399071113567586799e+01 5.529695952536159420e-02
1.400033216120208834e+01 5.532430611834614903e-02
1.400995318672830869e+01 5.530953648068957784e-02
1.401957421225452904e+01 5.526133121911985802e-02
1.402919523778075117e+01 5.524834109113847119e-02
1.403881626330697152e+01 5.529324496856830029e-02
1.404843728883319187e+01 5.533664598450412780e-02
1.405805831435941222e+01 5.533913162899889437e-02
1.406767933988563257e+01 5.533128143609811894e-02
1.407730036541185470e+01 5.534260853681251258e-02
1.408692139093807505e+01 5.535653021980144195e-02
1.409654241646429540e+01 5.534985927897341507e-02
1.410616344199051575e+01 5.532643057045272261e-02
1.411578446751673788e+01 5.530003751877388130e-02
1.412540549304295823e+01 5.528448850056965486e-02
1.413502651856917858e+01 5.529219872808262271e-02
1.414464754409539893e+01 5.531423661857554075e-02
1.415426856962161928e+01 5.532544405963315398e-02
1.416388959514784140e+01 5.531403807248705395e-02
1.417351062067406176e+01 5.528367098670972091e-02
1.418313164620028211e+01 5.524295530531447146e-02
1.419275267172650246e+01 5.520692305063286398e-02
1.420237369725272458e+01 5.518645206516093610e-02
1.421199472277894493e+01 5.518202368392206847e-02
1.422161574830516528e+01 5.519274029181811536e-02
1.423123677383138563e+01 5.521769194649580464e-02
1.424085779935760598e+01 5.525362134803461778e-02
1.425047882488382811e+01 5.528690787205086526e-02
1.426009985041004846e+01 5.530366832002581862e-02
1.426972087593626881e+01 5.530639634467186122e-02
1.427934190146248916e+01 5.530405771088324485e-02
1.428896292698870951e+01 5.530565197121073417e-02
1.429858395251493164e+01 5.531808416949109131e-02
1.430820497804115199e+01 5.531847087543885488e-02
1.431782600356737234e+01 5.526510928903636405e-02
1.432744702909359269e+01 5.518650707118043230e-02
1.433706805461981482e+01 5.517816585519242506e-02
1.434668908014603517e+01 5.524138529960759963e-02
1.435631010567225552e+01 5.525256439585633089e-02
1.436593113119847587e+01 5.516424523550343684e-02
1.437555215672469622e+01 5.507291765825703123e-02
1.438517318225091834e+01 5.504891265691799762e-02
1.439479420777713869e+01 5.507238522862870078e-02
1.440441523330335905e+01 5.511124933392416020e-02
1.441403625882957940e+01 5.513346199766971933e-02
1.442365728435579975e+01 5.511736967738362775e-02
1.443327830988202187e+01 5.508185505759732176e-02
1.444289933540824222e+01 5.505569733303621038e-02
1.445252036093446257e+01 5.506767511101433310e-02
1.446214138646068292e+01 5.513582766350732384e-02
1.447176241198690505e+01 5.520563931941863123e-02
1.448138343751312540e+01 5.520255985727144654e-02
1.449100446303934575e+01 5.514103383524984053e-02
1.450062548856556610e+01 5.507938820770428429e-02
1.451024651409178645e+01 5.504114226656124653e-02
1.451986753961800858e+01 5.502636979871645267e-02
1.452948856514422893e+01 5.502899552766299385e-02
1.453910959067044928e+01 5.503824601791241361e-02
1.454873061619666963e+01 5.504320090621465933e-02
1.455835164172288998e+01 5.503327521719587889e-02
1.456797266724911211e+01 5.500901478098009501e-02
1.457759369277533246e+01 5.498415368440454781e-02
1.458721471830155281e+01 5.496667327535922215e-02
1.459683574382777316e+01 5.495512996676377854e-02
1.460645676935399528e+01 5.494734614342815238e-02
1.461607779488021563e+01 5.494114321575103294e-02
1.462569882040643598e+01 5.493434125738692886e-02
1.463531984593265634e+01 5.492477083041942543e-02
1.464494087145887669e+01 5.491452153650654144e-02
1.465456189698509881e+01 5.491617703828317876e-02
1.466418292251131916e+01 5.493356580738169986e-02
1.467380394803753951e+01 5.494022401180585075e-02
1.468342497356375986e+01 5.491381497495639863e-02
1.469304599908998199e+01 5.486538200672302218e-02
1.470266702461620234e+01 5.481320056338648966e-02
1.471228805014242269e+01 5.477555973529442401e-02
1.472190907566864304e+01 5.476660565074806947e-02
1.473153010119486339e+01 5.478091341845594403e-02
1.474115112672108552e+01 5.480707195289540035e-02
1.475077215224730587e+01 5.483227906375695571e-02
1.476039317777352622e+01 5.484325909744509897e-02
1.477001420329974657e+01 5.482676147019857615e-02
1.477963522882596692e+01 5.477392125770489534e-02
1.478925625435218905e+01 5.470819302826866043e-02
1.479887727987840940e+01 5.466275479127215980e-02
1.480849830540462975e+01 5.463089035254640319e-02
1.481811933093085010e+01 5.458872593870613826e-02
1.482774035645707222e+01 5.453601083433099600e-02
1.483736138198329257e+01 5.448537186971705304e-02
1.484698240750951292e+01 5.444953363731568075e-02
1.485660343303573327e+01 5.444122881730304592e-02
1.486622445856195363e+01 5.447321983276558199e-02
1.487584548408817575e+01 5.455503354770012414e-02
1.488546650961439610e+01 5.465282974756827811e-02
1.489508753514061645e+01 5.470506820814353272e-02
1.490470856066683680e+01 5.469524733945194811e-02
1.491432958619305715e+01 5.464169332850020433e-02
1.492395061171927928e+01 5.456360851760042041e-02
1.493357163724549963e+01 5.448019473854591455e-02
1.494319266277171998e+01 5.441065251578532103e-02
1.495281368829794033e+01 5.437313815662284805e-02
1.496243471382416246e+01 5.436569962243577303e-02
1.497205573935038281e+01 5.436821373166118854e-02
1.498167676487660316e+01 5.435980623416608593e-02
1.499129779040282351e+01 5.432122597994944874e-02
1.500091881592904386e+01 5.427120260758946241e-02
1.501053984145526599e+01 5.426296847548593705e-02
1.502016086698148634e+01 5.428972195632947306e-02
1.502978189250770669e+01 5.428472485379951668e-02
1.503940291803392704e+01 5.422866306241977408e-02
1.504902394356014739e+01 5.415337429456191370e-02
1.505864496908636951e+01 5.408112016786958964e-02
1.506826599461258986e+01 5.402169088530423685e-02
1.507788702013881021e+01 5.398430698812087258e-02
1.508750804566503056e+01 5.397780609898825133e-02
1.509712907119125269e+01 5.400112484571484989e-02
1.510675009671747304e+01 5.404258764922235947e-02
1.511637112224369339e+01 5.408581541150066230e-02
1.512599214776991374e+01 5.411043345810081368e-02
1.513561317329613409e+01 5.410720312435367274e-02
1.514523419882235622e+01 5.407898381350544070e-02
1.515485522434857657e+01 5.403587673342447051e-02
1.516447624987479692e+01 5.399442612535149816e-02
1.517409727540101727e+01 5.396178535491402695e-02
1.518371830092723940e+01 5.393539447099059136e-02
1.519333932645345975e+01 5.391226658059469073e-02
1.520296035197968010e+01 5.388948503913893601e-02
1.521258137750590045e+01 5.386560147119241748e-02
1.522220240303212080e+01 5.384054003336437300e-02
1.523182342855834293e+01 5.381428013157581181e-02
1.524144445408456328e+01 5.378680286261212917e-02
1.525106547961078363e+01 5.375808857571968274e-02
1.526068650513700398e+01 5.372859975706512081e-02
1.527030753066322433e+01 5.370655851190198060e-02
1.527992855618944645e+01 5.370377952712356018e-02
1.528954958171566680e+01 5.369383849490961397e-02
1.529917060724188715e+01 5.362926535742003342e-02
1.530879163276810750e+01 5.356538987018502618e-02
1.531841265829432963e+01 5.361478966422757869e-02
1.532803368382054998e+01 5.370973958103390788e-02
1.533765470934677033e+01 5.368283995441145567e-02
1.534727573487299068e+01 5.355933485208040634e-02
1.535689676039921103e+01 5.347000488777390453e-02
1.536651778592543316e+01 5.344122304500353859e-02
1.537613881145165351e+01 5.344125145686401401e-02
1.538575983697787386e+01 5.343786774957900304e-02
1.539538086250409421e+01 5.340583378731009190e-02
1.540500188803031456e+01 5.336923888597124022e-02
1.541462291355653669e+01 5.336392290558868157e-02
1.542424393908275704e+01 5.336188432935633913e-02
1.543386496460897739e+01 5.332074442260226893e-02
1.544348599013519774e+01 5.325823049757880817e-02
1.545310701566141987e+01 5.320718070733505833e-02
1.546272804118764022e+01 5.317237771423641984e-02
1.547234906671386057e+01 5.315011192575552768e-02
1.548197009224008092e+01 5.313668168531446301e-02
1.549159111776630127e+01 5.312624216046444442e-02
1.550121214329252339e+01 5.310553773031669034e-02
1.551083316881874374e+01 5.306588372516244517e-02
1.552045419434496409e+01 5.301712509110916016e-02
1.553007521987118444e+01 5.297258324287902609e-02
1.553969624539740657e+01 5.294559880756019576e-02
1.554931727092362692e+01 5.294958313986884019e-02
1.555893829644984727e+01 5.299766434066031234e-02
1.556855932197606762e+01 5.306607346465447295e-02
1.557818034750228797e+01 5.306254350378866030e-02
1.558780137302851010e+01 5.295853081886926772e-02
1.559742239855473045e+01 5.283829792922125485e-02
1.560704342408095080e+01 5.275494273891020991e-02
1.561666444960717115e+01 5.270609306491251533e-02
1.562628547513339150e+01 5.268548351726985712e-02
1.563590650065961363e+01 5.268655847716634255e-02
1.564552752618583398e+01 5.269684370059004447e-02
1.565514855171205433e+01 5.269913353374119230e-02
1.566476957723827468e+01 5.268854780283363515e-02
1.567439060276449680e+01 5.266996966944568342e-02
1.568401162829071716e+01 5.264853828622127058e-02
1.569363265381693751e+01 5.262938648824092014e-02
1.570325367934315786e+01 5.261763435115074383e-02
1.571287470486937821e+01 5.261584521121833585e-02
1.572249573039560033e+01 5.260923632343851575e-02
1.573211675592182068e+01 5.257583663077755598e-02
1.574173778144804103e+01 5.249366976914743993e-02
1.575135880697426138e+01 5.236144129036473388e-02
1.576097983250048173e+01 5.226428230259277941e-02
1.577060085802670386e+01 5.227098733818785065e-02
1.578022188355292421e+01 5.232454416048717971e-02
1.578984290907914456e+01 5.236094418355752983e-02
1.579946393460536491e+01 5.236180000566068027e-02
1.580908496013158704e+01 5.232634261825092059e-02
1.581870598565780739e+01 5.227447626946650494e-02
1.582832701118402774e+01 5.222847323204495018e-02
1.583794803671024809e+01 5.220952694490495205e-02
1.584756906223646844e+01 5.220511603856346772e-02
1.585719008776269057e+01 5.216572964843689542e-02
1.586681111328891092e+01 5.209456151755458703e-02
1.587643213881513127e+01 5.204237968728230024e-02
1.588605316434135162e+01 5.202309664080011220e-02
1.589567418986757197e+01 5.202313572696945498e-02
1.590529521539379409e+01 5.202833164484521600e-02
1.591491624092001445e+01 5.202451697047064116e-02
1.592453726644623480e+01 5.199752422027450333e-02
1.593415829197245515e+01 5.194071036692343019e-02
1.594377931749867727e+01 5.188351618246399982e-02
1.595340034302489762e+01 5.185381042349191533e-02
1.596302136855111797e+01 5.183643846561666879e-02
1.597264239407733832e+01 5.180690732869152465e-02
1.598226341960355867e+01 5.174101356585506656e-02
1.599188444512978080e+01 5.164567934550842732e-02
1.600150547065599937e+01 5.158459925308819111e-02
1.601112649618222150e+01 5.158643513279222853e-02
1.602074752170844008e+01 5.162337363856170369e-02
1.603036854723466220e+01 5.166351290631979176e-02
1.603998957276088433e+01 5.167656143483408127e-02
1.604961059828710290e+01 5.165488735938831427e-02
1.605923162381332503e+01 5.160761460544689011e-02
1.606885264933954360e+01 5.154426145738602583e-02
1.607847367486576573e+01 5.147434652949747780e-02
1.608809470039198786e+01 5.140738822131744185e-02
1.609771572591820643e+01 5.135115654930943324e-02
1.610733675144442856e+01 5.130603339813441521e-02
1.611695777697064713e+01 5.127044805940077221e-02
1.612657880249686926e+01 5.124282894009614397e-02
1.613619982802309138e+01 5.122160394940923622e-02
1.614582085354930996e+01 5.120520076992653158e-02
1.615544187907553209e+01 5.119204702462749890e-02
1.616506290460175421e+01 5.118058789374994172e-02
1.617468393012797279e+01 5.116967275049191105e-02
1.618430495565419491e+01 5.115850802077245157e-02
1.619392598118041349e+01 5.114570322469205038e-02
1.620354700670663561e+01 5.112943817609973823e-02
1.621316803223285774e+01 5.110788627112204663e-02
1.622278905775907631e+01 5.107922110146055628e-02
1.623241008328529844e+01 5.104161116047240682e-02
1.624203110881151702e+01 5.099413781703354687e-02
1.625165213433773914e+01 5.093906219300776278e-02
1.626127315986396127e+01 5.087935783019387204e-02
1.627089418539017984e+01 5.081817781844821108e-02
1.628051521091640197e+01 5.076809345198679546e-02
1.629013623644262054e+01 5.075467709063654492e-02
1.629975726196884267e+01 5.076937446650733876e-02
1.630937828749506480e+01 5.076961631182495133e-02
1.631899931302128337e+01 5.074617732247514029e-02
1.632862033854750550e+01 5.071322399876285886e-02
1.633824136407372407e+01 5.067601490897982036e-02
1.634786238959994620e+01 5.063540272947575360e-02
1.635748341512616832e+01 5.059221383358127044e-02
1.636710444065238690e+01 5.054763222492097974e-02
1.637672546617860903e+01 5.050391409822735378e-02
1.638634649170482760e+01 5.046351615290266268e-02
1.639596751723104973e+01 5.042889436505420403e-02
1.640558854275727185e+01 5.040250442925644364e-02
1.641520956828349043e+01 5.038680211874268372e-02
1.642483059380971255e+01 5.038424356374699570e-02
1.643445161933593468e+01 5.039431251303980869e-02
1.644407264486215325e+01 5.038923729258606987e-02
1.645369367038837538e+01 5.033873299568142334e-02
1.646331469591459395e+01 5.027807718956899680e-02
1.647293572144081608e+01 5.024836707047775075e-02
1.648255674696703821e+01 5.023713546090924353e-02
1.649217777249325678e+01 5.022096068211542169e-02
1.650179879801947891e+01 5.017713099745037958e-02
1.651141982354569748e+01 5.010966973360358317e-02
1.652104084907191961e+01 5.005526431749845323e-02
1.653066187459814174e+01 5.002644957061983672e-02
1.654028290012436031e+01 5.001419113083341306e-02
1.654990392565058244e+01 5.000879998271899607e-02
1.655952495117680101e+01 5.000059292585443821e-02
1.656914597670302314e+01 4.997991498551712652e-02
1.657876700222924526e+01 4.994120365497952546e-02
1.658838802775546384e+01 4.989066008783668571e-02
1.659800905328168596e+01 4.983658882204283075e-02
1.660763007880790454e+01 4.978711762916602362e-02
1.661725110433412667e+01 4.974588068960621862e-02
1.662687212986034879e+01 4.971168680044130844e-02
1.663649315538656737e+01 4.968310719590816188e-02
1.664611418091278949e+01 4.965871384784886072e-02
1.665573520643901162e+01 4.963707969295650529e-02
1.666535623196523019e+01 4.961677864366625945e-02
1.667497725749145232e+01 4.959638538134617664e-02
1.668459828301767089e+01 4.957447493000202016e-02
1.669421930854389302e+01 4.954962200863633620e-02
1.670384033407011515e+01 4.952040016070122230e-02
1.671346135959633372e+01 4.948538065976233052e-02
1.672308238512255585e+01 4.944313119155590436e-02
1.673270341064877442e+01 4.939340338702351285e-02
1.674232443617499655e+01 4.934464955047810492e-02
1.675194546170121868e+01 4.930920682910937963e-02
1.676156648722743725e+01 4.929930528385756405e-02
1.677118751275365938e+01 4.930696375140628668e-02
1.678080853827987795e+01 4.928083406972698366e-02
1.679042956380610008e+01 4.921170912314568047e-02
1.680005058933231865e+01 4.915016610696770760e-02
1.680967161485854078e+01 4.911597434830054093e-02
1.681929264038476290e+01 4.910210315415437093e-02
1.682891366591098148e+01 4.910078348333430515e-02
1.683853469143720361e+01 4.910422587728455884e-02
1.684815571696342218e+01 4.910465185692085288e-02
1.685777674248964431e+01 4.909430686969359914e-02
1.686739776801586643e+01 4.906573272520900475e-02
1.687701879354208501e+01 4.902028118147394586e-02
1.688663981906830713e+01 4.896970036279173905e-02
1.689626084459452571e+01 4.892634300265148034e-02
1.690588187012074783e+01 4.890032749597327671e-02
1.691550289564696996e+01 4.888816220083209291e-02
1.692512392117318853e+01 4.888124872159189949e-02
1.693474494669941066e+01 4.887102352739347566e-02
1.694436597222563279e+01 4.885244546249856157e-02
1.695398699775185136e+01 4.882649326917536808e-02
1.696360802327807349e+01 4.879473633882403655e-02
1.697322904880429206e+01 4.875874512317573267e-02
1.698285007433051419e+01 4.872009098585977638e-02
1.699247109985673632e+01 4.868034594749186261e-02
1.700209212538295489e+01 4.864108232462969333e-02
1.701171315090917702e+01 4.860387226288231249e-02
1.702133417643539559e+01 4.857024985962440922e-02
1.703095520196161772e+01 4.854040244091912398e-02
1.704057622748783984e+01 4.851282683229512366e-02
1.705019725301405842e+01 4.848591269212966515e-02
1.705981827854028055e+01 4.845805051675462771e-02
1.706943930406649912e+01 4.842763247322207087e-02
1.707906032959272125e+01 4.839359426858649837e-02
1.708868135511894337e+01 4.835646514098965870e-02
1.709830238064516195e+01 4.831706509599623806e-02
1.710792340617138407e+01 4.827621386872219672e-02
1.711754443169760265e+01 4.823473097021484246e-02
1.712716545722382477e+01 4.819343573070385828e-02
1.713678648275004690e+01 4.815314733964908001e-02
1.714640750827626547e+01 4.811468488253427961e-02
1.715602853380248760e+01 4.807886028706782888e-02
1.716564955932870618e+01 4.804589392652470342e-02
1.717527058485492830e+01 4.801497807476153012e-02
1.718489161038115043e+01 4.798519904710897566e-02
1.719451263590736900e+01 4.795582880568596829e-02
1.720413366143359113e+01 4.792769153039471569e-02
1.721375468695981326e+01 4.790237553075143290e-02
1.722337571248603183e+01 4.788150246503194984e-02
1.723299673801225396e+01 4.786670576418618900e-02
1.724261776353847253e+01 4.785959031884507581e-02
1.725223878906469466e+01 4.786166861866412298e-02
1.726185981459091678e+01 4.787222169656801807e-02
1.727148084011713536e+01 4.787405150489160155e-02
1.728110186564335748e+01 4.785052204408663662e-02
1.729072289116957606e+01 4.781451813922744931e-02
1.730034391669579819e+01 4.777947085189142989e-02
1.730996494222202031e+01 4.774676676635710576e-02
1.731958596774823889e+01 4.771642139473367128e-02
1.732920699327446101e+01 4.768837741938333069e-02
1.733882801880067959e+01 4.766253093435349891e-02
1.734844904432690171e+01 4.763875339163606976e-02
1.735807006985312384e+01 4.761690928871694511e-02
1.736769109537934241e+01 4.759686961416839668e-02
1.737731212090556454e+01 4.757852105189795677e-02
1.738693314643178311e+01 4.756177093206389456e-02
1.739655417195800524e+01 4.754650554968889442e-02
1.740617519748422737e+01 4.753235085571189816e-02
1.741579622301044594e+01 4.751882301247643131e-02
1.742541724853666807e+01 4.750543438847040084e-02
1.743503827406289020e+01 4.749169421369596467e-02
1.744465929958910877e+01 4.747710894346392207e-02
1.745428032511533090e+01 4.746118260400493394e-02
1.746390135064154947e+01 4.744341712022998037e-02
1.747352237616777160e+01 4.742331262587338309e-02
1.748314340169399372e+01 4.740036775616161824e-02
1.749276442722021230e+01 4.737407992306804511e-02
1.750238545274643442e+01 4.734394557314054036e-02
1.751200647827265300e+01 4.730946042782253197e-02
1.752162750379887513e+01 4.727011970613106961e-02
1.753124852932509725e+01 4.722541832950797464e-02
1.754086955485131583e+01 4.717485110861993625e-02
1.755049058037753795e+01 4.711791291185511016e-02
1.756011160590375653e+01 4.705428000923406878e-02
1.756973263142997865e+01 4.698656620153025820e-02
1.757935365695620078e+01 4.691976936013567828e-02
1.758897468248241935e+01 4.685895840913738980e-02
1.759859570800864148e+01 4.680920408738614008e-02
1.760821673353486005e+01 4.677545410867681858e-02
1.761783775906108218e+01 4.675866532563596051e-02
1.762745878458730431e+01 4.675504105564406987e-02
1.763707981011352288e+01 4.676050585763832229e-02
1.764670083563974501e+01 4.677095980370876011e-02
1.765632186116596358e+01 4.678220886408842455e-02
1.766594288669218571e+01 4.679003662859316376e-02
1.767556391221840784e+01 4.679043328729709517e-02
1.768518493774462641e+01 4.678255884017821359e-02
1.769480596327084854e+01 4.676805877695214969e-02
1.770442698879707066e+01 4.674864501971164737e-02
1.771404801432328924e+01 4.672602929062205646e-02
1.772366903984951136e+01 4.670192310781545730e-02
1.773329006537572994e+01 4.667803776762313034e-02
1.774291109090195206e+01 4.665591367899322994e-02
1.775253211642817419e+01 4.663573737714504786e-02
1.776215314195439277e+01 4.661705047525625117e-02
1.777177416748061489e+01 4.659939072064842730e-02
1.778139519300683347e+01 4.658229597076328499e-02
1.779101621853305559e+01 4.656530420841010348e-02
1.780063724405927772e+01 4.654795355355322017e-02
1.781025826958549629e+01 4.652978227155388224e-02
1.781987929511171842e+01 4.651032877776549446e-02
1.782950032063793699e+01 4.648913163836931872e-02
1.783912134616415912e+01 4.646572956733380916e-02
1.784874237169038125e+01 4.643966141938420805e-02
1.785836339721659982e+01 4.641046617887843034e-02
1.786798442274282195e+01 4.637768505250138701e-02
1.787760544826904052e+01 4.634119674657611460e-02
1.788722647379526265e+01 4.630158500743176281e-02
1.789684749932148478e+01 4.625952188907875295e-02
1.790646852484770335e+01 4.621567934386070636e-02
1.791608955037392548e+01 4.617072923157260200e-02
1.792571057590014760e+01 4.612534332820986821e-02
1.793533160142636618e+01 4.608019333429312636e-02
1.794495262695258830e+01 4.603595088272435104e-02
1.795457365247880688e+01 4.599328754614111225e-02
1.796419467800502900e+01 4.595287484374174086e-02
1.797381570353125113e+01 4.591538424756212017e-02
1.798343672905746971e+01 4.588148718818634009e-02
1.799305775458369183e+01 4.585185505987716265e-02
1.800267878010991041e+01 4.582715922511006179e-02
1.801229980563613253e+01 4.580807101849267149e-02
1.802192083116235466e+01 4.579526175004655641e-02
1.803154185668857323e+01 4.578940270782053817e-02
1.804116288221479536e+01 4.579116515979523433e-02
1.805078390774101393e+01 4.580081752873454287e-02
1.806040493326723606e+01 4.581507309529354172e-02
1.807002595879345819e+01 4.582879339499543181e-02
1.807964698431967676e+01 4.583690802369919798e-02
1.808926800984589889e+01 4.583751932806790635e-02
1.809888903537211746e+01 4.583278954128100491e-02
1.810851006089833959e+01 4.582514656642176776e-02
1.811813108642456172e+01 4.581651227422257194e-02
1.812775211195078029e+01 4.580717221566432684e-02
1.813737313747700242e+01 4.579708213073702822e-02
1.814699416300322099e+01 4.578619770664482669e-02
1.815661518852944312e+01 4.577447458139066033e-02
1.816623621405566524e+01 4.576186834683877019e-02
1.817585723958188382e+01 4.574833455128737153e-02
1.818547826510810594e+01 4.573382870158011065e-02
1.819509929063432807e+01 4.571830626478205067e-02
1.820472031616054664e+01 4.570172269440214013e-02
1.821434134168676877e+01 4.568406272063914308e-02
1.822396236721298735e+01 4.566539700127688478e-02
1.823358339273920947e+01 4.564581187081647590e-02
1.824320441826543160e+01 4.562539367327708706e-02
1.825282544379165017e+01 4.560422876195056180e-02
1.826244646931787230e+01 4.558240349914076395e-02
1.827206749484409087e+01 4.556000425588883906e-02
1.828168852037031300e+01 4.553711741168530586e-02
1.829130954589653513e+01 4.551382935417060821e-02
1.830093057142275370e+01 4.549022647882459275e-02
1.831055159694897583e+01 4.546639518864675072e-02
1.832017262247519440e+01 4.544242189382787650e-02
1.832979364800141653e+01 4.541839301141424590e-02
1.833941467352763866e+01 4.539439496496568138e-02
1.834903569905385723e+01 4.537051418420800369e-02
1.835865672458007936e+01 4.534683710468113277e-02
1.836827775010629793e+01 4.532345016738389271e-02
1.837789877563252006e+01 4.530043981841568035e-02
1.838751980115874218e+01 4.527789250861652404e-02
1.839714082668496076e+01 4.525589469320574765e-02
1.840676185221118288e+01 4.523453283142001707e-02
1.841638287773740501e+01 4.521389338615128262e-02
1.842600390326362358e+01 4.519406282358504057e-02
1.843562492878984571e+01 4.517512761283938583e-02
1.844524595431606429e+01 4.515717422560518168e-02
1.845486697984228641e+01 4.514028913578716634e-02
1.846448800536850854e+01 4.512455881914681499e-02
1.847410903089472711e+01 4.511006996716186018e-02
1.848373005642094924e+01 4.509701311479014790e-02
1.849335108194716781e+01 4.508584904042785280e-02
1.850297210747338994e+01 4.507708130326718021e-02
1.851259313299961207e+01 4.507107970987622725e-02
1.852221415852583064e+01 4.506745658048885717e-02
1.853183518405205277e+01 4.506555675252407051e-02
1.854145620957827134e+01 4.506472549234867564e-02
1.855107723510449347e+01 4.506430901956357676e-02
1.856069826063071559e+01 4.506365461904270758e-02
1.857031928615693417e+01 4.506211683839728838e-02
1.857994031168315630e+01 4.505933287776495849e-02
1.858956133720937487e+01 4.505533194487122001e-02
1.859918236273559700e+01 4.505017199871677591e-02
1.860880338826181912e+01 4.504391080183939300e-02
1.861842441378803770e+01 4.503660594130796946e-02
1.862804543931425982e+01 4.502831484828663522e-02
1.863766646484047840e+01 4.501909481614892183e-02
1.864728749036670052e+01 4.500900301712408569e-02
1.865690851589292265e+01 4.499809651745941691e-02
1.866652954141914122e+01 4.498643229108508640e-02
1.867615056694536335e+01 4.497406723176929078e-02
1.868577159247158548e+01 4.496105816375368935e-02
1.869539261799780405e+01 4.494746185085990442e-02
1.870501364352402618e+01 4.493333500406045816e-02
1.871463466905024475e+01 4.491873428750745717e-02
1.872425569457646688e+01 4.490371632301433380e-02
1.873387672010268901e+01 4.488833769298649495e-02
1.874349774562890758e+01 4.487265494179768638e-02
1.875311877115512971e+01 4.485672457560899162e-02
1.876273979668134828e+01 4.484060306062886969e-02
1.877236082220757041e+01 4.482434681981126851e-02
1.878198184773379253e+01 4.480801222799114802e-02
1.879160287326001111e+01 4.479165560545421421e-02
1.880122389878623324e+01 4.477533320993968419e-02
1.881084492431245181e+01 4.475910122707302957e-02
1.882046594983867394e+01 4.474301575922567248e-02
1.883008697536489606e+01 4.472713281279795672e-02
1.883970800089111464e+01 4.471150828392066873e-02
1.884932902641733676e+01 4.469619794256906448e-02
1.885895005194355534e+01 4.468125741508297000e-02
1.886857107746977746e+01 4.466674216508404599e-02
1.887819210299599959e+01 4.465270747278082125e-02
1.888781312852221816e+01 4.463920841264918532e-02
1.889743415404844029e+01 4.462629982947553114e-02
1.890705517957466242e+01 4.461403631274631770e-02
1.891667620510088099e+01 4.460247216936635839e-02
1.892629723062710312e+01 4.459165919792347499e-02
1.893591825615332169e+01 4.458154459397740271e-02
1.894553928167954382e+01 4.457192863106234498e-02
1.895516030720576595e+01 4.456260225303124156e-02
1.896478133273198452e+01 4.455341424076418588e-02
1.897440235825820665e+01 4.454434588703902465e-02
1.898402338378442522e+01 4.453539731197448531e-02
1.899364440931064735e+01 4.452656854516905821e-02
1.900326543483686947e+01 4.451785952961917481e-02
1.901288646036308805e+01 4.450927012555256496e-02
1.902250748588931017e+01 4.450080011417616860e-02
1.903212851141552875e+01 4.449244920133746395e-02
1.904174953694175088e+01 4.448421702109817827e-02
1.905137056246797300e+01 4.447610313921974284e-02
1.906099158799419158e+01 4.446810705655931950e-02
1.907061261352041370e+01 4.446022821237585743e-02
1.908023363904663228e+01 4.445246598754507006e-02
1.908985466457285440e+01 4.444481970768304757e-02
1.909947569009907653e+01 4.443728864617728369e-02
1.910909671562529510e+01 4.442987202712487399e-02
1.911871774115151723e+01 4.442256902817695585e-02
1.912833876667773936e+01 4.441537878328900152e-02
1.913795979220395793e+01 4.440830038537630503e-02
1.914758081773018006e+01 4.440133288887406632e-02
1.915720184325639863e+01 4.439447531220176019e-02
1.916682286878262076e+01 4.438772664013124203e-02
1.917644389430884289e+01 4.438108582605790331e-02
1.918606491983506146e+01 4.437455179417508500e-02
1.919568594536128359e+01 4.436812344155068727e-02
1.920530697088750216e+01 4.436179964010610738e-02
1.921492799641372429e+01 4.435557923849694356e-02
1.922454902193994641e+01 4.434946106389542342e-02
1.923417004746616499e+01 4.434344392367381427e-02
1.924379107299238711e+01 4.433752660698923181e-02
1.925341209851860569e+01 4.433170788626906306e-02
1.926303312404482782e+01 4.432598651859707278e-02
1.927265414957104994e+01 4.432036124700005492e-02
1.928227517509726852e+01 4.431483080163463317e-02
1.929189620062349064e+01 4.430939390087444002e-02
1.930151722614970922e+01 4.430404925229714658e-02
1.931113825167593134e+01 4.429879555357161408e-02
1.932075927720215347e+01 4.429363149324484078e-02
1.933038030272837204e+01 4.428855575142867651e-02
1.934000132825459417e+01 4.428356700038638821e-02
1.934962235378081274e+01 4.427866390501887517e-02
1.935924337930703487e+01 4.427384512325047844e-02
1.936886440483325700e+01 4.426910930631468288e-02
1.937848543035947557e+01 4.426445509893910113e-02
1.938810645588569770e+01 4.425988113943061381e-02
1.939772748141191983e+01 4.425538605965949335e-02
1.940734850693813840e+01 4.425096848494390611e-02
1.941696953246436053e+01 4.424662703383346746e-02
1.942659055799057910e+01 4.424236031779297390e-02
1.943621158351680123e+01 4.423816694078556988e-02
1.944583260904302335e+01 4.423404549875582792e-02
1.945545363456924193e+01 4.422999457901249237e-02
1.946507466009546405e+01 4.422601275951118516e-02
1.947469568562168263e+01 4.422209860803678200e-02
1.948431671114790475e+01 4.421825068128582004e-02
1.949393773667412688e+01 4.421446752384868006e-02
1.950355876220034546e+01 4.421074766709171683e-02
1.951317978772656758e+01 4.420708962793935132e-02
1.952280081325278616e+01 4.420349190755599317e-02
1.953242183877900828e+01 4.419995298992800831e-02
1.954204286430523041e+01 4.419647134034550284e-02
1.955166388983144898e+01 4.419304540378411056e-02
1.956128491535767111e+01 4.418967360318653420e-02
1.957090594088388968e+01 4.418635433764405568e-02
1.958052696641011181e+01 4.418308598047765434e-02
1.959014799193633394e+01 4.417986687721905947e-02
1.959976901746255251e+01 4.417669534349124433e-02
1.960939004298877464e+01 4.417356966278850744e-02
1.961901106851499677e+01 4.417048808415604405e-02
1.962863209404121534e+01 4.416744881976872317e-02
1.963825311956743747e+01 4.416445004240906330e-02
1.964787414509365604e+01 4.416148988284412241e-02
1.965749517061987817e+01 4.415856642710115632e-02
1.966711619614610029e+01 4.415567771364204558e-02
1.967673722167231887e+01 4.415282173043563740e-02
1.968635824719854099e+01 4.414999641192860619e-02
1.969597927272475957e+01 4.414719963591372948e-02
1.970560029825098169e+01 4.414442922029593319e-02
1.971522132377720382e+01 4.414168291975523184e-02
1.972484234930342240e+01 4.413895842230645267e-02
1.973446337482964452e+01 4.413625334575551479e-02
1.974408440035586310e+01 4.413356523405142368e-02
1.975370542588208522e+01 4.413089155353385612e-02
1.976332645140830735e+01 4.412822968907566951e-02
1.977294747693452592e+01 4.412557694011978032e-02
1.978256850246074805e+01 4.412293051661024534e-02
1.979218952798696662e+01 4.412028753481619936e-02
