7.618010371223582489e-01 2.587391193260786260e-01
7.714220626485789323e-01 2.631092144184437043e-01
7.810430881747997267e-01 2.674217740654019626e-01
7.906641137010204101e-01 2.716764485320077860e-01
8.002851392272412046e-01 2.758728878019646724e-01
8.099061647534618880e-01 2.800107415480602713e-01
8.195271902796826824e-01 2.840896591025315887e-01
8.291482158059033658e-01 2.881092894273640792e-01
8.387692413321241602e-01 2.920692810845182952e-01
8.483902668583448436e-01 2.959692822060898121e-01
8.580112923845655271e-01 2.998089404643974332e-01
8.676323179107863215e-01 3.035879030420006730e-01
8.772533434370071159e-01 3.073058166016408022e-01
8.868743689632277993e-01 3.109623272561108931e-01
8.964953944894484827e-01 3.145570805380422663e-01
9.061164200156692772e-01 3.180897213696139980e-01
9.157374455418899606e-01 3.215598940321748866e-01
9.253584710681107550e-01 3.249672421357786556e-01
9.349794965943314384e-01 3.283114085886209010e-01
9.446005221205522329e-01 3.315920355663818375e-01
9.542215476467729163e-01 3.348087644814582431e-01
9.638425731729935997e-01 3.379612359520826614e-01
9.734635986992143941e-01 3.410490897713237546e-01
9.830846242254351885e-01 3.440719648759494875e-01
9.927056497516558720e-01 3.470294993151520901e-01
1.002326675277876555e+00 3.499213302191183650e-01
1.011947700804097350e+00 3.527470937674297979e-01
1.021568726330317922e+00 3.555064251572827572e-01
1.031189751856538717e+00 3.581989585715067981e-01
1.040810777382759511e+00 3.608243271463686952e-01
1.050431802908980305e+00 3.633821629391336128e-01
1.060052828435201100e+00 3.658720968953699804e-01
1.069673853961421672e+00 3.682937588159651554e-01
1.079294879487642467e+00 3.706467773238315000e-01
1.088915905013863261e+00 3.729307798302664012e-01
1.098536930540083834e+00 3.751453925009374246e-01
1.108157956066304628e+00 3.772902402214571849e-01
1.117778981592525422e+00 3.793649465625053008e-01
1.127400007118746217e+00 3.813691337444569118e-01
1.137021032644966789e+00 3.833024226014706271e-01
1.146642058171187584e+00 3.851644325449863904e-01
1.156263083697408378e+00 3.869547815265759749e-01
1.165884109223628951e+00 3.886730860000889853e-01
1.175505134749849745e+00 3.903189608830299751e-01
1.185126160276070539e+00 3.918920195170957910e-01
1.194747185802291334e+00 3.933918736278007589e-01
1.204368211328512128e+00 3.948181332831089407e-01
1.213989236854732701e+00 3.961704068509858678e-01
1.223610262380953495e+00 3.974483009557816526e-01
1.233231287907174067e+00 3.986514204333430622e-01
1.242852313433394862e+00 3.997793682847525232e-01
1.252473338959615656e+00 4.008317456285819813e-01
1.262094364485836451e+00 4.018081516515424889e-01
1.271715390012057245e+00 4.027081835574060631e-01
1.281336415538277818e+00 4.035314365140648674e-01
1.290957441064498612e+00 4.042775035985909371e-01
1.300578466590719184e+00 4.049459757401482896e-01
1.310199492116939979e+00 4.055364416606045408e-01
1.319820517643160773e+00 4.060484878297973554e-01
1.329441543169381568e+00 4.064821242195857942e-01
1.339062568695602362e+00 4.068388895505620773e-01
1.348683594221823157e+00 4.071206631326567127e-01
1.358304619748043729e+00 4.073293207281376005e-01
1.367925645274264523e+00 4.074667347660322902e-01
1.377546670800485096e+00 4.075347745512820086e-01
1.387167696326705890e+00 4.075353064686518811e-01
1.396788721852926685e+00 4.074701941814149464e-01
1.406409747379147479e+00 4.073412988248208966e-01
1.416030772905368273e+00 4.071504791943579837e-01
1.425651798431588846e+00 4.068995919288102003e-01
1.435272823957809640e+00 4.065904916881027398e-01
1.444893849484030213e+00 4.062250313259305745e-01
1.454514875010251007e+00 4.058050620571501677e-01
1.464135900536471802e+00 4.053324336199169431e-01
1.473756926062692596e+00 4.048089944325383716e-01
1.483377951588913390e+00 4.042365917450121970e-01
1.492998977115133963e+00 4.036170717852068934e-01
1.502620002641354757e+00 4.029522798996439947e-01
1.512241028167575330e+00 4.022440606888218473e-01
1.521862053693796124e+00 4.014942581370304353e-01
1.531483079220016918e+00 4.007045938066592927e-01
1.541104104746237713e+00 3.998759407444456571e-01
1.550725130272458507e+00 3.990088113170163209e-01
1.560346155798679302e+00 3.981037162568192844e-01
1.569967181324899874e+00 3.971611660027550283e-01
1.579588206851120669e+00 3.961816707237629798e-01
1.589209232377341241e+00 3.951657403414619574e-01
1.598830257903562035e+00 3.941138845518066813e-01
1.608451283429782830e+00 3.930266128457418628e-01
1.618072308956003624e+00 3.919044345288200115e-01
1.627693334482224419e+00 3.907478587397558156e-01
1.637314360008444991e+00 3.895573944678891731e-01
1.646935385534665786e+00 3.883335505695247880e-01
1.656556411060886358e+00 3.870768357831187445e-01
1.666177436587107152e+00 3.857877587432829714e-01
1.675798462113327947e+00 3.844668279935751221e-01
1.685419487639548741e+00 3.831145519980459491e-01
1.695040513165769536e+00 3.817314391515104210e-01
1.704661538691990108e+00 3.803179977613145302e-01
1.714282564218210902e+00 3.788747171267371483e-01
1.723903589744431475e+00 3.774020342735697753e-01
1.733524615270652269e+00 3.759003769836235520e-01
1.743145640796873064e+00 3.743701726684241504e-01
1.752766666323093858e+00 3.728118483987472032e-01
1.762387691849314653e+00 3.712258309342139073e-01
1.772008717375535225e+00 3.696125467529337572e-01
1.781629742901756019e+00 3.679724220811728674e-01
1.791250768427976814e+00 3.663058829230304569e-01
1.800871793954197386e+00 3.646133550901006215e-01
1.810492819480418181e+00 3.628952642310897536e-01
1.820113845006638975e+00 3.611520358613642956e-01
1.829734870532859770e+00 3.593840953923921333e-01
1.839355896059080342e+00 3.575918681610449901e-01
1.848976921585301136e+00 3.557757794587187439e-01
1.858597947111521931e+00 3.539362545602307564e-01
1.868218972637742725e+00 3.520737202698837609e-01
1.877839998163963298e+00 3.501888345593118790e-01
1.887461023690184092e+00 3.482827328973961412e-01
1.897082049216404886e+00 3.463566107311944475e-01
1.906703074742625459e+00 3.444116646201870191e-01
1.916324100268846253e+00 3.424490922710205498e-01
1.925945125795067048e+00 3.404700925702681125e-01
1.935566151321287842e+00 3.384758656152023204e-01
1.945187176847508415e+00 3.364676127425794694e-01
1.954808202373729209e+00 3.344465365554329939e-01
1.964429227899950003e+00 3.324138409478719636e-01
1.974050253426170798e+00 3.303707311278805681e-01
1.983671278952391370e+00 3.283184136381125939e-01
1.993292304478612165e+00 3.262580963746772866e-01
2.002913330004832737e+00 3.241909886039070487e-01
2.012534355531053532e+00 3.221183009771015904e-01
2.022155381057274326e+00 3.200412455432401493e-01
2.031776406583495120e+00 3.179610357596520664e-01
2.041397432109715915e+00 3.158788865006362245e-01
2.051018457635936265e+00 3.137960140640203566e-01
2.060639483162157504e+00 3.117136361756457363e-01
2.070260508688377854e+00 3.096329719917705336e-01
2.079881534214599093e+00 3.075552420993729608e-01
2.089502559740819443e+00 3.054816685143481592e-01
2.099123585267040237e+00 3.034134746775762892e-01
2.108744610793261032e+00 3.013518854488574372e-01
2.118365636319481382e+00 2.992981270986893039e-01
2.127986661845702621e+00 2.972534272978761827e-01
2.137607687371922971e+00 2.952190151049542965e-01
2.147228712898144209e+00 2.931961209514128974e-01
2.156849738424364560e+00 2.911859715998869613e-01
2.166470763950585354e+00 2.891889895197856664e-01
2.176091789476806149e+00 2.872039130773179627e-01
2.185712815003026943e+00 2.852292677458446168e-01
2.195333840529247738e+00 2.832635772833445031e-01
2.204954866055468088e+00 2.813053637752587766e-01
2.214575891581689326e+00 2.793531476731246910e-01
2.224196917107909677e+00 2.774054478288578429e-01
2.233817942634130471e+00 2.754607815245246893e-01
2.243438968160351266e+00 2.735176644974414151e-01
2.253059993686572060e+00 2.715746109604246228e-01
2.262681019212792854e+00 2.696301336170057183e-01
2.272302044739013205e+00 2.676827436714137032e-01
2.281923070265234443e+00 2.657309508331210379e-01
2.291544095791454794e+00 2.637734328969533193e-01
2.301165121317675588e+00 2.618110578933166011e-01
2.310786146843896383e+00 2.598462211522491461e-01
2.320407172370117177e+00 2.578813519071450622e-01
2.330028197896337971e+00 2.559188823594735762e-01
2.339649223422558322e+00 2.539612476735100266e-01
2.349270248948779560e+00 2.520108859615714514e-01
2.358891274474999911e+00 2.500702382597215223e-01
2.368512300001220705e+00 2.481417484939097973e-01
2.378133325527441500e+00 2.462278634365147323e-01
2.387754351053662294e+00 2.443310326532533161e-01
2.397375376579883088e+00 2.424537084404258247e-01
2.406996402106103439e+00 2.405983457524604741e-01
2.416617427632324677e+00 2.387671127879664179e-01
2.426238453158545028e+00 2.369599619929373679e-01
2.435859478684765822e+00 2.351758188603515209e-01
2.445480504210986616e+00 2.334136011278303002e-01
2.455101529737207411e+00 2.316722243383252666e-01
2.464722555263428205e+00 2.299506018037880406e-01
2.474343580789648556e+00 2.282476445234464801e-01
2.483964606315869794e+00 2.265622610541114523e-01
2.493585631842090145e+00 2.248933573299336242e-01
2.503206657368311383e+00 2.232398364290592574e-01
2.512827682894531733e+00 2.216005982847224498e-01
2.522448708420752528e+00 2.199745393384384684e-01
2.532069733946973322e+00 2.183605271782730617e-01
2.541690759473193673e+00 2.167569998098935469e-01
2.551311784999414911e+00 2.151620380649131303e-01
2.560932810525635261e+00 2.135737139949654695e-01
2.570553836051856500e+00 2.119901026697974256e-01
2.580174861578076850e+00 2.104092826555712670e-01
2.589795887104297645e+00 2.088293362318121571e-01
2.599416912630518439e+00 2.072483493312745340e-01
2.609037938156739234e+00 2.056644111869248281e-01
2.618658963682960028e+00 2.040756136700263013e-01
2.628279989209180378e+00 2.024800503029192122e-01
2.637901014735401617e+00 2.008758149294916917e-01
2.647522040261621967e+00 1.992617526952960016e-01
2.657143065787842762e+00 1.976409024384634949e-01
2.666764091314063556e+00 1.960177550431111970e-01
2.676385116840284351e+00 1.943968029416125731e-01
2.686006142366505145e+00 1.927825402721040360e-01
2.695627167892725495e+00 1.911794640391714928e-01
2.705248193418946734e+00 1.895920748332069194e-01
2.714869218945167084e+00 1.880248770807169123e-01
2.724490244471387879e+00 1.864823787968556690e-01
2.734111269997608673e+00 1.849690908104121290e-01
2.743732295523829467e+00 1.834895254303795797e-01
2.753353321050050262e+00 1.820476970213078804e-01
2.762974346576271056e+00 1.806422962351400541e-01
2.772595372102491407e+00 1.792687837514526095e-01
2.782216397628712201e+00 1.779225709798968880e-01
2.791837423154932996e+00 1.765990666496340400e-01
2.801458448681153790e+00 1.752936780675851680e-01
2.811079474207374584e+00 1.740018121706174425e-01
2.820700499733595379e+00 1.727188763579813602e-01
2.830321525259816173e+00 1.714402790896297768e-01
2.839942550786036524e+00 1.701614302354497454e-01
2.849563576312257318e+00 1.688777411599421130e-01
2.859184601838478113e+00 1.675854725689646940e-01
2.868805627364698907e+00 1.662852953838442893e-01
2.878426652890919701e+00 1.649793094337529964e-01
2.888047678417140496e+00 1.636696155730584246e-01
2.897668703943361290e+00 1.623583150549458842e-01
2.907289729469582085e+00 1.610475096266333894e-01
2.916910754995802435e+00 1.597393016101137375e-01
2.926531780522023229e+00 1.584357939674828353e-01
2.936152806048244024e+00 1.571390903499130798e-01
2.945773831574464818e+00 1.558512951293114235e-01
2.955394857100685613e+00 1.545745134116993103e-01
2.965015882626906407e+00 1.533108510313319905e-01
2.974636908153127202e+00 1.520624145245557668e-01
2.984257933679347552e+00 1.508313110823767400e-01
2.993878959205568346e+00 1.496196484806822102e-01
3.003499984731789141e+00 1.484295349870153879e-01
3.013121010258009935e+00 1.472630792427518653e-01
3.022742035784230730e+00 1.461223901194661501e-01
3.032363061310451524e+00 1.450095765482009025e-01
3.041984086836672319e+00 1.439267473202582304e-01
3.051605112362892669e+00 1.428758960728798155e-01
3.061226137889113463e+00 1.418557576662195507e-01
3.070847163415334258e+00 1.408614228263940504e-01
3.080468188941555052e+00 1.398877903297249259e-01
3.090089214467775847e+00 1.389297595964956999e-01
3.099710239993996641e+00 1.379822308549407406e-01
3.109331265520217435e+00 1.370401050769203266e-01
3.118952291046438230e+00 1.360982836727311907e-01
3.128573316572658580e+00 1.351516679320978742e-01
3.138194342098879375e+00 1.341951581981520869e-01
3.147815367625100169e+00 1.332242072941364763e-01
3.157436393151320964e+00 1.322398030213109421e-01
3.167057418677541758e+00 1.312461147937522832e-01
3.176678444203762552e+00 1.302473490838806924e-01
3.186299469729983347e+00 1.292477125689490691e-01
3.195920495256203697e+00 1.282514128551926480e-01
3.205541520782424492e+00 1.272626587028475587e-01
3.215162546308645286e+00 1.262856597237941025e-01
3.224783571834866081e+00 1.253246255235016815e-01
3.234404597361086875e+00 1.243837464487352884e-01
3.244025622887307669e+00 1.234649352672519546e-01
3.253646648413528464e+00 1.225656193658866272e-01
3.263267673939748814e+00 1.216827018968577867e-01
3.272888699465969609e+00 1.208130878689038651e-01
3.282509724992190403e+00 1.199536854253697576e-01
3.292130750518411197e+00 1.191014066925125542e-01
3.301751776044631992e+00 1.182531681772137216e-01
3.311372801570852786e+00 1.174058906934480201e-01
3.320993827097073581e+00 1.165564988495049747e-01
3.330614852623293931e+00 1.157029096684961955e-01
3.340235878149514726e+00 1.148465604933309181e-01
3.349856903675735520e+00 1.139896682450524806e-01
3.359477929201956314e+00 1.131344474990875620e-01
3.369098954728177109e+00 1.122831111666396375e-01
3.378719980254397903e+00 1.114378709362098124e-01
3.388341005780618698e+00 1.106009374631461845e-01
3.397962031306839492e+00 1.097745202943514881e-01
3.407583056833059842e+00 1.089608273336543781e-01
3.417204082359280637e+00 1.081614893882276440e-01
3.426825107885501431e+00 1.073762850731253549e-01
3.436446133411722226e+00 1.066046198214452012e-01
3.446067158937943020e+00 1.058458971327522202e-01
3.455688184464163815e+00 1.050995184558532469e-01
3.465309209990384609e+00 1.043648830660884597e-01
3.474930235516604959e+00 1.036413879371257118e-01
3.484551261042825754e+00 1.029284276072444521e-01
3.494172286569046548e+00 1.022253902553563742e-01
3.503793312095267343e+00 1.015314265489029172e-01
3.513414337621488137e+00 1.008453199253364074e-01
3.523035363147708932e+00 1.001658279375497729e-01
3.532656388673929726e+00 9.949171569166112561e-02
3.542277414200150076e+00 9.882175642820838213e-02
3.551898439726370871e+00 9.815473176430976332e-02
3.561519465252591665e+00 9.748943158410576515e-02
3.571140490778812460e+00 9.682465356473690665e-02
3.580761516305033254e+00 9.615933816199605244e-02
3.590382541831254049e+00 9.549346872978028977e-02
3.600003567357474843e+00 9.482750708959135355e-02
3.609624592883695637e+00 9.416191537657221666e-02
3.619245618409915988e+00 9.349715354725240957e-02
3.628866643936136782e+00 9.283367946939645454e-02
3.638487669462357577e+00 9.217194901097901238e-02
3.648108694988578371e+00 9.151241612839323969e-02
3.657729720514799165e+00 9.085553295399460827e-02
3.667350746041019960e+00 9.020174988307930186e-02
3.676971771567240754e+00 8.955151566039168398e-02
3.686592797093461105e+00 8.890527746625007111e-02
3.696213822619681899e+00 8.826348100237750571e-02
3.705834848145902694e+00 8.762657057751686851e-02
3.715455873672123488e+00 8.699498919290574173e-02
3.725076899198344282e+00 8.636917862767985732e-02
3.734697924724565077e+00 8.574957723382405084e-02
3.744318950250785871e+00 8.513640362414066909e-02
3.753939975777006222e+00 8.452948026802913073e-02
3.763561001303227016e+00 8.392859015401271661e-02
3.773182026829447810e+00 8.333351907834432581e-02
3.782803052355668605e+00 8.274405504656896782e-02
3.792424077881889399e+00 8.215998665774140730e-02
3.802045103408110194e+00 8.158110041857896677e-02
3.811666128934330988e+00 8.100717666739599976e-02
3.821287154460551783e+00 8.043796021922539063e-02
3.830908179986772133e+00 7.987314203521075906e-02
3.840529205512992927e+00 7.931240678850373649e-02
3.850150231039213722e+00 7.875544199246256594e-02
3.859771256565434516e+00 7.820194137761726783e-02
3.869392282091655311e+00 7.765160744480216481e-02
3.879013307617876105e+00 7.710415315392177282e-02
3.888634333144096900e+00 7.655931864649241636e-02
3.898255358670317250e+00 7.601735996731261158e-02
3.907876384196538044e+00 7.547913406987995233e-02
3.917497409722758839e+00 7.494553128306059853e-02
3.927118435248979633e+00 7.441744072038146418e-02
3.936739460775200428e+00 7.389575036576546962e-02
3.946360486301421222e+00 7.338134714864717745e-02
3.955981511827642016e+00 7.287511700779548962e-02
3.965602537353862367e+00 7.237782352570705513e-02
3.975223562880083161e+00 7.188915385478146514e-02
3.984844588406303956e+00 7.140823300311578692e-02
3.994465613932524750e+00 7.093418110703435253e-02
4.004086639458745545e+00 7.046611831304155915e-02
4.013707664984966783e+00 7.000316476154358480e-02
4.023328690511187133e+00 6.954444056598634016e-02
4.032949716037407484e+00 6.908906578721059344e-02
4.042570741563627834e+00 6.863616040282678743e-02
4.052191767089849073e+00 6.818484427141210946e-02
4.061812792616070311e+00 6.773423709133816195e-02
4.071433818142290662e+00 6.728345835404095365e-02
4.081054843668511012e+00 6.683162729155638082e-02
4.090675869194732250e+00 6.637786281815392930e-02
4.100296894720953489e+00 6.592128346591689947e-02
4.109917920247173839e+00 6.546126959289295943e-02
4.119538945773394190e+00 6.499927903865963807e-02
4.129159971299614540e+00 6.453775818050699886e-02
4.138780996825835778e+00 6.407915924051243994e-02
4.148402022352057017e+00 6.362593439906108483e-02
4.158023047878277367e+00 6.318053590754041382e-02
4.167644073404497718e+00 6.274541615811360384e-02
4.177265098930718068e+00 6.232294995774587121e-02
4.186886124456939307e+00 6.191362847579692796e-02
4.196507149983160545e+00 6.151600414104874820e-02
4.206128175509380895e+00 6.112853999120456544e-02
4.215749201035601246e+00 6.074969831361060058e-02
4.225370226561822484e+00 6.037794059952854286e-02
4.234991252088043723e+00 6.001172747536395041e-02
4.244612277614264073e+00 5.964951861018805840e-02
4.254233303140484423e+00 5.928977259897438151e-02
4.263854328666704774e+00 5.893094682109382976e-02
4.273475354192926012e+00 5.857149727377571058e-02
4.283096379719147251e+00 5.820987838045191959e-02
4.292717405245367601e+00 5.784454277415790324e-02
4.302338430771587952e+00 5.747394105647190415e-02
4.311959456297809190e+00 5.709653524756636012e-02
4.321580481824029540e+00 5.671221042744874902e-02
4.331201507350250779e+00 5.632350234681786361e-02
4.340822532876471129e+00 5.593323815116048314e-02
4.350443558402691480e+00 5.554424833139184892e-02
4.360064583928912718e+00 5.515936713518528739e-02
4.369685609455133957e+00 5.478143285322126244e-02
4.379306634981354307e+00 5.441325978342598929e-02
4.388927660507574657e+00 5.405581524105855518e-02
4.398548686033795008e+00 5.370710689512516595e-02
4.408169711560016246e+00 5.336488223948890330e-02
4.417790737086237485e+00 5.302689422874187763e-02
4.427411762612457835e+00 5.269089965289280864e-02
4.437032788138678185e+00 5.235465691925057785e-02
4.446653813664899424e+00 5.201600604889695251e-02
4.456274839191120662e+00 5.167487194290331515e-02
4.465895864717341013e+00 5.133336998225600245e-02
4.475516890243561363e+00 5.099371621540212812e-02
4.485137915769781713e+00 5.065812607597765249e-02
4.494758941296002952e+00 5.032881413025277334e-02
4.504379966822224191e+00 5.000799017802658869e-02
4.514000992348444541e+00 4.969752405525750677e-02
4.523622017874664891e+00 4.939632414759652368e-02
4.533243043400885242e+00 4.910174378087795583e-02
4.542864068927106480e+00 4.881113921906780201e-02
4.552485094453327719e+00 4.852188934733819153e-02
4.562106119979548069e+00 4.823139571157946531e-02
4.571727145505768419e+00 4.793707757291308658e-02
4.581348171031989658e+00 4.763739459242531671e-02
4.590969196558210896e+00 4.733391321724873813e-02
4.600590222084431247e+00 4.702877112789316527e-02
4.610211247610651597e+00 4.672410178214667087e-02
4.619832273136871947e+00 4.642204016014535306e-02
4.629453298663093186e+00 4.612472346341790069e-02
4.639074324189314424e+00 4.583418953604577462e-02
4.648695349715534775e+00 4.555062170655250348e-02
4.658316375241755125e+00 4.527254439962506011e-02
4.667937400767975475e+00 4.499842635400748414e-02
4.677558426294196714e+00 4.472674457417016858e-02
4.687179451820417952e+00 4.445598740051918268e-02
4.696800477346638303e+00 4.418465528223807642e-02
4.706421502872858653e+00 4.391173508870172687e-02
4.716042528399079892e+00 4.363773160938699130e-02
4.725663553925301130e+00 4.336344589679833744e-02
4.735284579451521481e+00 4.308967515646959512e-02
4.744905604977741831e+00 4.281721389263882377e-02
4.754526630503962181e+00 4.254685482166725707e-02
4.764147656030184308e+00 4.227938954321121268e-02
4.773768681556404658e+00 4.201560895868585582e-02
4.783389707082625009e+00 4.175630342613521895e-02
4.793010732608845359e+00 4.150226264026202899e-02
4.802631758135065709e+00 4.125427522607137687e-02
4.812252783661287836e+00 4.101312803436017035e-02
4.821873809187508186e+00 4.077957767772263237e-02
4.831494834713728537e+00 4.055328934978211231e-02
4.841115860239948887e+00 4.033250313934831632e-02
4.850736885766169237e+00 4.011536719503044912e-02
4.860357911292391364e+00 3.990003549875231065e-02
4.869978936818611714e+00 3.968466796861903900e-02
4.879599962344832065e+00 3.946743259672675502e-02
4.889220987871052415e+00 3.924742918879166320e-02
4.898842013397274542e+00 3.902597629616957886e-02
4.908463038923494892e+00 3.880471309307189504e-02
4.918084064449715243e+00 3.858527590989600103e-02
4.927705089975935593e+00 3.836929843131608314e-02
4.937326115502155943e+00 3.815841026944451209e-02
4.946947141028378070e+00 3.795347377037446707e-02
4.956568166554598420e+00 3.775256631665829116e-02
4.966189192080818771e+00 3.755313726528876350e-02
4.975810217607039121e+00 3.735264759372151216e-02
4.985431243133259471e+00 3.714856924409866423e-02
4.995052268659481598e+00 3.693838088825972948e-02
5.004673294185701948e+00 3.672047515608860974e-02
5.014294319711922299e+00 3.649740333756396060e-02
5.023915345238142649e+00 3.627289716927668828e-02
5.033536370764364776e+00 3.605069131545568517e-02
5.043157396290585126e+00 3.583452707351768296e-02
5.052778421816805476e+00 3.562815090281232222e-02
5.062399447343025827e+00 3.543427874305112718e-02
5.072020472869246177e+00 3.525089335697981219e-02
5.081641498395468304e+00 3.507461965345445853e-02
5.091262523921688654e+00 3.490208781138740002e-02
5.100883549447909004e+00 3.472993693761172035e-02
5.110504574974129355e+00 3.455481441310920970e-02
5.120125600500351482e+00 3.437440379649379235e-02
5.129746626026571832e+00 3.419028685283461572e-02
5.139367651552792182e+00 3.400496244023814424e-02
5.148988677079012533e+00 3.382092965514108679e-02
5.158609702605232883e+00 3.364069007625189456e-02
5.168230728131455010e+00 3.346674484480700179e-02
5.177851753657675360e+00 3.330061589124791444e-02
5.187472779183895710e+00 3.314130599180593190e-02
5.197093804710116061e+00 3.298741718836073478e-02
5.206714830236336411e+00 3.283755259504005097e-02
5.216335855762558538e+00 3.269031844326664160e-02
5.225956881288778888e+00 3.254432532312920984e-02
5.235577906814999238e+00 3.239818859440612986e-02
5.245198932341219589e+00 3.225052794168526554e-02
5.254819957867441715e+00 3.209996604758118266e-02
5.264440983393662066e+00 3.194512635590810584e-02
5.274062008919882416e+00 3.178462989265747052e-02
5.283683034446102766e+00 3.161725965403373168e-02
5.293304059972323117e+00 3.144431871797567085e-02
5.302925085498545243e+00 3.126906049649674779e-02
5.312546111024765594e+00 3.109479811234279814e-02
5.322167136550985944e+00 3.092485747618647918e-02
5.331788162077206294e+00 3.076257545476785912e-02
5.341409187603426645e+00 3.061050196114584870e-02
5.351030213129648772e+00 3.046708703659364165e-02
5.360651238655869122e+00 3.032945337488026499e-02
5.370272264182089472e+00 3.019472370952615628e-02
5.379893289708309823e+00 3.006002535973381976e-02
5.389514315234531949e+00 2.992251005753793214e-02
5.399135340760752300e+00 2.978109760604290279e-02
5.408756366286972650e+00 2.963780855305079079e-02
5.418377391813193000e+00 2.949497740237996823e-02
5.427998417339413351e+00 2.935494189961550607e-02
5.437619442865635477e+00 2.922004466058230471e-02
5.447240468391855828e+00 2.909234212060434616e-02
5.456861493918076178e+00 2.897105477184342553e-02
5.466482519444296528e+00 2.885379775292605531e-02
5.476103544970518655e+00 2.873816658635572688e-02
5.485724570496739005e+00 2.862175624880790650e-02
5.495345596022959356e+00 2.850216637918280560e-02
5.504966621549179706e+00 2.837814844657257640e-02
5.514587647075400056e+00 2.825103321243513377e-02
5.524208672601622183e+00 2.812250223111322986e-02
5.533829698127842533e+00 2.799423868415214928e-02
5.543450723654062884e+00 2.786792796610936679e-02
5.553071749180283234e+00 2.774511733600321453e-02
5.562692774706503585e+00 2.762606952297110702e-02
5.572313800232725711e+00 2.751035705032245718e-02
5.581934825758946062e+00 2.739754526736754708e-02
5.591555851285166412e+00 2.728719902437265823e-02
5.601176876811386762e+00 2.717888469895736459e-02
5.610797902337608889e+00 2.707229564300156141e-02
5.620418927863829239e+00 2.696732828699954093e-02
5.630039953390049590e+00 2.686389708950656652e-02
5.639660978916269940e+00 2.676191633444963136e-02
5.649282004442490290e+00 2.666130012289737519e-02
5.658903029968712417e+00 2.656196235811014023e-02
5.668524055494932767e+00 2.646381672384236911e-02
5.678145081021153118e+00 2.636677665590419703e-02
5.687766106547373468e+00 2.627075530704029230e-02
5.697387132073593818e+00 2.617566550524947841e-02
5.707008157599815945e+00 2.608139566470591905e-02
5.716629183126036295e+00 2.598753120162313954e-02
5.726250208652256646e+00 2.589345037519005452e-02
5.735871234178476996e+00 2.579852706624369621e-02
5.745492259704699123e+00 2.570213474134861939e-02
5.755113285230919473e+00 2.560366554190147970e-02
5.764734310757139824e+00 2.550336230046364866e-02
5.774355336283360174e+00 2.540264093012652505e-02
5.783976361809580524e+00 2.530300542229360281e-02
5.793597387335802651e+00 2.520596261123806900e-02
5.803218412862023001e+00 2.511302048868581036e-02
5.812839438388243352e+00 2.502510341970569027e-02
5.822460463914463702e+00 2.494165930962067429e-02
5.832081489440684052e+00 2.486190529687164197e-02
5.841702514966906179e+00 2.478505697505276398e-02
5.851323540493126529e+00 2.471032865534492085e-02
5.860944566019346880e+00 2.463702180198626412e-02
5.870565591545567230e+00 2.456481136287183564e-02
5.880186617071789357e+00 2.449347099659085480e-02
5.889807642598009707e+00 2.442277389249962460e-02
5.899428668124230057e+00 2.435249270553150810e-02
5.909049693650450408e+00 2.428239947511484295e-02
5.918670719176670758e+00 2.421226552753646261e-02
5.928291744702892885e+00 2.414186136187744872e-02
5.937912770229113235e+00 2.407095651978484463e-02
5.947533795755333585e+00 2.399931943951195273e-02
5.957154821281553936e+00 2.392678822655113988e-02
5.966775846807776063e+00 2.385380133717504569e-02
5.976396872333996413e+00 2.378110114705639377e-02
5.986017897860216763e+00 2.370943430124114112e-02
5.995638923386437114e+00 2.363954965682792120e-02
6.005259948912657464e+00 2.357213611897157959e-02
6.014880974438879591e+00 2.350726252463817417e-02
6.024501999965099941e+00 2.344464122864034147e-02
6.034123025491320291e+00 2.338398119598695743e-02
6.043744051017540642e+00 2.332499224220121667e-02
6.053365076543760992e+00 2.326738498940061212e-02
6.062986102069983119e+00 2.321087080695190957e-02
6.072607127596203469e+00 2.315516173622843288e-02
6.082228153122423819e+00 2.309997039902376981e-02
6.091849178648644170e+00 2.304500988921462726e-02
6.101470204174866296e+00 2.299001808156465182e-02
6.111091229701086647e+00 2.293495704127499271e-02
6.120712255227306997e+00 2.287990693372653206e-02
6.130333280753527347e+00 2.282494557116591938e-02
6.139954306279747698e+00 2.277014699778317705e-02
6.149575331805969824e+00 2.271563898711040017e-02
6.159196357332190175e+00 2.266197063166492179e-02
6.168817382858410525e+00 2.260987949141142483e-02
6.178438408384630876e+00 2.256010526501728633e-02
6.188059433910851226e+00 2.251338940342935760e-02
6.197680459437073353e+00 2.247015984127074054e-02
6.207301484963293703e+00 2.242920231935346953e-02
6.216922510489514053e+00 2.238877510038614696e-02
6.226543536015734404e+00 2.234714387608020478e-02
6.236164561541956530e+00 2.230258111057588366e-02
6.245785587068176881e+00 2.225409308375214321e-02
6.255406612594397231e+00 2.220314238715511215e-02
6.265027638120617581e+00 2.215169928835057298e-02
6.274648663646837932e+00 2.210172368532086970e-02
6.284269689173060058e+00 2.205515668120433190e-02
6.293890714699280409e+00 2.201304966900844914e-02
6.303511740225500759e+00 2.197470236163909588e-02
6.313132765751721109e+00 2.193922877062360818e-02
6.322753791277941460e+00 2.190576930322167548e-02
6.332374816804163586e+00 2.187349306355550541e-02
6.341995842330383937e+00 2.184179584544720248e-02
6.351616867856604287e+00 2.181030681610214225e-02
6.361237893382824637e+00 2.177865469502012971e-02
6.370858918909046764e+00 2.174645976981413181e-02
6.380479944435267114e+00 2.171337121001097603e-02
6.390100969961487465e+00 2.167942589758743363e-02
6.399721995487707815e+00 2.164489042665549909e-02
6.409343021013928166e+00 2.161003812260356080e-02
6.418964046540150292e+00 2.157515002543533220e-02
6.428585072066370643e+00 2.154051754700267093e-02
6.438206097592590993e+00 2.150644394457010625e-02
6.447827123118811343e+00 2.147324462327188099e-02
6.457448148645033470e+00 2.144124628281705164e-02
6.467069174171253820e+00 2.141078414779586797e-02
6.476690199697474171e+00 2.138214170068626283e-02
6.486311225223694521e+00 2.135550042659539044e-02
6.495932250749914871e+00 2.133101942708159893e-02
6.505553276276136998e+00 2.130884529752663167e-02
6.515174301802357348e+00 2.128907486248747538e-02
6.524795327328577699e+00 2.127137063336781084e-02
6.534416352854798049e+00 2.125512477969168645e-02
6.544037378381018399e+00 2.123974201010133539e-02
6.553658403907240526e+00 2.122464569138018606e-02
6.563279429433460876e+00 2.120930017327438480e-02
6.572900454959681227e+00 2.119326166410261461e-02
6.582521480485901577e+00 2.117609918912369965e-02
6.592142506012123704e+00 2.115737566721789115e-02
6.601763531538344054e+00 2.113667260830511679e-02
6.611384557064564405e+00 2.111424224321047788e-02
6.621005582590784755e+00 2.109109144596790775e-02
6.630626608117005105e+00 2.106825850547063006e-02
6.640247633643227232e+00 2.104676905488570351e-02
6.649868659169447582e+00 2.102753963095127521e-02
6.659489684695667933e+00 2.101098111147600353e-02
6.669110710221888283e+00 2.099735779343185962e-02
6.678731735748108633e+00 2.098696596237728182e-02
6.688352761274330760e+00 2.098011533096923870e-02
6.697973786800551110e+00 2.097629126118914777e-02
6.707594812326771461e+00 2.097378572130199903e-02
6.717215837852991811e+00 2.097078426893210501e-02
6.726836863379213938e+00 2.096545818744816395e-02
6.736457888905434288e+00 2.095628671746594882e-02
6.746078914431654638e+00 2.094362310372216429e-02
6.755699939957874989e+00 2.092850613285816147e-02
6.765320965484095339e+00 2.091198003075036768e-02
6.774941991010317466e+00 2.089509411624716761e-02
6.784563016536537816e+00 2.087890310611172084e-02
6.794184042062758166e+00 2.086446711330787462e-02
6.803805067588978517e+00 2.085285134838784846e-02
6.813426093115200644e+00 2.084512553427802714e-02
6.823047118641420994e+00 2.084200677497427545e-02
6.832668144167641344e+00 2.084262799943228592e-02
6.842289169693861695e+00 2.084567318541859227e-02
6.851910195220082045e+00 2.084981550505578263e-02
6.861531220746304172e+00 2.085375213013703974e-02
6.871152246272524522e+00 2.085683239995188634e-02
6.880773271798744872e+00 2.085899312943094441e-02
6.890394297324965223e+00 2.086021075889035389e-02
6.900015322851185573e+00 2.086048257059686453e-02
6.909636348377407700e+00 2.086007133660256960e-02
6.919257373903628050e+00 2.085984954006040587e-02
6.928878399429848400e+00 2.086076657661275341e-02
6.938499424956068751e+00 2.086375794710554690e-02
6.948120450482290877e+00 2.086947108831103959e-02
6.957741476008511228e+00 2.087657958839249719e-02
6.967362501534731578e+00 2.088290871436384102e-02
6.976983527060951928e+00 2.088629886494746887e-02
6.986604552587172279e+00 2.088470397460705577e-02
6.996225578113394405e+00 2.087856235634711483e-02
7.005846603639614756e+00 2.087094049799910478e-02
7.015467629165835106e+00 2.086502025406897914e-02
7.025088654692055457e+00 2.086396753333561588e-02
7.034709680218275807e+00 2.086952408386758342e-02
7.044330705744497934e+00 2.087998835790259855e-02
7.053951731270718284e+00 2.089315274276602741e-02
7.063572756796938634e+00 2.090682015006993175e-02
7.073193782323158985e+00 2.091911831830309959e-02
7.082814807849381111e+00 2.092994719358006600e-02
7.092435833375601462e+00 2.093982243290061149e-02
7.102056858901821812e+00 2.094925798002023054e-02
7.111677884428042162e+00 2.095876564207760709e-02
7.121298909954262513e+00 2.096885524983967478e-02
7.130919935480484639e+00 2.098003475578187269e-02
7.140540961006704990e+00 2.099281027109000178e-02
7.150161986532925340e+00 2.100766654318782234e-02
7.159783012059145690e+00 2.102431927272580339e-02
7.169404037585366041e+00 2.104148199916524783e-02
7.179025063111588167e+00 2.105780207024971623e-02
7.188646088637808518e+00 2.107193181115044750e-02
7.198267114164028868e+00 2.108338898764381547e-02
7.207888139690249218e+00 2.109367637084084285e-02
7.217509165216471345e+00 2.110457156176845372e-02
7.227130190742691696e+00 2.111784875087332342e-02
7.236751216268912046e+00 2.113478677255044638e-02
7.246372241795132396e+00 2.115472543243222467e-02
7.255993267321352747e+00 2.117653473116468468e-02
7.265614292847574873e+00 2.119909402307151858e-02
7.275235318373795224e+00 2.122139254879374520e-02
7.284856343900015574e+00 2.124307865507462506e-02
7.294477369426235924e+00 2.126405731347673703e-02
7.304098394952458051e+00 2.128423002821390117e-02
7.313719420478678401e+00 2.130349491392931685e-02
7.323340446004898752e+00 2.132174720226404085e-02
7.332961471531119102e+00 2.133887952583304534e-02
7.342582497057339452e+00 2.135478198628196558e-02
7.352203522583561579e+00 2.136939738086673229e-02
7.361824548109781929e+00 2.138353688731558719e-02
7.371445573636002280e+00 2.139870513331960586e-02
7.381066599162222630e+00 2.141642857731862123e-02
7.390687624688442980e+00 2.143817889299434731e-02
7.400308650214665107e+00 2.146406242509435111e-02
7.409929675740885457e+00 2.149279312876324274e-02
7.419550701267105808e+00 2.152302058621562847e-02
7.429171726793326158e+00 2.155339240538968817e-02
7.438792752319548285e+00 2.158255411419458467e-02
7.448413777845768635e+00 2.160914895916369108e-02
7.458034803371988986e+00 2.163181761027202846e-02
7.467655828898209336e+00 2.164924107718424820e-02
7.477276854424429686e+00 2.166213217520682882e-02
7.486897879950651813e+00 2.167407644178733633e-02
7.496518905476872163e+00 2.168888981334863089e-02
7.506139931003092514e+00 2.171035285192844666e-02
7.515760956529312864e+00 2.173946984948801550e-02
7.525381982055533214e+00 2.177299145654190693e-02
7.535003007581755341e+00 2.180730098731793395e-02
7.544624033107975691e+00 2.183881014467231943e-02
7.554245058634196042e+00 2.186610453611273833e-02
7.563866084160416392e+00 2.189117991129508820e-02
7.573487109686638519e+00 2.191633051248928835e-02
7.583108135212858869e+00 2.194383042114373544e-02
7.592729160739079219e+00 2.197471668547456777e-02
7.602350186265299570e+00 2.200814381844044126e-02
7.611971211791519920e+00 2.204310871864218271e-02
7.621592237317742047e+00 2.207861332836982826e-02
7.631213262843962397e+00 2.211388461517864099e-02
7.640834288370182747e+00 2.214846634726606867e-02
7.650455313896403098e+00 2.218192923822313173e-02
7.660076339422623448e+00 2.221386517156155593e-02
7.669697364948845575e+00 2.224448444090242408e-02
7.679318390475065925e+00 2.227475061201729042e-02
7.688939416001286276e+00 2.230567009213222512e-02
7.698560441527506626e+00 2.233821753977008329e-02
7.708181467053728753e+00 2.237267975842266790e-02
7.717802492579949103e+00 2.240864409711014818e-02
7.727423518106169453e+00 2.244566624096169805e-02
7.737044543632389804e+00 2.248330165724865548e-02
7.746665569158610154e+00 2.252110560833429226e-02
7.756286594684832281e+00 2.255863317081492972e-02
7.765907620211052631e+00 2.259543926148716020e-02
7.775528645737272981e+00 2.263120455037630555e-02
7.785149671263493332e+00 2.266695374571216573e-02
7.794770696789715458e+00 2.270452885765689502e-02
7.804391722315935809e+00 2.274578877882475758e-02
7.814012747842156159e+00 2.279194666536529454e-02
7.823633773368376509e+00 2.283967685373324355e-02
7.833254798894596860e+00 2.288371578174755450e-02
7.842875824420818986e+00 2.291879038072688196e-02
7.852496849947039337e+00 2.294174781506530536e-02
7.862117875473259687e+00 2.295890904176348460e-02
7.871738900999480038e+00 2.297923390299598523e-02
7.881359926525700388e+00 2.301166685189976954e-02
7.890980952051922515e+00 2.306078196091405560e-02
7.900601977578142865e+00 2.311918935580173709e-02
7.910223003104363215e+00 2.317749047747277510e-02
7.919844028630583566e+00 2.322639371499928690e-02
7.929465054156805692e+00 2.326224667273493057e-02
7.939086079683026043e+00 2.329070511184280073e-02
7.948707105209246393e+00 2.331828890391214257e-02
7.958328130735466743e+00 2.335132231722707868e-02
7.967949156261687094e+00 2.339191511184149710e-02
7.977570181787909220e+00 2.343805252323335683e-02
7.987191207314129571e+00 2.348755325485791037e-02
7.996812232840349921e+00 2.353835389548844526e-02
8.006433258366570271e+00 2.358943025238008015e-02
8.016054283892790622e+00 2.364032870418220772e-02
8.025675309419012748e+00 2.369060048121972642e-02
8.035296334945233099e+00 2.373979585021809141e-02
8.044917360471453449e+00 2.378746427750606102e-02
8.054538385997673799e+00 2.383315456409790950e-02
8.064159411523895926e+00 2.387641495345636106e-02
8.073780437050116277e+00 2.391679321264665939e-02
8.083401462576336627e+00 2.395383668750802886e-02
8.093022488102556977e+00 2.398709233239052288e-02
8.102643513628777328e+00 2.401622617543329105e-02
8.112264539154999454e+00 2.404398705812111139e-02
8.121885564681219805e+00 2.407640547535734588e-02
8.131506590207440155e+00 2.411967073790316496e-02
8.141127615733660505e+00 2.417872193070044057e-02
8.150748641259882632e+00 2.424797248473760033e-02
8.160369666786102982e+00 2.431656144173864262e-02
8.169990692312323333e+00 2.437358836796576014e-02
8.179611717838543683e+00 2.441215988161342040e-02
8.189232743364764033e+00 2.443878534864573834e-02
8.198853768890986160e+00 2.446277889794522264e-02
8.208474794417206510e+00 2.449335653206874408e-02
8.218095819943426861e+00 2.453505627559343996e-02
8.227716845469647211e+00 2.458593965123726313e-02
8.237337870995867561e+00 2.464359075671755661e-02
8.246958896522089688e+00 2.470555092188878032e-02
8.256579922048310038e+00 2.476896126028761344e-02
8.266200947574530389e+00 2.483073824857545339e-02
8.275821973100750739e+00 2.488780531834895379e-02
8.285442998626972866e+00 2.493813217955513292e-02
8.295064024153193216e+00 2.498320110535858646e-02
8.304685049679413567e+00 2.502523290315684934e-02
8.314306075205633917e+00 2.506644606472345840e-02
8.323927100731854267e+00 2.510905773709848354e-02
8.333548126258076394e+00 2.515528357704658463e-02
8.343169151784296744e+00 2.520733650712064788e-02
8.352790177310517095e+00 2.526678578939959424e-02
8.362411202836737445e+00 2.533043642682383453e-02
8.372032228362957795e+00 2.539295349888819053e-02
8.381653253889179922e+00 2.544901805508961723e-02
8.391274279415400272e+00 2.549652064225882073e-02
8.400895304941620623e+00 2.554068729868238033e-02
8.410516330467840973e+00 2.558776475953151996e-02
8.420137355994063100e+00 2.564357139763535562e-02
8.429758381520283450e+00 2.570752960509374227e-02
8.439379407046503800e+00 2.577413527282328837e-02
8.449000432572724151e+00 2.583777430095995226e-02
8.458621458098944501e+00 2.589423725822019573e-02
8.468242483625166628e+00 2.594451315650499884e-02
8.477863509151386978e+00 2.599080059415691951e-02
8.487484534677607328e+00 2.603529410451828688e-02
8.497105560203827679e+00 2.608018676749226591e-02
8.506726585730048029e+00 2.612767149294916574e-02
8.516347611256270156e+00 2.617994100024812268e-02
8.525968636782490506e+00 2.623844312419145244e-02
8.535589662308710857e+00 2.630073752862631051e-02
8.545210687834931207e+00 2.636311984853624210e-02
8.554831713361153334e+00 2.642193577801867782e-02
8.564452738887373684e+00 2.647565036349823139e-02
8.574073764413594034e+00 2.652564904404328475e-02
8.583694789939814385e+00 2.657352953046782096e-02
8.593315815466034735e+00 2.662088901797489068e-02
8.602936840992256862e+00 2.666932450707164975e-02
8.612557866518477212e+00 2.672043279698550766e-02
8.622178892044697562e+00 2.677578815732039458e-02
8.631799917570917913e+00 2.683579676737857939e-02
8.641420943097140039e+00 2.689913831930720173e-02
8.651041968623360390e+00 2.696435407297509759e-02
8.660662994149580740e+00 2.702996206492065678e-02
8.670284019675801090e+00 2.709433141509360113e-02
8.679905045202021441e+00 2.715577521981096809e-02
8.689526070728243567e+00 2.721264283247741902e-02
8.699147096254463918e+00 2.726486054893220365e-02
8.708768121780684268e+00 2.731451687878763690e-02
8.718389147306904619e+00 2.736385574245508295e-02
8.728010172833124969e+00 2.741478205867846699e-02
8.737631198359347096e+00 2.746745006662690974e-02
8.747252223885567446e+00 2.752145206869558228e-02
8.756873249411787796e+00 2.757640109875749215e-02
8.766494274938009923e+00 2.763244889827437892e-02
8.776115300464230273e+00 2.769034748416722078e-02
8.785736325990450624e+00 2.775088763489767102e-02
8.795357351516670974e+00 2.781443567525773014e-02
8.804978377042891324e+00 2.787973805556679535e-02
8.814599402569113451e+00 2.794515888307355991e-02
8.824220428095333801e+00 2.800913765964476582e-02
8.833841453621554152e+00 2.807127551772567453e-02
8.843462479147774502e+00 2.813207906871960373e-02
8.853083504673996629e+00 2.819207941454419247e-02
8.862704530200216979e+00 2.825180867959464423e-02
8.872325555726437329e+00 2.831180009284893842e-02
8.881946581252657680e+00 2.837258768032312542e-02
8.891567606778878030e+00 2.843453050405737870e-02
8.901188632305100157e+00 2.849660885118877537e-02
8.910809657831320507e+00 2.855715047597522441e-02
8.920430683357540858e+00 2.861452021050621061e-02
8.930051708883761208e+00 2.866874822363283185e-02
8.939672734409981558e+00 2.872207613920932379e-02
8.949293759936203685e+00 2.877689887822326362e-02
8.958914785462424035e+00 2.883519271553123056e-02
8.968535810988644386e+00 2.889734875426920938e-02
8.978156836514864736e+00 2.896339036238623418e-02
8.987777862041086863e+00 2.903316708504655175e-02
8.997398887567307213e+00 2.910429451575908058e-02
9.007019913093527563e+00 2.917289084709334332e-02
9.016640938619747914e+00 2.923509587608610905e-02
9.026261964145968264e+00 2.929004839668093718e-02
9.035882989672190391e+00 2.934196668778318515e-02
9.045504015198410741e+00 2.939556526767043987e-02
9.055125040724631091e+00 2.945468733769533720e-02
9.064746066250851442e+00 2.951920671750571726e-02
9.074367091777071792e+00 2.958787352273506768e-02
9.083988117303293919e+00 2.965943909236654075e-02
9.093609142829514269e+00 2.973268856520951825e-02
9.103230168355734619e+00 2.980643172854969408e-02
9.112851193881954970e+00 2.987947985826342606e-02
9.122472219408177097e+00 2.995064502674457674e-02
9.132093244934397447e+00 3.001873951430180862e-02
9.141714270460617797e+00 3.008257482702007823e-02
9.151335295986838148e+00 3.014173280477038322e-02
9.160956321513058498e+00 3.019879494564018524e-02
9.170577347039280625e+00 3.025707415768432579e-02
9.180198372565500975e+00 3.031936377124605855e-02
9.189819398091721325e+00 3.038335102929106205e-02
9.199440423617941676e+00 3.044383808261361471e-02
9.209061449144162026e+00 3.049582685295506093e-02
9.218682474670384153e+00 3.054182356869560716e-02
9.228303500196604503e+00 3.059325284086171146e-02
9.237924525722824853e+00 3.066203968715250708e-02
9.247545551249045204e+00 3.075239133825618740e-02
9.257166576775267330e+00 3.084940534408992310e-02
9.266787602301487681e+00 3.093527540530414607e-02
9.276408627827708031e+00 3.099608946804707083e-02
9.286029653353928381e+00 3.103875888949221562e-02
9.295650678880148732e+00 3.107713566268432981e-02
9.305271704406370858e+00 3.112422758914110479e-02
9.314892729932591209e+00 3.118272624422150849e-02
9.324513755458811559e+00 3.124844791744095865e-02
9.334134780985031909e+00 3.131713284825562993e-02
9.343755806511254036e+00 3.138622285759357783e-02
9.353376832037474387e+00 3.145527724916548362e-02
9.362997857563694737e+00 3.152399016924247593e-02
9.372618883089915087e+00 3.159206016455017030e-02
9.382239908616135438e+00 3.165919001811642181e-02
9.391860934142357564e+00 3.172508436917655106e-02
9.401481959668577915e+00 3.178961055642397227e-02
9.411102985194798265e+00 3.185334987868065904e-02
9.420724010721018615e+00 3.191708225578872987e-02
9.430345036247238966e+00 3.198149714955154932e-02
9.439966061773461092e+00 3.204652868142016803e-02
9.449587087299681443e+00 3.211175057967659285e-02
9.459208112825901793e+00 3.217681363244132703e-02
9.468829138352122143e+00 3.224243431146384120e-02
9.478450163878344270e+00 3.231020351369302823e-02
9.488071189404564620e+00 3.238170058155790537e-02
9.497692214930784971e+00 3.245687167182773059e-02
9.507313240457005321e+00 3.253345823850499474e-02
9.516934265983225671e+00 3.260904497823218645e-02
9.526555291509447798e+00 3.268121567169591374e-02
9.536176317035668148e+00 3.274755351097789063e-02
9.545797342561888499e+00 3.280564154563098828e-02
9.555418368088108849e+00 3.285490846568503431e-02
9.565039393614329200e+00 3.290120512069215353e-02
9.574660419140551326e+00 3.295178175070675314e-02
9.584281444666771677e+00 3.301263431958060407e-02
9.593902470192992027e+00 3.308279222938409481e-02
9.603523495719212377e+00 3.315888343842200020e-02
9.613144521245434504e+00 3.323753379950575293e-02
9.622765546771654854e+00 3.331536987848183334e-02
9.632386572297875205e+00 3.338901742058654476e-02
9.642007597824095555e+00 3.345538295077293139e-02
9.651628623350315905e+00 3.351543004430766054e-02
9.661249648876538032e+00 3.357315500307817696e-02
9.670870674402758382e+00 3.363253114578153985e-02
9.680491699928978733e+00 3.369487876201502502e-02
9.690112725455199083e+00 3.375876313495112385e-02
9.699733750981419433e+00 3.382263596506891734e-02
9.709354776507641560e+00 3.388613538009915133e-02
9.718975802033861910e+00 3.395060663838193188e-02
9.728596827560082261e+00 3.401755615297221563e-02
9.738217853086302611e+00 3.408739897578040579e-02
9.747838878612524738e+00 3.415850231383307789e-02
9.757459904138745088e+00 3.422903877544342804e-02
9.767080929664965439e+00 3.429767277159096600e-02
9.776701955191185789e+00 3.436423886229875851e-02
9.786322980717406139e+00 3.442878921255152630e-02
9.795944006243628266e+00 3.449165394474813101e-02
9.805565031769848616e+00 3.455387468482457036e-02
9.815186057296068967e+00 3.461662147397092520e-02
9.824807082822289317e+00 3.468084758019872316e-02
9.834428108348511444e+00 3.474664179454897001e-02
9.844049133874731794e+00 3.481388300645763684e-02
9.853670159400952144e+00 3.488246110629458080e-02
9.863291184927172495e+00 3.495227870662961228e-02
9.872912210453392845e+00 3.502324405543608132e-02
9.882533235979614972e+00 3.509535690624216581e-02
9.892154261505835322e+00 3.516918778721099537e-02
9.901775287032055672e+00 3.524553383780273941e-02
9.911396312558276023e+00 3.532467455159668535e-02
9.921017338084496373e+00 3.540323823992960056e-02
9.930638363610718500e+00 3.547633742790372996e-02
9.940259389136938850e+00 3.554004933209693740e-02
9.949880414663159200e+00 3.559784509714403189e-02
9.959501440189379551e+00 3.565661381227885895e-02
9.969122465715601678e+00 3.572228842919050046e-02
9.978743491241822028e+00 3.579258790115759370e-02
9.988364516768042378e+00 3.586110026873158552e-02
9.997985542294262729e+00 3.592236759172234839e-02
1.000760656782048308e+01 3.597977169073361681e-02
1.001722759334670521e+01 3.604145351689385518e-02
1.002684861887292556e+01 3.611452237935870030e-02
1.003646964439914591e+01 3.619566185882711756e-02
1.004609066992536626e+01 3.627571017233863215e-02
1.005571169545158661e+01 3.634629451872681272e-02
1.006533272097780873e+01 3.640738006513755814e-02
1.007495374650402908e+01 3.646368307863590702e-02
1.008457477203024943e+01 3.651998001267058036e-02
1.009419579755646978e+01 3.658105042410027263e-02
1.010381682308269191e+01 3.665166333150628869e-02
1.011343784860891226e+01 3.673538363569447962e-02
1.012305887413513261e+01 3.682476528589066767e-02
1.013267989966135296e+01 3.690642474052839572e-02
1.014230092518757331e+01 3.696881870077466797e-02
1.015192195071379544e+01 3.701633158971880111e-02
1.016154297624001579e+01 3.706159758749873190e-02
1.017116400176623614e+01 3.711616309359404287e-02
1.018078502729245649e+01 3.718217561316198433e-02
1.019040605281867862e+01 3.725730403165652266e-02
1.020002707834489897e+01 3.733865841835789373e-02
1.020964810387111932e+01 3.741914787088516936e-02
1.021926912939733967e+01 3.748983520257053587e-02
1.022889015492356002e+01 3.754415277265751860e-02
1.023851118044978215e+01 3.759021306826503678e-02
1.024813220597600250e+01 3.764171608424040499e-02
1.025775323150222285e+01 3.770901251201541626e-02
1.026737425702844320e+01 3.778488726458650165e-02
1.027699528255466355e+01 3.785641143597116842e-02
1.028661630808088567e+01 3.791373660104958160e-02
1.029623733360710602e+01 3.796035871134452455e-02
1.030585835913332637e+01 3.800339560871235367e-02
1.031547938465954672e+01 3.804996236686485067e-02
1.032510041018576885e+01 3.810717416866636620e-02
1.033472143571198920e+01 3.818213694421809801e-02
1.034434246123820955e+01 3.827619742003759290e-02
1.035396348676442990e+01 3.837450779735388645e-02
1.036358451229065025e+01 3.845945043211893011e-02
1.037320553781687238e+01 3.852344898176605220e-02
1.038282656334309273e+01 3.858107586499645580e-02
1.039244758886931308e+01 3.864972571672840862e-02
1.040206861439553343e+01 3.873535293558100223e-02
1.041168963992175378e+01 3.882437092434953829e-02
1.042131066544797591e+01 3.890153558577343768e-02
1.043093169097419626e+01 3.896109408409068053e-02
1.044055271650041661e+01 3.900967466529920574e-02
1.045017374202663696e+01 3.905474152464794013e-02
1.045979476755285908e+01 3.910377309621403813e-02
1.046941579307907944e+01 3.916426621514541156e-02
1.047903681860529979e+01 3.924283572233282918e-02
1.048865784413152014e+01 3.933384791903082878e-02
1.049827886965774049e+01 3.942278100080898184e-02
1.050789989518396261e+01 3.949630689021108032e-02
1.051752092071018296e+01 3.955360209727831755e-02
1.052714194623640331e+01 3.960039308947801290e-02
1.053676297176262366e+01 3.964254777117047490e-02
1.054638399728884401e+01 3.968601155386045076e-02
1.055600502281506614e+01 3.973674990004118224e-02
1.056562604834128649e+01 3.979884286325197085e-02
1.057524707386750684e+01 3.986945368632485026e-02
1.058486809939372719e+01 3.994425389792337355e-02
1.059448912491994932e+01 4.001939796689342466e-02
1.060411015044616967e+01 4.009189606807025963e-02
1.061373117597239002e+01 4.015890765056763512e-02
1.062335220149861037e+01 4.021982650072616905e-02
1.063297322702483072e+01 4.027759434626689006e-02
1.064259425255105285e+01 4.033546099907706767e-02
1.065221527807727320e+01 4.039653886633312596e-02
1.066183630360349355e+01 4.046379867505875416e-02
1.067145732912971390e+01 4.053971588212564037e-02
1.068107835465593602e+01 4.062069310776152131e-02
1.069069938018215637e+01 4.069901425923076743e-02
1.070032040570837673e+01 4.076798224094123346e-02
1.070994143123459708e+01 4.082841749666848291e-02
1.071956245676081743e+01 4.088429429178194047e-02
1.072918348228703955e+01 4.093926639664533657e-02
1.073880450781325990e+01 4.099568220172234573e-02
1.074842553333948025e+01 4.105557203923087400e-02
1.075804655886570060e+01 4.112096854635559351e-02
1.076766758439192095e+01 4.119390599257968105e-02
1.077728860991814308e+01 4.127624364030987175e-02
1.078690963544436343e+01 4.136273749295720642e-02
1.079653066097058378e+01 4.143875155978214708e-02
1.080615168649680413e+01 4.149021319375522515e-02
1.081577271202302626e+01 4.152145218059624665e-02
1.082539373754924661e+01 4.155109098726816885e-02
1.083501476307546696e+01 4.159647652889649633e-02
1.084463578860168731e+01 4.166286277549973577e-02
1.085425681412790766e+01 4.175019386612776467e-02
1.086387783965412979e+01 4.185417810105918762e-02
1.087349886518035014e+01 4.195497654225253253e-02
1.088311989070657049e+01 4.202929925075429146e-02
1.089274091623279084e+01 4.206918978577920548e-02
1.090236194175901119e+01 4.209637860150038102e-02
1.091198296728523331e+01 4.213530453828413097e-02
1.092160399281145367e+01 4.219314864344787114e-02
1.093122501833767402e+01 4.225906147150700065e-02
1.094084604386389437e+01 4.232228956712844048e-02
1.095046706939011649e+01 4.238068840513888741e-02
1.096008809491633684e+01 4.243688478443313067e-02
1.096970912044255719e+01 4.249354514861790333e-02
1.097933014596877754e+01 4.255332902528723149e-02
1.098895117149499789e+01 4.261887217774145559e-02
1.099857219702122002e+01 4.268970129795222196e-02
1.100819322254744037e+01 4.275875478708135446e-02
1.101781424807366072e+01 4.281846950023129178e-02
1.102743527359988107e+01 4.286972203697089756e-02
1.103705629912610142e+01 4.292238550452167484e-02
1.104667732465232355e+01 4.298564531280048978e-02
1.105629835017854390e+01 4.305881066390716827e-02
1.106591937570476425e+01 4.313612768198689384e-02
1.107554040123098460e+01 4.321229646967932742e-02
1.108516142675720673e+01 4.328340383282583415e-02
1.109478245228342708e+01 4.334591950198805888e-02
1.110440347780964743e+01 4.339917353660070753e-02
1.111402450333586778e+01 4.344748162515801870e-02
1.112364552886208813e+01 4.349566728782099101e-02
1.113326655438831025e+01 4.354690382794178943e-02
1.114288757991453060e+01 4.360293186837378016e-02
1.115250860544075096e+01 4.366494678120234202e-02
1.116212963096697131e+01 4.373100380402505233e-02
1.117175065649319343e+01 4.379796640478671871e-02
1.118137168201941378e+01 4.386268648880482790e-02
1.119099270754563413e+01 4.392201251566529158e-02
1.120061373307185448e+01 4.397299371783101180e-02
1.121023475859807483e+01 4.401816233824096952e-02
1.121985578412429696e+01 4.406610207695191989e-02
1.122947680965051731e+01 4.412425803164294474e-02
1.123909783517673766e+01 4.418815329433394695e-02
1.124871886070295801e+01 4.424753547614433680e-02
1.125833988622917836e+01 4.429615291463796789e-02
1.126796091175540049e+01 4.434017059224031748e-02
1.127758193728162084e+01 4.438800580203040164e-02
1.128720296280784119e+01 4.444359283286746648e-02
1.129682398833406154e+01 4.450519998382866660e-02
1.130644501386028367e+01 4.457073581255655004e-02
1.131606603938650402e+01 4.463811435301149461e-02
1.132568706491272437e+01 4.470525547852394893e-02
1.133530809043894472e+01 4.477106875220551729e-02
1.134492911596516507e+01 4.483764416352895021e-02
1.135455014149138719e+01 4.490763073666443478e-02
1.136417116701760754e+01 4.498099131555055585e-02
1.137379219254382789e+01 4.505431768100906509e-02
1.138341321807004825e+01 4.512399735765637576e-02
1.139303424359626860e+01 4.518642966670476796e-02
1.140265526912249072e+01 4.523802488709383757e-02
1.141227629464871107e+01 4.527786361845488605e-02
1.142189732017493142e+01 4.531273972786300369e-02
1.143151834570115177e+01 4.535071001588428935e-02
1.144113937122737390e+01 4.539665658191246317e-02
1.145076039675359425e+01 4.545202597923531096e-02
1.146038142227981460e+01 4.551665720022612938e-02
1.147000244780603495e+01 4.558062442308748879e-02
1.147962347333225530e+01 4.563002421435680828e-02
1.148924449885847743e+01 4.566057415446345136e-02
1.149886552438469778e+01 4.568968205640753372e-02
1.150848654991091813e+01 4.573682356231344170e-02
1.151810757543713848e+01 4.580383574129538032e-02
1.152772860096336061e+01 4.587797441211952099e-02
1.153734962648958096e+01 4.594776467325530772e-02
1.154697065201580131e+01 4.600927128673650002e-02
1.155659167754202166e+01 4.606076351605533498e-02
1.156621270306824201e+01 4.610312909668074638e-02
1.157583372859446413e+01 4.614115613059205367e-02
1.158545475412068448e+01 4.617994759976774138e-02
1.159507577964690483e+01 4.622460433558196746e-02
1.160469680517312518e+01 4.628021704232975625e-02
1.161431783069934554e+01 4.634731700051821640e-02
1.162393885622556766e+01 4.641414123761151284e-02
1.163355988175178801e+01 4.646781072911483623e-02
1.164318090727800836e+01 4.651369954637332021e-02
1.165280193280422871e+01 4.657380475646419327e-02
1.166242295833045084e+01 4.666210096007632896e-02
1.167204398385667119e+01 4.675178921270835286e-02
1.168166500938289154e+01 4.680469211671524354e-02
1.169128603490911189e+01 4.681376572455817064e-02
1.170090706043533224e+01 4.681690624569481707e-02
1.171052808596155437e+01 4.685060139750425040e-02
1.172014911148777472e+01 4.691248354228906570e-02
1.172977013701399507e+01 4.698180708998127980e-02
1.173939116254021542e+01 4.704460311832021902e-02
1.174901218806643577e+01 4.710203308330380978e-02
1.175863321359265790e+01 4.715715109338367711e-02
1.176825423911887825e+01 4.721141913453681671e-02
1.177787526464509860e+01 4.726518262003123055e-02
1.178749629017131895e+01 4.731876176457811001e-02
1.179711731569754107e+01 4.737247496961371346e-02
1.180673834122376142e+01 4.742663883131277569e-02
1.181635936674998177e+01 4.748156754713088457e-02
1.182598039227620212e+01 4.753757172736775699e-02
1.183560141780242247e+01 4.759410130481252221e-02
1.184522244332864460e+01 4.764677752627042434e-02
1.185484346885486495e+01 4.769030149935755969e-02
1.186446449438108530e+01 4.772412682226945951e-02
1.187408551990730565e+01 4.775362617469876975e-02
1.188370654543352600e+01 4.778430560167520186e-02
1.189332757095974813e+01 4.782029598595267245e-02
1.190294859648596848e+01 4.786514264614711439e-02
1.191256962201218883e+01 4.791780568306903271e-02
1.192219064753840918e+01 4.797021594454518867e-02
1.193181167306463131e+01 4.801505562104915747e-02
1.194143269859085166e+01 4.805461335359174913e-02
1.195105372411707201e+01 4.809540533455088779e-02
1.196067474964329236e+01 4.814133211739303475e-02
1.197029577516951271e+01 4.819152053939188690e-02
1.197991680069573484e+01 4.824459027594467375e-02
1.198953782622195519e+01 4.829915819535139654e-02
1.199915885174817554e+01 4.835384660729288853e-02
1.200877987727439589e+01 4.840802240876741769e-02
1.201840090280061801e+01 4.846255842656028989e-02
1.202802192832683836e+01 4.851806994371867660e-02
1.203764295385305871e+01 4.857085853274172027e-02
1.204726397937927906e+01 4.861487949626053934e-02
1.205688500490549941e+01 4.864914540050498809e-02
1.206650603043172154e+01 4.868339504379304294e-02
1.207612705595794189e+01 4.872766591155180960e-02
1.208574808148416224e+01 4.878158743657684537e-02
1.209536910701038259e+01 4.883894819539771198e-02
1.210499013253660294e+01 4.889347030903588853e-02
1.211461115806282507e+01 4.893887417117034899e-02
1.212423218358904542e+01 4.896989853662601228e-02
1.213385320911526577e+01 4.899073938960405578e-02
1.214347423464148612e+01 4.901069558963200984e-02
1.215309526016770825e+01 4.903609132140444166e-02
1.216271628569392860e+01 4.906729025241748920e-02
1.217233731122014895e+01 4.910395967281289131e-02
1.218195833674636930e+01 4.914576897785156995e-02
1.219157936227258965e+01 4.919239037013057453e-02
1.220120038779881178e+01 4.924349907051402825e-02
1.221082141332503213e+01 4.929877303165496050e-02
1.222044243885125248e+01 4.935755698275080122e-02
1.223006346437747283e+01 4.941682615904492704e-02
1.223968448990369318e+01 4.947253265921069953e-02
1.224930551542991530e+01 4.952079074311885321e-02
1.225892654095613565e+01 4.955797885959448146e-02
1.226854756648235600e+01 4.958220522343025766e-02
1.227816859200857635e+01 4.960119803640442027e-02
1.228778961753479848e+01 4.962588608539206247e-02
1.229741064306101883e+01 4.966114911788469671e-02
1.230703166858723918e+01 4.970453645413831778e-02
1.231665269411345953e+01 4.975296642738713526e-02
1.232627371963967988e+01 4.980257286666965599e-02
1.233589474516590201e+01 4.984942805735992355e-02
1.234551577069212236e+01 4.989228810088528615e-02
1.235513679621834271e+01 4.993240463608842467e-02
1.236475782174456306e+01 4.997112344499203551e-02
1.237437884727078341e+01 5.000978722259005749e-02
1.238399987279700554e+01 5.004973256186716346e-02
1.239362089832322589e+01 5.009227437498679769e-02
1.240324192384944624e+01 5.013869697388134011e-02
1.241286294937566659e+01 5.018657319849858384e-02
1.242248397490188871e+01 5.022543305086981519e-02
1.243210500042810907e+01 5.024653061956704109e-02
1.244172602595432942e+01 5.026276911175239781e-02
1.245134705148054977e+01 5.029697917233886401e-02
1.246096807700677012e+01 5.035454879353395974e-02
1.247058910253299224e+01 5.041519437371030227e-02
1.248021012805921259e+01 5.046050128515022770e-02
1.248983115358543294e+01 5.049120251198772197e-02
1.249945217911165329e+01 5.051397936589722970e-02
1.250907320463787542e+01 5.053727501814076623e-02
1.251869423016409577e+01 5.057118169865335022e-02
1.252831525569031612e+01 5.062101128668464872e-02
1.253793628121653647e+01 5.067794265831135347e-02
1.254755730674275682e+01 5.073059915769827927e-02
1.255717833226897895e+01 5.076761907505671079e-02
1.256679935779519930e+01 5.077787640798273050e-02
1.257642038332141965e+01 5.076864519880132376e-02
1.258604140884764000e+01 5.077877831151874494e-02
1.259566243437386035e+01 5.083942734649488787e-02
1.260528345990008248e+01 5.092274442079358643e-02
1.261490448542630283e+01 5.098247365269604342e-02
1.262452551095252318e+01 5.100839100250066649e-02
1.263414653647874353e+01 5.102597514681029428e-02
1.264376756200496565e+01 5.105288217120550198e-02
1.265338858753118600e+01 5.108024857107885258e-02
1.266300961305740636e+01 5.109646670115958883e-02
1.267263063858362671e+01 5.110687046509017339e-02
1.268225166410984706e+01 5.112582993109796720e-02
1.269187268963606918e+01 5.115762449045818672e-02
1.270149371516228953e+01 5.119127345741565638e-02
1.271111474068850988e+01 5.121739930619306769e-02
1.272073576621473023e+01 5.123902287681230544e-02
1.273035679174095058e+01 5.126254052752253487e-02
1.273997781726717271e+01 5.129434558328065802e-02
1.274959884279339306e+01 5.134077433260285372e-02
1.275921986831961341e+01 5.140014412852387388e-02
1.276884089384583376e+01 5.145434612466043972e-02
1.277846191937205589e+01 5.148760082613330208e-02
1.278808294489827624e+01 5.151011957192810214e-02
1.279770397042449659e+01 5.154103210178211103e-02
1.280732499595071694e+01 5.158354803025875374e-02
1.281694602147693729e+01 5.162524134963973610e-02
1.282656704700315942e+01 5.165760051499665440e-02
1.283618807252937977e+01 5.168381805233710630e-02
1.284580909805560012e+01 5.170893453613654295e-02
1.285543012358182047e+01 5.173799183503935417e-02
1.286505114910804259e+01 5.177572241868586000e-02
1.287467217463426294e+01 5.181787946242302073e-02
1.288429320016048329e+01 5.185006915135782074e-02
1.289391422568670365e+01 5.186340388012340707e-02
1.290353525121292400e+01 5.186647009821103438e-02
1.291315627673914612e+01 5.187099078646324052e-02
1.292277730226536647e+01 5.188869275031085526e-02
1.293239832779158682e+01 5.193069076104622761e-02
1.294201935331780717e+01 5.198854558268563297e-02
1.295164037884402752e+01 5.203071102701993522e-02
1.296126140437024965e+01 5.203865467671901085e-02
1.297088242989647000e+01 5.203586084921236338e-02
1.298050345542269035e+01 5.204996290798860614e-02
1.299012448094891070e+01 5.208080069943810814e-02
1.299974550647513283e+01 5.211524618596920927e-02
1.300936653200135318e+01 5.214790769829499850e-02
1.301898755752757353e+01 5.218217131117160873e-02
1.302860858305379388e+01 5.221923266260287966e-02
1.303822960858001423e+01 5.225320901616132413e-02
1.304785063410623636e+01 5.227817345760512463e-02
1.305747165963245671e+01 5.229582776924644044e-02
1.306709268515867706e+01 5.231098143159534225e-02
1.307671371068489741e+01 5.232622716509850030e-02
1.308633473621111776e+01 5.234199761084459140e-02
1.309595576173733988e+01 5.235864987555694655e-02
1.310557678726356023e+01 5.237655767395232864e-02
1.311519781278978058e+01 5.239689867425850744e-02
1.312481883831600094e+01 5.242514979683057103e-02
1.313443986384222306e+01 5.246717426546415597e-02
1.314406088936844341e+01 5.251327052458716615e-02
1.315368191489466376e+01 5.254212048038698485e-02
1.316330294042088411e+01 5.254856738886946182e-02
1.317292396594710446e+01 5.255476598089118406e-02
1.318254499147332659e+01 5.257560898744525341e-02
1.319216601699954694e+01 5.258822862424200606e-02
1.320178704252576729e+01 5.256700260600312424e-02
1.321140806805198764e+01 5.254545115296692381e-02
1.322102909357820799e+01 5.258744041728972973e-02
1.323065011910443012e+01 5.269380468490323516e-02
1.324027114463065047e+01 5.279200035637363758e-02
1.324989217015687082e+01 5.283134445659889988e-02
1.325951319568309117e+01 5.282534249908086427e-02
1.326913422120931330e+01 5.279724952752592321e-02
1.327875524673553365e+01 5.277032392637304864e-02
1.328837627226175400e+01 5.276650808101676637e-02
1.329799729778797435e+01 5.278914132689099120e-02
1.330761832331419470e+01 5.282762186418520772e-02
1.331723934884041682e+01 5.286097200982364797e-02
1.332686037436663717e+01 5.285308356583388878e-02
1.333648139989285752e+01 5.279440322719885365e-02
1.334610242541907787e+01 5.276293677358172285e-02
1.335572345094530000e+01 5.283622175520913400e-02
1.336534447647152035e+01 5.296885452068765543e-02
1.337496550199774070e+01 5.306670786246425048e-02
1.338458652752396105e+01 5.309727885609422104e-02
1.339420755305018140e+01 5.308079409687488370e-02
1.340382857857640353e+01 5.304244873788792336e-02
1.341344960410262388e+01 5.301289502614878885e-02
1.342307062962884423e+01 5.301456071022780936e-02
1.343269165515506458e+01 5.304035705364446018e-02
1.344231268068128493e+01 5.307697109827642923e-02
1.345193370620750706e+01 5.311108911222631873e-02
1.346155473173372741e+01 5.312994005096654399e-02
1.347117575725994776e+01 5.313008042650126106e-02
1.348079678278616811e+01 5.311602679201397198e-02
1.349041780831239024e+01 5.310005097013276165e-02
1.350003883383861059e+01 5.310624320748832949e-02
1.350965985936483094e+01 5.314587181599488008e-02
1.351928088489105129e+01 5.318794161966623052e-02
1.352890191041727164e+01 5.319948216141157787e-02
1.353852293594349376e+01 5.318467393704889856e-02
1.354814396146971411e+01 5.316178818778301979e-02
1.355776498699593446e+01 5.314912291258222510e-02
1.356738601252215481e+01 5.316453984180920939e-02
1.357700703804837516e+01 5.320938931441739767e-02
1.358662806357459729e+01 5.326384634575365845e-02
1.359624908910081764e+01 5.331200842174632637e-02
1.360587011462703799e+01 5.335042073726485590e-02
1.361549114015325834e+01 5.337740794503779973e-02
1.362511216567948047e+01 5.339129344528609211e-02
1.363473319120570082e+01 5.339039869293218249e-02
1.364435421673192117e+01 5.337304226050511302e-02
1.365397524225814152e+01 5.333874797562110359e-02
1.366359626778436187e+01 5.331046192595050026e-02
1.367321729331058400e+01 5.333161617108336805e-02
1.368283831883680435e+01 5.340089641498099726e-02
1.369245934436302470e+01 5.344584186957335170e-02
1.370208036988924505e+01 5.342316891085382990e-02
1.371170139541546540e+01 5.338725471461318317e-02
1.372132242094168753e+01 5.339348409226893355e-02
1.373094344646790788e+01 5.341830891922352137e-02
1.374056447199412823e+01 5.341838486212787535e-02
1.375018549752034858e+01 5.339586028198612527e-02
1.375980652304657070e+01 5.337706350684907203e-02
1.376942754857279105e+01 5.337298605750791236e-02
1.377904857409901140e+01 5.338022451792262535e-02
1.378866959962523175e+01 5.339482515820144493e-02
1.379829062515145210e+01 5.341282368188413066e-02
1.380791165067767423e+01 5.343024876600552253e-02
1.381753267620389458e+01 5.344312522171834612e-02
1.382715370173011493e+01 5.344896318194864576e-02
1.383677472725633528e+01 5.345181396484454533e-02
1.384639575278255741e+01 5.345755662747258413e-02
1.385601677830877776e+01 5.347209522260268355e-02
1.386563780383499811e+01 5.349986414240070348e-02
1.387525882936121846e+01 5.352428808455635817e-02
1.388487985488743881e+01 5.351432815608052340e-02
1.389450088041366094e+01 5.347750474165101353e-02
1.390412190593988129e+01 5.346701685531642795e-02
1.391374293146610164e+01 5.350502513779999830e-02
1.392336395699232199e+01 5.355080905005907277e-02
1.393298498251854234e+01 5.356938569193526317e-02
1.394260600804476447e+01 5.356362680277466926e-02
1.395222703357098482e+01 5.354347681149457944e-02
1.396184805909720517e+01 5.351888888398304706e-02
1.397146908462342552e+01 5.349982161818678250e-02
1.398109011014964764e+01 5.349622232131807931e-02
1.399071113567586799e+01 5.351597946890787605e-02
1.400033216120208834e+01 5.353818391828180784e-02
1.400995318672830869e+01 5.352235009289933731e-02
1.401957421225452904e+01 5.347679388505530845e-02
1.402919523778075117e+01 5.346425689993313662e-02
1.403881626330697152e+01 5.350516633948195627e-02
1.404843728883319187e+01 5.354448141637940806e-02
1.405805831435941222e+01 5.354587810760271654e-02
1.406767933988563257e+01 5.353813295092216956e-02
1.407730036541185470e+01 5.354885317610839912e-02
1.408692139093807505e+01 5.356212042942067042e-02
1.409654241646429540e+01 5.355580784483809226e-02
1.410616344199051575e+01 5.353346587927047123e-02
1.411578446751673788e+01 5.350810757457127170e-02
1.412540549304295823e+01 5.349276054490131188e-02
1.413502651856917858e+01 5.349912153433317163e-02
1.414464754409539893e+01 5.351847670816199665e-02
1.415426856962161928e+01 5.352662068699056558e-02
1.416388959514784140e+01 5.351294075906704029e-02
1.417351062067406176e+01 5.348247911265849308e-02
1.418313164620028211e+01 5.344410946279639502e-02
1.419275267172650246e+01 5.341132508448124400e-02
1.420237369725272458e+01 5.339361076201348810e-02
1.421199472277894493e+01 5.339071777940678637e-02
1.422161574830516528e+01 5.340110549161607850e-02
1.423123677383138563e+01 5.342321771327517010e-02
1.424085779935760598e+01 5.345375777235816805e-02
1.425047882488382811e+01 5.348183074643227813e-02
1.426009985041004846e+01 5.349654181081980181e-02
1.426972087593626881e+01 5.349994858899197875e-02
1.427934190146248916e+01 5.349920764918911914e-02
1.428896292698870951e+01 5.350149929088343637e-02
1.429858395251493164e+01 5.351213849703355396e-02
1.430820497804115199e+01 5.350992182834523464e-02
1.431782600356737234e+01 5.345703841523494204e-02
1.432744702909359269e+01 5.338132330224259342e-02
1.433706805461981482e+01 5.337319594369767384e-02
1.434668908014603517e+01 5.343340973016183493e-02
1.435631010567225552e+01 5.344389524508076639e-02
1.436593113119847587e+01 5.335907467234759366e-02
1.437555215672469622e+01 5.327039688821046115e-02
1.438517318225091834e+01 5.324471878783444689e-02
1.439479420777713869e+01 5.326372249086171878e-02
1.440441523330335905e+01 5.329753426813204492e-02
1.441403625882957940e+01 5.331634210000881641e-02
1.442365728435579975e+01 5.330003295719155931e-02
1.443327830988202187e+01 5.326627178227310438e-02
1.444289933540824222e+01 5.324194256393718905e-02
1.445252036093446257e+01 5.325393258805782848e-02
1.446214138646068292e+01 5.331908078064296480e-02
1.447176241198690505e+01 5.338633681900190053e-02
1.448138343751312540e+01 5.338578662441777894e-02
1.449100446303934575e+01 5.332960373699938139e-02
1.450062548856556610e+01 5.327060784443560931e-02
1.451024651409178645e+01 5.323155266933771862e-02
1.451986753961800858e+01 5.321478908668639957e-02
1.452948856514422893e+01 5.321546759133978510e-02
1.453910959067044928e+01 5.322316662054555475e-02
1.454873061619666963e+01 5.322729879034041739e-02
1.455835164172288998e+01 5.321759756972044980e-02
1.456797266724911211e+01 5.319439667785881565e-02
1.457759369277533246e+01 5.317059135145254384e-02
1.458721471830155281e+01 5.315365849266096010e-02
1.459683574382777316e+01 5.314218500274246748e-02
1.460645676935399528e+01 5.313406505368566124e-02
1.461607779488021563e+01 5.312719177321659908e-02
1.462569882040643598e+01 5.311945718993080906e-02
1.463531984593265634e+01 5.310876424549601516e-02
1.464494087145887669e+01 5.309722292247794767e-02
1.465456189698509881e+01 5.309730708193211718e-02
1.466418292251131916e+01 5.311311527121159032e-02
1.467380394803753951e+01 5.311962778670226842e-02
1.468342497356375986e+01 5.309553517442998360e-02
1.469304599908998199e+01 5.305072100431926230e-02
1.470266702461620234e+01 5.300182765474468344e-02
1.471228805014242269e+01 5.296551296129162201e-02
1.472190907566864304e+01 5.295493369035617071e-02
1.473153010119486339e+01 5.296669914223711695e-02
1.474115112672108552e+01 5.299183751877776377e-02
1.475077215224730587e+01 5.301733434249349119e-02
1.476039317777352622e+01 5.302878915591768827e-02
1.477001420329974657e+01 5.301181394039038847e-02
1.477963522882596692e+01 5.295683865568177190e-02
1.478925625435218905e+01 5.288970519390159830e-02
1.479887727987840940e+01 5.284675523385987117e-02
1.480849830540462975e+01 5.281995692646689056e-02
1.481811933093085010e+01 5.278214006088820937e-02
1.482774035645707222e+01 5.273192619860243846e-02
1.483736138198329257e+01 5.268202606012091505e-02
1.484698240750951292e+01 5.264526161009622923e-02
1.485660343303573327e+01 5.263445589419463860e-02
1.486622445856195363e+01 5.266245260896924851e-02
1.487584548408817575e+01 5.273895334532026358e-02
1.488546650961439610e+01 5.283160715287190529e-02
1.489508753514061645e+01 5.288118092547496041e-02
1.490470856066683680e+01 5.287166003150622212e-02
1.491432958619305715e+01 5.282044704474377766e-02
1.492395061171927928e+01 5.274578266852957692e-02
1.493357163724549963e+01 5.266590844617568407e-02
1.494319266277171998e+01 5.259906731282761733e-02
1.495281368829794033e+01 5.256251398993789375e-02
1.496243471382416246e+01 5.255444838639390659e-02
1.497205573935038281e+01 5.255584106975696307e-02
1.498167676487660316e+01 5.254670951204302998e-02
1.499129779040282351e+01 5.250841806498189601e-02
1.500091881592904386e+01 5.245916604934969946e-02
1.501053984145526599e+01 5.245062517332457763e-02
1.502016086698148634e+01 5.247627445228182641e-02
1.502978189250770669e+01 5.247148060787612533e-02
1.503940291803392704e+01 5.241725249763296707e-02
1.504902394356014739e+01 5.234386690091356875e-02
1.505864496908636951e+01 5.227285626659321921e-02
1.506826599461258986e+01 5.221424313093585984e-02
1.507788702013881021e+01 5.217752673584053619e-02
1.508750804566503056e+01 5.217179739741200500e-02
1.509712907119125269e+01 5.219554863959550983e-02
1.510675009671747304e+01 5.223598267788533839e-02
1.511637112224369339e+01 5.227703820674590995e-02
1.512599214776991374e+01 5.230016460936594974e-02
1.513561317329613409e+01 5.229669413455124288e-02
1.514523419882235622e+01 5.226868956311886416e-02
1.515485522434857657e+01 5.222589837779602340e-02
1.516447624987479692e+01 5.218502497179871441e-02
1.517409727540101727e+01 5.215330275435259288e-02
1.518371830092723940e+01 5.212815052280168893e-02
1.519333932645345975e+01 5.210655631525264175e-02
1.520296035197968010e+01 5.208557485861906727e-02
1.521258137750590045e+01 5.206365469626439424e-02
1.522220240303212080e+01 5.204054751558855746e-02
1.523182342855834293e+01 5.201605760376363380e-02
1.524144445408456328e+01 5.198999081283631890e-02
1.525106547961078363e+01 5.196215188562212234e-02
1.526068650513700398e+01 5.193284236236543616e-02
1.527030753066322433e+01 5.191036804596174670e-02
1.527992855618944645e+01 5.190685887300374585e-02
1.528954958171566680e+01 5.189668861374199804e-02
1.529917060724188715e+01 5.183335134455466925e-02
1.530879163276810750e+01 5.177060558922395167e-02
1.531841265829432963e+01 5.181797200079168303e-02
1.532803368382054998e+01 5.190836780664810635e-02
1.533765470934677033e+01 5.187734279556564104e-02
1.534727573487299068e+01 5.175200368954122748e-02
1.535689676039921103e+01 5.166402825995779213e-02
1.536651778592543316e+01 5.163909386181802369e-02
1.537613881145165351e+01 5.164399030696543297e-02
1.538575983697787386e+01 5.164500063089647736e-02
1.539538086250409421e+01 5.161546428050496627e-02
1.540500188803031456e+01 5.157883916949269204e-02
1.541462291355653669e+01 5.157111413697850616e-02
1.542424393908275704e+01 5.156713360983674471e-02
1.543386496460897739e+01 5.152751858307355604e-02
1.544348599013519774e+01 5.146789137823377935e-02
1.545310701566141987e+01 5.141796130195987885e-02
1.546272804118764022e+01 5.138302516340363668e-02
1.547234906671386057e+01 5.136099102716028264e-02
1.548197009224008092e+01 5.134977519193503759e-02
1.549159111776630127e+01 5.134424057882114312e-02
1.550121214329252339e+01 5.132852588628696727e-02
1.551083316881874374e+01 5.129142723501339818e-02
1.552045419434496409e+01 5.124290284731265049e-02
1.553007521987118444e+01 5.119689889314239795e-02
1.553969624539740657e+01 5.116737616484639400e-02
1.554931727092362692e+01 5.116835889978802593e-02
1.555893829644984727e+01 5.121359020120497957e-02
1.556855932197606762e+01 5.128023355050289472e-02
1.557818034750228797e+01 5.127750484140064513e-02
1.558780137302851010e+01 5.117687448896796748e-02
1.559742239855473045e+01 5.106023316124493061e-02
1.560704342408095080e+01 5.097926961226563469e-02
1.561666444960717115e+01 5.093178436488293714e-02
1.562628547513339150e+01 5.091179581048251024e-02
1.563590650065961363e+01 5.091303826065255583e-02
1.564552752618583398e+01 5.092343372094142867e-02
1.565514855171205433e+01 5.092623774293863342e-02
1.566476957723827468e+01 5.091653789731146601e-02
1.567439060276449680e+01 5.089879932984536087e-02
1.568401162829071716e+01 5.087773366640793715e-02
1.569363265381693751e+01 5.085804692582004266e-02
1.570325367934315786e+01 5.084443240400978586e-02
1.571287470486937821e+01 5.083930747733865496e-02
1.572249573039560033e+01 5.082967313362003053e-02
1.573211675592182068e+01 5.079615293832936973e-02
1.574173778144804103e+01 5.071936452752186936e-02
1.575135880697426138e+01 5.059842675579799554e-02
1.576097983250048173e+01 5.050992974664453294e-02
1.577060085802670386e+01 5.051581661484499247e-02
1.578022188355292421e+01 5.056496559897705884e-02
1.578984290907914456e+01 5.059941328337643623e-02
1.579946393460536491e+01 5.060076618312219637e-02
1.580908496013158704e+01 5.056720209683232548e-02
1.581870598565780739e+01 5.051736371402738845e-02
1.582832701118402774e+01 5.047224105617958284e-02
1.583794803671024809e+01 5.045182760392623311e-02
1.584756906223646844e+01 5.044501162130428373e-02
1.585719008776269057e+01 5.040655735113429986e-02
1.586681111328891092e+01 5.033957925892067198e-02
1.587643213881513127e+01 5.029081604133914946e-02
1.588605316434135162e+01 5.027286247177934625e-02
1.589567418986757197e+01 5.027285098554662435e-02
1.590529521539379409e+01 5.027736699569752138e-02
1.591491624092001445e+01 5.027299473996556939e-02
1.592453726644623480e+01 5.024632010898041901e-02
1.593415829197245515e+01 5.019108109455241301e-02
1.594377931749867727e+01 5.013530930371008082e-02
1.595340034302489762e+01 5.010564039730376618e-02
1.596302136855111797e+01 5.008816266873791084e-02
1.597264239407733832e+01 5.006016503600561884e-02
1.598226341960355867e+01 4.999919975675252981e-02
1.599188444512978080e+01 4.991149926612246934e-02
1.600150547065599937e+01 4.985564733700054846e-02
1.601112649618222150e+01 4.985784743470796782e-02
1.602074752170844008e+01 4.989207284894325856e-02
1.603036854723466220e+01 4.992851126315631105e-02
1.603998957276088433e+01 4.993887484545433270e-02
1.604961059828710290e+01 4.991618070232731880e-02
1.605923162381332503e+01 4.986919158107457756e-02
1.606885264933954360e+01 4.980703786642862174e-02
1.607847367486576573e+01 4.973884839353073101e-02
1.608809470039198786e+01 4.967375084268941393e-02
1.609771572591820643e+01 4.961918886020693503e-02
1.610733675144442856e+01 4.957549119231750845e-02
1.611695777697064713e+01 4.954110645482165398e-02
1.612657880249686926e+01 4.951448262545269513e-02
1.613619982802309138e+01 4.949406732340017739e-02
1.614582085354930996e+01 4.947830798597247642e-02
1.615544187907553209e+01 4.946565195333381404e-02
1.616506290460175421e+01 4.945456171394155276e-02
1.617468393012797279e+01 4.944385078986997945e-02
1.618430495565419491e+01 4.943265389059622872e-02
1.619392598118041349e+01 4.941973218605173052e-02
1.620354700670663561e+01 4.940357556445262172e-02
1.621316803223285774e+01 4.938267039696977306e-02
1.622278905775907631e+01 4.935550314348090967e-02
1.623241008328529844e+01 4.932055609975520560e-02
1.624203110881151702e+01 4.927697347550188262e-02
1.625165213433773914e+01 4.922620772668873795e-02
1.626127315986396127e+01 4.917022979325905152e-02
1.627089418539017984e+01 4.911120359699427257e-02
1.628051521091640197e+01 4.906159754769783693e-02
1.629013623644262054e+01 4.904817641945174306e-02
1.629975726196884267e+01 4.906281990686858774e-02
1.630937828749506480e+01 4.906256565851838114e-02
1.631899931302128337e+01 4.903865267616123319e-02
1.632862033854750550e+01 4.900622294998273343e-02
1.633824136407372407e+01 4.897056088037428367e-02
1.634786238959994620e+01 4.893209867336638375e-02
1.635748341512616832e+01 4.889123960023342153e-02
1.636710444065238690e+01 4.884882016831614687e-02
1.637672546617860903e+01 4.880697979936756553e-02
1.638634649170482760e+01 4.876810227466928105e-02
1.639596751723104973e+01 4.873457077825155137e-02
1.640558854275727185e+01 4.870876801142253604e-02
1.641520956828349043e+01 4.869307628988699121e-02
1.642483059380971255e+01 4.868987762205188169e-02
1.643445161933593468e+01 4.869876093664453343e-02
1.644407264486215325e+01 4.869371232671216437e-02
1.645369367038837538e+01 4.864625645897661249e-02
1.646331469591459395e+01 4.858894755607382626e-02
1.647293572144081608e+01 4.855995785979655421e-02
1.648255674696703821e+01 4.854822577212022233e-02
1.649217777249325678e+01 4.853261883454274006e-02
1.650179879801947891e+01 4.849263626056733029e-02
1.651141982354569748e+01 4.843157895128572671e-02
1.652104084907191961e+01 4.838185460332265070e-02
1.653066187459814174e+01 4.835450580917587116e-02
1.654028290012436031e+01 4.834146675144361527e-02
1.654990392565058244e+01 4.833408884789548721e-02
1.655952495117680101e+01 4.832373231636881428e-02
1.656914597670302314e+01 4.830178807209758313e-02
1.657876700222924526e+01 4.826338083433536624e-02
1.658838802775546384e+01 4.821435928810605120e-02
1.659800905328168596e+01 4.816248779831387716e-02
1.660763007880790454e+01 4.811536419767518946e-02
1.661725110433412667e+01 4.807634114366152178e-02
1.662687212986034879e+01 4.804421177744052501e-02
1.663649315538656737e+01 4.801754489490304284e-02
1.664611418091278949e+01 4.799490996344869809e-02
1.665573520643901162e+01 4.797487720501423386e-02
1.666535623196523019e+01 4.795601752593009470e-02
1.667497725749145232e+01 4.793690229238799921e-02
1.668459828301767089e+01 4.791610295011618920e-02
1.669421930854389302e+01 4.789219048693345304e-02
1.670384033407011515e+01 4.786373473719643390e-02
1.671346135959633372e+01 4.782930352776699340e-02
1.672308238512255585e+01 4.778746166601795242e-02
1.673270341064877442e+01 4.773801430623639958e-02
1.674232443617499655e+01 4.768987233186070679e-02
1.675194546170121868e+01 4.765600849415100454e-02
1.676156648722743725e+01 4.764928992608812724e-02
1.677118751275365938e+01 4.766109505195840340e-02
1.678080853827987795e+01 4.763658608895163238e-02
1.679042956380610008e+01 4.756580525934409054e-02
1.680005058933231865e+01 4.750250560391382909e-02
1.680967161485854078e+01 4.746778410227453504e-02
1.681929264038476290e+01 4.745438634344023576e-02
1.682891366591098148e+01 4.745429610865638942e-02
1.683853469143720361e+01 4.745947921648752815e-02
1.684815571696342218e+01 4.746190710597630175e-02
1.685777674248964431e+01 4.745356733453562348e-02
1.686739776801586643e+01 4.742674378887324488e-02
1.687701879354208501e+01 4.738268371642385957e-02
1.688663981906830713e+01 4.733321302155505533e-02
1.689626084459452571e+01 4.729076998245409363e-02
1.690588187012074783e+01 4.726556351457551070e-02
1.691550289564696996e+01 4.725424803347796909e-02
1.692512392117318853e+01 4.724839380970641267e-02
1.693474494669941066e+01 4.723960423685637927e-02
1.694436597222563279e+01 4.722290543760856996e-02
1.695398699775185136e+01 4.719917546089589383e-02
1.696360802327807349e+01 4.716986660833329820e-02
1.697322904880429206e+01 4.713643240051546696e-02
1.698285007433051419e+01 4.710032754429161611e-02
1.699247109985673632e+01 4.706300774138511694e-02
1.700209212538295489e+01 4.702592933847098838e-02
1.701171315090917702e+01 4.699054881890500635e-02
1.702133417643539559e+01 4.695828805019090085e-02
1.703095520196161772e+01 4.692933826992753271e-02
1.704057622748783984e+01 4.690234586655843418e-02
1.705019725301405842e+01 4.687585921399065741e-02
1.705981827854028055e+01 4.684842748142586250e-02
1.706943930406649912e+01 4.681860142313924028e-02
1.707906032959272125e+01 4.678542960282624369e-02
1.708868135511894337e+01 4.674941998124330228e-02
1.709830238064516195e+01 4.671134674762542072e-02
1.710792340617138407e+01 4.667198381063944468e-02
1.711754443169760265e+01 4.663210488198506198e-02
1.712716545722382477e+01 4.659248354846588780e-02
1.713678648275004690e+01 4.655389333244871336e-02
1.714640750827626547e+01 4.651710774066089571e-02
1.715602853380248760e+01 4.648289230137160610e-02
1.716564955932870618e+01 4.645134490478931844e-02
1.717527058485492830e+01 4.642140305934153166e-02
1.718489161038115043e+01 4.639188524187713714e-02
1.719451263590736900e+01 4.636186437234533775e-02
1.720413366143359113e+01 4.633250800252419060e-02
1.721375468695981326e+01 4.630600482168988757e-02
1.722337571248603183e+01 4.628457677779190815e-02
1.723299673801225396e+01 4.627045804008852320e-02
1.724261776353847253e+01 4.626585887817619841e-02
1.725223878906469466e+01 4.627290805523457534e-02
1.726185981459091678e+01 4.629087290633854962e-02
1.727148084011713536e+01 4.629727573807544683e-02
1.728110186564335748e+01 4.627034609159833695e-02
1.729072289116957606e+01 4.622804181634346254e-02
1.730034391669579819e+01 4.618862221460305617e-02
1.730996494222202031e+01 4.615365352759077250e-02
1.731958596774823889e+01 4.612285704596630342e-02
1.732920699327446101e+01 4.609588694454181540e-02
1.733882801880067959e+01 4.607235465782417994e-02
1.734844904432690171e+01 4.605184921573070300e-02
1.735807006985312384e+01 4.603395359348939897e-02
1.736769109537934241e+01 4.601825710194422381e-02
1.737731212090556454e+01 4.600436382212799019e-02
1.738693314643178311e+01 4.599189707094240159e-02
1.739655417195800524e+01 4.598049013693940312e-02
1.740617519748422737e+01 4.596972543858251353e-02
1.741579622301044594e+01 4.595915908262594718e-02
1.742541724853666807e+01 4.594834359677710950e-02
1.743503827406289020e+01 4.593682841632434899e-02
1.744465929958910877e+01 4.592416028607218537e-02
1.745428032511533090e+01 4.590988363821685986e-02
1.746390135064154947e+01 4.589354094631685477e-02
1.747352237616777160e+01 4.587467305542218543e-02
1.748314340169399372e+01 4.585281948834792065e-02
1.749276442722021230e+01 4.582751872800588239e-02
1.750238545274643442e+01 4.579830847564995977e-02
1.751200647827265300e+01 4.576472588484051252e-02
1.752162750379887513e+01 4.572630777089381482e-02
1.753124852932509725e+01 4.568259079555546387e-02
1.754086955485131583e+01 4.563311162661925352e-02
1.755049058037753795e+01 4.557740707220726828e-02
1.756011160590375653e+01 4.551519028158926977e-02
1.756973263142997865e+01 4.544902910953325936e-02
1.757935365695620078e+01 4.538380774966711134e-02
1.758897468248241935e+01 4.532447867831009003e-02
1.759859570800864148e+01 4.527599551367646191e-02
1.760821673353486005e+01 4.524319110747049982e-02
1.761783775906108218e+01 4.522699073406864778e-02
1.762745878458730431e+01 4.522366572314624050e-02
1.763707981011352288e+01 4.522921501489197277e-02
1.764670083563974501e+01 4.523962649676427361e-02
1.765632186116596358e+01 4.525084493494570953e-02
1.766594288669218571e+01 4.525880454114145773e-02
1.767556391221840784e+01 4.525963798754422535e-02
1.768518493774462641e+01 4.525253384357891956e-02
1.769480596327084854e+01 4.523907732614745880e-02
1.770442698879707066e+01 4.522091790852731524e-02
1.771404801432328924e+01 4.519970509212676429e-02
1.772366903984951136e+01 4.517708842912539213e-02
1.773329006537572994e+01 4.515471753866259763e-02
1.774291109090195206e+01 4.513407728378768247e-02
1.775253211642817419e+01 4.511534494386425231e-02
1.776215314195439277e+01 4.509807481659949824e-02
1.777177416748061489e+01 4.508181740401700360e-02
1.778139519300683347e+01 4.506612323871148768e-02
1.779101621853305559e+01 4.505054288686804326e-02
1.780063724405927772e+01 4.503462695063370491e-02
1.781025826958549629e+01 4.501792606981558365e-02
1.781987929511171842e+01 4.499999092287746555e-02
1.782950032063793699e+01 4.498037222720446121e-02
1.783912134616415912e+01 4.495862073860313474e-02
1.784874237169038125e+01 4.493428725000499918e-02
1.785836339721659982e+01 4.490692258933965536e-02
1.786798442274282195e+01 4.487607965582669778e-02
1.787760544826904052e+01 4.484163779677765443e-02
1.788722647379526265e+01 4.480415847764290110e-02
1.789684749932148478e+01 4.476428872035421308e-02
1.790646852484770335e+01 4.472267557124911391e-02
1.791608955037392548e+01 4.467996610099256999e-02
1.792571057590014760e+01 4.463680740384761564e-02
1.793533160142636618e+01 4.459384659630365871e-02
1.794495262695258830e+01 4.455173081506817040e-02
1.795457365247880688e+01 4.451110721442572832e-02
1.796419467800502900e+01 4.447262296296637663e-02
1.797381570353125113e+01 4.443692523968263003e-02
1.798343672905746971e+01 4.440466122943265842e-02
1.799305775458369183e+01 4.437647811776480183e-02
1.800267878010991041e+01 4.435302308509623398e-02
1.801229980563613253e+01 4.433494330023649704e-02
1.802192083116235466e+01 4.432288591324397981e-02
1.803154185668857323e+01 4.431749804760114902e-02
1.804116288221479536e+01 4.431942679169135341e-02
1.805078390774101393e+01 4.432893611687042240e-02
1.806040493326723606e+01 4.434290918402072901e-02
1.807002595879345819e+01 4.435646828958089705e-02
1.807964698431967676e+01 4.436479973775617203e-02
1.808926800984589889e+01 4.436608381814072938e-02
1.809888903537211746e+01 4.436233238225292114e-02
1.810851006089833959e+01 4.435580840631941218e-02
1.811813108642456172e+01 4.434830439764576165e-02
1.812775211195078029e+01 4.434008970020381774e-02
1.813737313747700242e+01 4.433112654369234656e-02
1.814699416300322099e+01 4.432137704260300654e-02
1.815661518852944312e+01 4.431080320696723085e-02
1.816623621405566524e+01 4.429936695083693671e-02
1.817585723958188382e+01 4.428703009856375244e-02
1.818547826510810594e+01 4.427375438893085130e-02
1.819509929063432807e+01 4.425950147718515915e-02
1.820472031616054664e+01 4.424423295792070249e-02
1.821434134168676877e+01 4.422793725051935715e-02
1.822396236721298735e+01 4.421068162668335272e-02
1.823358339273920947e+01 4.419254775679961472e-02
1.824320441826543160e+01 4.417361733283796388e-02
1.825282544379165017e+01 4.415397206939319225e-02
1.826244646931787230e+01 4.413369370456361740e-02
1.827206749484409087e+01 4.411286400066691260e-02
1.828168852037031300e+01 4.409156474479543342e-02
1.829130954589653513e+01 4.406987774921239387e-02
1.830093057142275370e+01 4.404788485159126521e-02
1.831055159694897583e+01 4.402566791510066635e-02
1.832017262247519440e+01 4.400330882833711210e-02
1.832979364800141653e+01 4.398088950510808948e-02
1.833941467352763866e+01 4.395849188406808494e-02
1.834903569905385723e+01 4.393619792821022024e-02
1.835865672458007936e+01 4.391408962421572415e-02
1.836827775010629793e+01 4.389224898166437655e-02
1.837789877563252006e+01 4.387075803210761793e-02
1.838751980115874218e+01 4.384969882800728719e-02
1.839714082668496076e+01 4.382915344154167392e-02
1.840676185221118288e+01 4.380920396328114724e-02
1.841638287773740501e+01 4.378993250073490856e-02
1.842600390326362358e+01 4.377142117677067235e-02
1.843562492878984571e+01 4.375375212790800356e-02
1.844524595431606429e+01 4.373700750248683128e-02
1.845486697984228641e+01 4.372126945871127046e-02
1.846448800536850854e+01 4.370662016256929294e-02
1.847410903089472711e+01 4.369314202467777797e-02
1.848373005642094924e+01 4.368103334689712319e-02
1.849335108194716781e+01 4.367079407779160538e-02
1.850297210747338994e+01 4.366297207737566966e-02
1.851259313299961207e+01 4.365797470396571428e-02
1.852221415852583064e+01 4.365541258482640019e-02
1.853183518405205277e+01 4.365461487158025372e-02
1.854145620957827134e+01 4.365491097584964925e-02
1.855107723510449347e+01 4.365563106368394036e-02
1.856069826063071559e+01 4.365610614499595282e-02
1.857031928615693417e+01 4.365567444083270215e-02
1.857994031168315630e+01 4.365396434253685648e-02
1.858956133720937487e+01 4.365100692235952123e-02
1.859918236273559700e+01 4.364686284035351055e-02
1.860880338826181912e+01 4.364159260326534728e-02
1.861842441378803770e+01 4.363525658051402994e-02
1.862804543931425982e+01 4.362791501903378472e-02
1.863766646484047840e+01 4.361962805696464190e-02
1.864728749036670052e+01 4.361045573617593207e-02
1.865690851589292265e+01 4.360045801360992734e-02
1.866652954141914122e+01 4.358969477143456034e-02
1.867615056694536335e+01 4.357822582599519406e-02
1.868577159247158548e+01 4.356611093555714381e-02
1.869539261799780405e+01 4.355340980683184565e-02
1.870501364352402618e+01 4.354018210028039182e-02
1.871463466905024475e+01 4.352648743418970068e-02
1.872425569457646688e+01 4.351238538751669299e-02
1.873387672010268901e+01 4.349793550149710919e-02
1.874349774562890758e+01 4.348319728001598383e-02
1.875311877115512971e+01 4.346823018873718220e-02
1.876273979668134828e+01 4.345309365298963278e-02
1.877236082220757041e+01 4.343784705440820876e-02
1.878198184773379253e+01 4.342254972632728083e-02
1.879160287326001111e+01 4.340726094792423523e-02
1.880122389878623324e+01 4.339203993711094470e-02
1.881084492431245181e+01 4.337694584216986171e-02
1.882046594983867394e+01 4.336203773213131996e-02
1.883008697536489606e+01 4.334737458588801967e-02
1.883970800089111464e+01 4.333301528004127046e-02
1.884932902641733676e+01 4.331901857547315604e-02
1.885895005194355534e+01 4.330544310263759883e-02
1.886857107746977746e+01 4.329234734556134528e-02
1.887819210299599959e+01 4.327978962454571282e-02
1.888781312852221816e+01 4.326782807755663596e-02
1.889743415404844029e+01 4.325652064029093108e-02
1.890705517957466242e+01 4.324592502490268164e-02
1.891667620510088099e+01 4.323609869737325001e-02
1.892629723062710312e+01 4.322709627383026360e-02
1.893591825615332169e+01 4.321884958779657893e-02
1.894553928167954382e+01 4.321111770459248186e-02
1.895516030720576595e+01 4.320364831497195551e-02
1.896478133273198452e+01 4.319625896938337345e-02
1.897440235825820665e+01 4.318892818768992059e-02
1.898402338378442522e+01 4.318165740260005575e-02
1.899364440931064735e+01 4.317444796238477378e-02
1.900326543483686947e+01 4.316730113447288936e-02
1.901288646036308805e+01 4.316021810897103378e-02
1.902250748588931017e+01 4.315320000210701168e-02
1.903212851141552875e+01 4.314624785959563641e-02
1.904174953694175088e+01 4.313936265992570490e-02
1.905137056246797300e+01 4.313254531756739729e-02
1.906099158799419158e+01 4.312579668609893557e-02
1.907061261352041370e+01 4.311911756125171719e-02
1.908023363904663228e+01 4.311250868387291046e-02
1.908985466457285440e+01 4.310597074280488744e-02
1.909947569009907653e+01 4.309950437768041154e-02
1.910909671562529510e+01 4.309311018163317769e-02
1.911871774115151723e+01 4.308678870392266408e-02
1.912833876667773936e+01 4.308054045247289299e-02
1.913795979220395793e+01 4.307436589632433060e-02
1.914758081773018006e+01 4.306826546799836369e-02
1.915720184325639863e+01 4.306223956577373557e-02
1.916682286878262076e+01 4.305628855587470549e-02
1.917644389430884289e+01 4.305041277456984200e-02
1.918606491983506146e+01 4.304461253018187356e-02
1.919568594536128359e+01 4.303888810500718087e-02
1.920530697088750216e+01 4.303323975714553468e-02
1.921492799641372429e+01 4.302766772223871189e-02
1.922454902193994641e+01 4.302217221511880213e-02
1.923417004746616499e+01 4.301675343136460161e-02
1.924379107299238711e+01 4.301141154876712835e-02
1.925341209851860569e+01 4.300614672870289867e-02
1.926303312404482782e+01 4.300095911741552701e-02
1.927265414957104994e+01 4.299584884720505235e-02
1.928227517509726852e+01 4.299081603752478997e-02
1.929189620062349064e+01 4.298586079598588905e-02
1.930151722614970922e+01 4.298098321926897836e-02
1.931113825167593134e+01 4.297618339394327497e-02
1.932075927720215347e+01 4.297146139719261460e-02
1.933038030272837204e+01 4.296681729744859096e-02
1.934000132825459417e+01 4.296225115493067931e-02
1.934962235378081274e+01 4.295776302209316361e-02
1.935924337930703487e+01 4.295335294397899240e-02
1.936886440483325700e+01 4.294902095848043833e-02
1.937848543035947557e+01 4.294476709650645041e-02
1.938810645588569770e+01 4.294059138205696957e-02
1.939772748141191983e+01 4.293649383220369403e-02
1.940734850693813840e+01 4.293247445697791903e-02
1.941696953246436053e+01 4.292853325916493740e-02
1.942659055799057910e+01 4.292467023400520915e-02
1.943621158351680123e+01 4.292088536880239724e-02
1.944583260904302335e+01 4.291717864243802666e-02
1.945545363456924193e+01 4.291355002479306513e-02
1.946507466009546405e+01 4.290999947607616882e-02
1.947469568562168263e+01 4.290652694605876644e-02
1.948431671114790475e+01 4.290313237321700945e-02
1.949393773667412688e+01 4.289981568378033183e-02
1.950355876220034546e+01 4.289657679068692442e-02
1.951317978772656758e+01 4.289341559244592289e-02
1.952280081325278616e+01 4.289033197190627450e-02
1.953242183877900828e+01 4.288732579493238772e-02
1.954204286430523041e+01 4.288439690898636358e-02
1.955166388983144898e+01 4.288154514161668374e-02
1.956128491535767111e+01 4.287877029885377861e-02
1.957090594088388968e+01 4.287607216351154577e-02
1.958052696641011181e+01 4.287345049339544301e-02
1.959014799193633394e+01 4.287090501941683701e-02
1.959976901746255251e+01 4.286843544361314956e-02
1.960939004298877464e+01 4.286604143707411357e-02
1.961901106851499677e+01 4.286372263777361163e-02
1.962863209404121534e+01 4.286147864830705534e-02
1.963825311956743747e+01 4.285930903353409038e-02
1.964787414509365604e+01 4.285721331812616941e-02
1.965749517061987817e+01 4.285519098401904814e-02
1.966711619614610029e+01 4.285324146776964271e-02
1.967673722167231887e+01 4.285136415781691521e-02
1.968635824719854099e+01 4.284955839164664160e-02
1.969597927272475957e+01 4.284782345285947230e-02
1.970560029825098169e+01 4.284615856814182056e-02
1.971522132377720382e+01 4.284456290413932167e-02
1.972484234930342240e+01 4.284303556423220416e-02
1.973446337482964452e+01 4.284157558521215631e-02
1.974408440035586310e+01 4.284018193385993184e-02
1.975370542588208522e+01 4.283885350342327147e-02
1.976332645140830735e+01 4.283758910999446723e-02
1.977294747693452592e+01 4.283638748878669522e-02
1.978256850246074805e+01 4.283524729030876999e-02
1.979218952798696662e+01 4.283416707643696725e-02
